0.520000000795
0.476666666567
0.486666665723
0.493333333482
0.443333332737
0.453333333135
0.463333333532
0.459999999652
0.566666666418
0.473333332688
0.486666665723
0.49666666612
0.493333333482
0.446666666617
0.460000000894
0.486666666965
0.466666667412
0.473333332688
0.486666665723
0.473333333929
0.506666666518
0.490000000844
0.450000000497
0.46666666617
0.463333333532
0.450000000497
0.46666666617
0.463333333532
0.47000000005
0.479999999205
0.479999999205
0.486666666965
0.509999999156
0.493333333482
0.526666667312
0.486666666965
0.523333333433
0.516666666915
0.540000000348
0.493333333482
0.483333333085
0.47000000005
0.489999999603
0.479999999205
0.486666665723
0.456666665773
0.526666666071
0.483333334327
0.463333333532
0.483333334327
0.483333333085
0.490000000844
0.456666667014
0.476666667809
0.46666666617
0.509999999156
0.49666666612
0.476666666567
0.46666666617
0.476666666567
0.469999998808
0.486666666965
0.476666666567
0.47000000005
0.479999999205
0.480000000447
0.486666665723
0.56333333378
0.479999999205
0.5
0.486666666965
0.463333333532
0.523333333433
0.506666666518
0.49666666612
0.493333333482
0.480000000447
0.440000000099
0.473333333929
0.489999999603
0.503333332638
0.450000000497
0.506666666518
0.510000000397
0.516666666915
0.463333333532
0.463333333532
0.486666666965
0.540000000348
0.506666666518
0.476666666567
0.463333333532
0.5
0.5
0.459999999652
0.453333333135
0.486666666965
0.47000000005
0.496666667362
0.479999999205
0.450000000497
0.479999999205
0.479999999205
0.539999999106
0.539999999106
0.623333333681
0.50333333388
0.526666666071
0.47000000005
0.473333333929
0.453333333135
0.46333333229
0.50333333388
0.489999999603
0.5
0.43666666622
0.463333333532
0.473333333929
0.476666666567
0.480000000447
0.483333333085
0.503333332638
0.486666666965
0.456666665773
0.456666667014
0.50333333388
0.483333334327
0.419999999305
0.483333333085
0.47000000005
0.483333333085
0.493333333482
0.486666666965
0.466666667412
0.479999999205
0.506666666518
0.463333333532
0.473333333929
0.456666667014
0.47000000005
0.446666666617
0.479999999205
0.456666665773
0.489999999603
0.493333333482
0.496666667362
0.456666667014
0.476666666567
0.49666666612
0.489999999603
0.480000000447
0.486666665723
0.510000000397
0.46666666617
0.476666666567
0.476666666567
0.493333333482
0.459999999652
0.453333333135
0.489999999603
0.476666666567
0.47000000005
0.479999999205
0.493333332241
0.536666666468
0.46666666617
0.453333333135
0.446666666617
0.483333333085
0.49666666612
0.473333332688
0.506666666518
0.479999999205
0.483333333085
0.493333333482
0.479999999205
0.519999999553
0.490000000844
0.5
0.5
0.460000000894
0.466666667412
0.49666666612
0.46666666617
0.479999999205
0.493333332241
0.480000000447
0.509999999156
0.466666667412
0.440000000099
0.510000000397
0.526666667312
0.440000000099
0.473333333929
0.473333332688
0.473333333929
0.476666666567
0.466666667412
0.490000000844
0.480000000447
0.476666666567
0.46666666617
0.49666666612
0.489999999603
0.486666665723
0.493333333482
0.449999999255
0.486666666965
0.473333333929
0.483333333085
0.483333333085
0.493333333482
0.473333333929
0.459999999652
0.493333333482
0.5
0.5
0.463333333532
0.513333334277
0.489999999603
0.510000000397
0.506666666518
0.509999999156
0.449999999255
0.473333332688
0.459999999652
0.453333333135
0.456666667014
0.473333333929
0.473333333929
0.473333333929
0.473333332688
0.459999999652
0.476666666567
0.473333332688
0.5
0.483333333085
0.47000000005
0.483333333085
0.46333333229
0.476666666567
0.476666666567
0.473333333929
0.479999999205
0.516666666915
0.496666667362
0.473333332688
0.506666666518
0.49666666612
0.516666666915
0.503333332638
0.443333333979
0.476666667809
0.480000000447
0.46666666617
0.47000000005
0.479999999205
0.476666667809
0.476666666567
0.546666665624
0.549999999503
0.556666666021
0.47000000005
0.489999999603
0.480000000447
0.479999999205
0.473333332688
0.459999999652
0.47000000005
0.456666667014
0.456666667014
0.459999999652
0.47000000005
0.493333333482
0.493333333482
0.473333333929
0.47000000005
0.463333333532
0.493333333482
0.473333333929
0.476666666567
0.466666667412
0.486666665723
0.480000000447
0.476666666567
0.489999999603
0.5
0.463333333532
0.489999999603
0.49666666612
0.486666666965
0.47000000005
0.46666666617
0.506666667759
0.506666666518
0.473333332688
0.493333333482
0.663333332787
0.493333332241
0.489999999603
0.46666666617
0.479999999205
0.473333332688
0.506666666518
0.440000000099
0.459999999652
0.466666667412
0.540000000348
0.50333333388
0.5
0.466666667412
0.483333333085
0.46333333229
0.489999999603
0.49666666612
0.483333333085
0.476666666567
0.453333333135
0.476666666567
0.476666666567
0.479999999205
0.479999999205
0.483333333085
0.526666666071
0.543333332986
0.516666665673
0.459999999652
0.503333332638
0.49666666612
0.47000000005
0.473333332688
0.489999999603
0.46666666617
0.459999999652
0.473333333929
0.506666666518
0.483333333085
0.489999999603
0.513333333035
0.479999999205
0.5
0.50333333388
0.479999999205
0.459999999652
0.473333332688
0.463333333532
0.496666667362
0.50333333388
0.506666667759
0.53333333383
0.493333333482
0.513333333035
0.47000000005
0.463333333532
0.489999999603
0.483333334327
0.473333333929
0.506666666518
0.483333334327
0.483333333085
0.489999999603
0.566666666418
0.496666667362
0.47000000005
0.476666667809
0.486666666965
0.47000000005
0.480000000447
0.483333333085
0.486666666965
0.486666665723
0.486666666965
0.453333333135
0.453333333135
0.476666666567
0.47000000005
0.466666667412
0.459999999652
0.486666666965
0.486666666965
0.489999999603
0.480000000447
0.489999999603
0.459999999652
0.456666667014
0.47000000005
0.480000000447
0.466666667412
0.46666666617
0.486666666965
0.453333333135
0.483333333085
0.483333334327
0.476666666567
0.463333333532
0.480000000447
0.493333333482
0.50333333388
0.473333332688
0.476666666567
0.49666666612
0.513333333035
0.463333333532
0.456666667014
0.5
0.496666667362
0.463333333532
0.456666667014
0.46666666617
0.513333333035
0.480000000447
0.489999999603
0.486666665723
0.486666666965
0.506666666518
0.486666666965
0.480000000447
0.486666666965
0.5
0.489999999603
0.5
0.49666666612
0.473333333929
0.476666666567
0.486666666965
0.479999999205
0.486666666965
0.5
0.5
0.480000000447
0.463333333532
0.483333333085
0.483333333085
0.47000000005
0.453333333135
0.5
0.473333332688
0.489999999603
0.506666666518
0.486666666965
0.526666667312
0.466666667412
0.480000000447
0.5
0.463333333532
0.483333333085
0.480000000447
0.476666666567
0.480000000447
0.480000000447
0.483333334327
0.486666665723
0.526666667312
0.50333333388
0.449999999255
0.489999999603
0.483333333085
0.486666666965
0.490000000844
0.480000000447
0.486666666965
0.473333332688
0.476666666567
0.459999999652
0.489999999603
0.533333332588
0.5
0.473333333929
0.456666665773
0.536666666468
0.523333333433
0.509999999156
0.593333333731
0.480000000447
0.47000000005
0.49666666612
0.559999999901
0.583333333333
0.589999999851
0.463333333532
0.486666666965
0.483333333085
0.479999999205
0.526666667312
0.503333332638
0.483333333085
0.516666666915
0.47000000005
0.47000000005
0.47000000005
0.46666666617
0.493333332241
0.5
0.480000000447
0.460000000894
0.466666667412
0.473333333929
0.479999999205
0.483333334327
0.493333333482
0.473333333929
0.446666666617
0.483333333085
0.453333333135
0.480000000447
0.46666666617
0.46666666617
0.480000000447
0.50333333388
0.46666666617
0.473333333929
0.459999999652
0.506666666518
0.483333333085
0.47000000005
0.489999999603
0.476666666567
0.483333333085
0.473333333929
0.473333332688
0.5
0.493333333482
0.476666666567
0.473333333929
0.47000000005
0.47000000005
0.443333332737
0.5
0.486666666965
0.476666666567
0.460000000894
0.47000000005
0.453333334376
0.466666667412
0.476666666567
0.480000000447
0.490000000844
0.423333333184
0.453333333135
0.46666666617
0.476666666567
0.463333333532
0.480000000447
0.513333334277
0.476666666567
0.440000000099
0.460000000894
0.459999999652
0.47000000005
0.47000000005
0.480000000447
0.466666667412
0.483333333085
0.459999999652
0.473333332688
0.480000000447
0.46666666617
0.460000000894
0.459999999652
0.480000000447
0.47000000005
0.47000000005
0.473333333929
0.463333333532
0.479999999205
0.493333333482
0.47000000005
0.47000000005
0.443333332737
0.46333333229
0.476666666567
0.479999999205
0.493333333482
0.483333333085
0.540000000348
0.5
0.496666667362
0.510000000397
0.493333333482
0.5
0.476666666567
0.476666666567
0.463333333532
0.473333332688
0.486666666965
0.536666666468
0.459999999652
0.473333333929
0.50333333388
0.49666666612
0.493333333482
0.466666667412
0.493333333482
0.586666667213
0.513333333035
0.459999999652
0.50333333388
0.513333333035
0.5
0.483333333085
0.479999999205
0.463333333532
0.479999999205
0.466666667412
0.459999999652
0.513333333035
0.47000000005
0.459999999652
0.47000000005
0.47000000005
0.479999999205
0.5
0.473333332688
0.47000000005
0.46666666617
0.526666667312
0.606666666766
0.473333332688
0.46666666617
0.493333333482
0.516666666915
0.446666666617
0.473333333929
0.496666667362
0.476666666567
0.476666666567
0.50333333388
0.486666666965
0.476666666567
0.5
0.463333333532
0.456666667014
0.450000000497
0.420000000546
0.483333333085
0.456666667014
0.47000000005
0.483333333085
0.453333333135
0.466666667412
0.473333332688
0.493333333482
0.486666666965
0.476666666567
0.47000000005
0.46666666617
0.463333333532
0.516666666915
0.506666666518
0.476666666567
0.493333333482
0.486666666965
0.493333333482
0.459999999652
0.49666666612
0.483333333085
0.483333333085
0.483333333085
0.483333333085
0.489999999603
0.473333333929
0.473333332688
0.493333333482
0.483333333085
0.503333332638
0.53333333383
0.480000000447
0.47000000005
0.453333333135
0.459999999652
0.506666666518
0.476666666567
0.519999999553
0.483333334327
0.496666667362
0.469999998808
0.486666665723
0.47000000005
0.456666667014
0.473333333929
0.443333333979
0.483333334327
0.486666665723
0.46666666617
0.480000000447
0.473333332688
0.476666666567
0.503333332638
0.510000000397
0.523333333433
0.486666666965
0.449999999255
0.479999999205
0.489999999603
0.466666667412
0.473333332688
0.5
0.540000000348
0.459999999652
0.460000000894
0.506666667759
0.483333334327
0.429999999702
0.46666666617
0.483333334327
0.476666666567
0.473333332688
0.489999999603
0.493333333482
0.5
0.476666666567
0.506666666518
0.49666666612
0.510000000397
0.516666666915
0.49666666612
0.50333333388
0.510000000397
0.49666666612
0.509999999156
0.540000000348
0.510000000397
0.453333333135
0.490000000844
0.43666666622
0.486666666965
0.466666667412
0.490000000844
0.476666667809
0.453333333135
0.556666666021
0.516666666915
0.489999999603
0.493333333482
0.476666666567
0.476666666567
0.476666666567
0.5
0.510000000397
0.523333333433
0.52999999995
0.476666666567
0.506666666518
0.506666666518
0.486666666965
0.473333332688
0.486666666965
0.480000000447
0.479999999205
0.626666666319
0.506666666518
0.523333332191
0.476666666567
0.506666666518
0.43666666622
0.473333333929
0.489999999603
0.473333333929
0.496666667362
0.480000000447
0.480000000447
0.47000000005
0.473333332688
0.480000000447
0.440000000099
0.47000000005
0.466666667412
0.463333333532
0.479999999205
0.46666666617
0.486666666965
0.5
0.446666666617
0.46666666617
0.463333333532
0.479999999205
0.473333333929
0.46666666617
0.483333333085
0.46666666617
0.46666666617
0.46333333229
0.480000000447
0.473333333929
0.493333333482
0.493333333482
0.476666666567
0.546666666865
0.513333333035
0.480000000447
0.490000000844
0.473333333929
0.456666667014
0.473333333929
0.5
0.540000000348
0.483333334327
0.456666667014
0.483333333085
0.5
0.519999999553
0.503333332638
0.493333332241
0.486666666965
0.473333333929
0.483333333085
0.493333332241
0.483333334327
0.516666666915
0.506666666518
0.496666667362
0.473333332688
0.47000000005
0.480000000447
0.440000000099
0.476666667809
0.49666666612
0.509999999156
0.5
0.483333333085
0.466666667412
0.513333334277
0.473333332688
0.476666666567
0.476666666567
0.493333332241
0.450000000497
0.459999999652
0.473333333929
0.436666667461
0.483333334327
0.549999999503
0.489999999603
0.47000000005
0.549999999503
0.429999999702
0.453333333135
0.463333333532
0.56666666766
0.576666666816
0.486666666965
0.453333333135
0.476666666567
0.503333332638
0.46666666617
0.503333332638
0.506666666518
0.480000000447
0.473333333929
0.429999999702
0.47000000005
0.47000000005
0.510000000397
0.480000000447
0.486666665723
0.506666666518
0.483333333085
0.459999999652
0.46333333229
0.476666666567
0.503333332638
0.436666667461
0.493333333482
0.486666666965
0.46666666617
0.463333333532
0.459999999652
0.47000000005
0.473333333929
0.460000000894
0.490000000844
0.476666666567
0.47000000005
0.450000000497
0.473333333929
0.486666666965
0.520000000795
0.480000000447
0.463333333532
0.453333333135
0.43666666622
0.480000000447
0.483333334327
0.450000000497
0.46666666617
0.479999999205
0.509999999156
0.473333332688
0.496666667362
0.479999999205
0.516666666915
0.483333333085
0.483333333085
0.476666666567
0.486666666965
0.519999999553
0.456666667014
0.46666666617
0.473333332688
0.506666666518
0.483333334327
0.483333333085
0.47000000005
0.453333333135
0.489999999603
0.483333333085
0.46666666617
0.486666666965
0.480000000447
0.493333333482
0.476666666567
0.466666667412
0.473333333929
0.46666666617
0.476666666567
0.466666667412
0.466666667412
0.506666666518
0.5
0.453333333135
0.473333333929
0.493333333482
0.523333332191
0.456666667014
0.473333333929
0.493333333482
0.46666666617
0.46666666617
0.453333333135
0.463333333532
0.47000000005
0.47000000005
0.480000000447
0.483333333085
0.480000000447
0.480000000447
0.490000000844
0.496666667362
0.456666667014
0.489999999603
0.516666666915
0.476666666567
0.510000000397
0.523333333433
0.503333332638
0.473333332688
0.52999999995
0.553333333383
0.516666666915
0.473333333929
0.489999999603
0.489999999603
0.473333332688
0.47000000005
0.493333333482
0.489999999603
0.46333333229
0.483333333085
0.519999999553
0.503333332638
0.450000000497
0.559999999901
0.483333333085
0.483333333085
0.513333333035
0.473333333929
0.449999999255
0.480000000447
0.486666666965
0.523333333433
0.426666667064
0.50333333388
0.513333333035
0.513333333035
0.509999999156
0.476666666567
0.459999999652
0.476666667809
0.493333333482
0.463333333532
0.473333333929
0.5
0.46666666617
0.483333333085
0.473333332688
0.47000000005
0.489999999603
0.483333334327
0.506666667759
0.476666666567
0.489999999603
0.473333332688
0.489999999603
0.463333333532
0.473333332688
0.533333332588
0.516666666915
0.483333333085
0.483333333085
0.483333333085
0.493333332241
0.480000000447
0.463333333532
0.490000000844
0.433333333582
0.456666667014
0.483333333085
0.493333333482
0.47000000005
0.480000000447
0.490000000844
0.480000000447
0.479999999205
0.506666666518
0.509999999156
0.473333333929
0.459999999652
0.473333332688
0.453333333135
0.476666666567
0.49666666612
0.46666666617
0.476666666567
0.476666666567
0.453333333135
0.489999999603
0.490000000844
0.50333333388
0.450000000497
0.46666666617
0.46666666617
0.440000000099
0.489999999603
0.480000000447
0.46666666617
0.463333333532
0.479999999205
0.466666667412
0.516666666915
0.476666666567
0.516666666915
0.463333333532
0.486666666965
0.443333333979
0.519999999553
0.523333333433
0.473333333929
0.469999998808
0.446666666617
0.459999999652
0.476666666567
0.489999999603
0.480000000447
0.480000000447
0.493333333482
0.483333333085
0.516666666915
0.496666667362
0.453333334376
0.47000000005
0.483333333085
0.460000000894
0.47000000005
0.47000000005
0.47000000005
0.486666666965
0.463333333532
0.486666666965
0.479999999205
0.5
0.509999999156
0.49666666612
0.486666665723
0.480000000447
0.47000000005
0.479999999205
0.459999999652
0.47000000005
0.476666666567
0.540000000348
0.450000000497
0.463333333532
0.453333333135
0.489999999603
0.450000000497
0.47000000005
0.46666666617
0.460000000894
0.473333333929
0.763333333035
0.473333333929
0.46666666617
0.480000000447
0.513333333035
0.476666666567
0.46333333229
0.480000000447
0.489999999603
0.493333333482
0.483333333085
0.46666666617
0.489999999603
0.489999999603
0.476666666567
0.480000000447
0.463333333532
0.510000000397
0.489999999603
0.546666665624
0.519999999553
0.489999999603
0.459999999652
0.466666667412
0.47000000005
0.483333333085
0.47000000005
0.486666666965
0.516666666915
0.459999999652
0.50333333388
0.453333334376
0.47000000005
0.47000000005
0.493333333482
0.513333333035
0.490000000844
0.473333332688
0.473333333929
0.490000000844
0.473333333929
0.476666666567
0.483333333085
0.52999999995
0.473333333929
0.490000000844
0.479999999205
0.5
0.49666666612
0.483333333085
0.506666666518
0.456666667014
0.46333333229
0.450000000497
0.46666666617
0.510000000397
0.516666666915
0.486666666965
0.486666666965
0.453333333135
0.479999999205
0.446666666617
0.489999999603
0.453333333135
0.47000000005
0.476666666567
0.459999999652
0.5
0.476666666567
0.483333333085
0.483333333085
0.516666666915
0.46666666617
0.47000000005
0.483333333085
0.440000000099
0.479999999205
0.47000000005
0.459999999652
0.46666666617
0.46333333229
0.469999998808
0.493333333482
0.480000000447
0.47000000005
0.47000000005
0.483333333085
0.486666666965
0.486666666965
0.456666667014
0.480000000447
0.486666665723
0.52999999995
0.493333333482
0.46333333229
0.49666666612
0.476666666567
0.453333333135
0.47000000005
0.47000000005
0.476666666567
0.463333333532
0.463333333532
0.47000000005
0.489999999603
0.476666666567
0.510000000397
0.463333333532
0.479999999205
0.47000000005
0.443333332737
0.473333332688
0.466666667412
0.440000000099
0.46666666617
0.456666667014
0.493333333482
0.46333333229
0.47000000005
0.433333333582
0.489999999603
0.473333332688
0.473333332688
0.456666665773
0.47000000005
0.476666666567
0.463333333532
0.466666667412
0.520000000795
0.473333332688
0.459999999652
0.5
0.463333333532
0.486666666965
0.46666666617
0.5
0.446666666617
0.476666666567
0.489999999603
0.47000000005
0.479999999205
0.476666666567
0.510000000397
0.486666666965
0.5
0.476666666567
0.496666667362
0.439999998858
0.513333333035
0.53333333383
0.483333333085
0.513333334277
0.450000000497
0.47000000005
0.456666667014
0.483333333085
0.486666665723
0.516666666915
0.486666665723
0.466666667412
0.47000000005
0.486666666965
0.480000000447
0.480000000447
0.493333333482
0.496666667362
0.46666666617
0.476666666567
0.456666667014
0.480000000447
0.480000000447
0.473333332688
0.496666667362
0.486666666965
0.473333333929
0.473333332688
0.463333333532
0.47000000005
0.50333333388
0.523333333433
0.513333333035
0.503333332638
0.563333332539
0.486666666965
0.47000000005
0.480000000447
0.479999999205
0.513333333035
0.483333333085
0.456666665773
0.490000000844
0.473333332688
0.5
0.476666666567
0.606666666766
0.483333333085
0.50333333388
0.5
0.473333333929
0.476666666567
0.456666667014
0.506666666518
0.506666666518
0.466666667412
0.503333332638
0.476666667809
0.50333333388
0.50333333388
0.463333333532
0.509999999156
0.473333332688
0.519999999553
0.446666666617
0.433333333582
0.466666667412
0.46666666617
0.473333332688
0.480000000447
0.490000000844
0.476666666567
0.449999999255
0.583333333333
0.540000000348
0.473333333929
0.43333333234
0.480000000447
0.49666666612
0.473333332688
0.449999999255
0.450000000497
0.489999999603
0.480000000447
0.50333333388
0.463333333532
0.483333333085
0.483333334327
0.49666666612
0.47000000005
0.493333333482
0.46666666617
0.47000000005
0.476666666567
0.510000000397
0.5
0.50333333388
0.473333333929
0.510000000397
0.480000000447
0.490000000844
0.46666666617
0.489999999603
0.46666666617
0.476666666567
0.453333333135
0.46333333229
0.463333333532
0.49666666612
0.49666666612
0.493333333482
0.483333333085
0.43666666622
0.473333333929
0.460000000894
0.47000000005
0.5
0.50333333388
0.47000000005
0.463333333532
0.480000000447
0.476666666567
0.493333333482
0.5
0.480000000447
0.46666666617
0.463333333532
0.473333333929
0.47000000005
0.463333333532
0.476666666567
0.47000000005
0.46666666617
0.453333333135
0.47000000005
0.463333333532
0.46666666617
0.47000000005
0.52999999995
0.446666666617
0.50333333388
0.453333333135
0.46666666617
0.466666667412
0.513333333035
0.503333332638
0.493333333482
0.463333333532
0.5
0.506666666518
0.506666666518
0.453333333135
0.46666666617
0.486666666965
0.486666666965
0.513333333035
0.486666666965
0.516666666915
0.453333333135
0.46666666617
0.486666666965
0.489999999603
0.46666666617
0.476666667809
0.47000000005
0.460000000894
0.479999999205
0.520000000795
0.486666666965
0.493333333482
0.46333333229
0.483333333085
0.476666666567
0.486666665723
0.506666666518
0.503333332638
0.463333333532
0.473333332688
0.486666666965
0.476666666567
0.480000000447
0.466666667412
0.489999999603
0.476666666567
0.519999999553
0.466666667412
0.47000000005
0.466666667412
0.476666666567
0.463333333532
0.506666667759
0.516666666915
0.526666666071
0.509999999156
0.493333332241
0.476666666567
0.483333333085
0.453333333135
0.483333333085
0.516666665673
0.493333333482
0.479999999205
0.5
0.483333334327
0.496666667362
0.463333333532
0.46666666617
0.486666666965
0.479999999205
0.49666666612
0.483333333085
0.5
0.473333333929
0.476666666567
0.476666666567
0.486666666965
0.49666666612
0.443333332737
0.52999999995
0.483333333085
0.510000000397
0.49666666612
0.476666667809
0.476666666567
0.47000000005
0.480000000447
0.466666667412
0.486666666965
0.513333333035
0.450000000497
0.476666666567
0.50333333388
0.5
0.483333334327
0.476666666567
0.463333333532
0.466666667412
0.483333333085
0.476666666567
0.483333333085
0.46666666617
0.429999999702
0.486666665723
0.433333333582
0.506666666518
0.49666666612
0.47000000005
0.493333333482
0.46666666617
0.483333333085
0.506666666518
0.493333333482
0.459999999652
0.473333333929
0.509999999156
0.46666666617
0.476666666567
0.46666666617
0.476666666567
0.486666665723
0.476666667809
0.489999999603
0.483333333085
0.496666667362
0.466666667412
0.459999999652
0.476666666567
0.476666666567
0.426666667064
0.486666665723
0.489999999603
0.506666666518
0.479999999205
0.450000000497
0.47000000005
0.483333333085
0.493333333482
0.506666666518
0.436666667461
0.47000000005
0.480000000447
0.466666667412
0.47000000005
0.493333332241
0.523333333433
0.46666666617
0.479999999205
0.473333332688
0.486666666965
0.47000000005
0.476666666567
0.536666666468
0.513333333035
0.456666667014
0.506666666518
0.506666666518
0.446666666617
0.516666666915
0.483333333085
0.486666665723
0.483333334327
0.46666666617
0.486666666965
0.47000000005
0.47000000005
0.480000000447
0.486666665723
0.49666666612
0.453333334376
0.503333332638
0.490000000844
0.493333333482
0.483333333085
0.49666666612
0.509999999156
0.47000000005
0.480000000447
0.483333333085
0.493333333482
0.480000000447
0.453333333135
0.459999999652
0.46666666617
0.473333333929
0.5
0.493333333482
0.476666666567
0.473333333929
0.513333333035
0.489999999603
0.446666666617
0.506666667759
0.50333333388
0.493333333482
0.5
0.450000000497
0.510000000397
0.52999999995
0.566666666418
0.473333333929
0.459999999652
0.469999998808
0.506666666518
0.496666667362
0.493333333482
0.473333333929
0.50333333388
0.483333333085
0.476666666567
0.486666666965
0.513333333035
0.49666666612
0.493333333482
0.5
0.473333332688
0.47000000005
0.459999999652
0.480000000447
0.473333333929
0.47000000005
0.486666666965
0.49666666612
0.480000000447
0.466666667412
0.476666666567
0.486666666965
0.49666666612
0.496666667362
0.486666666965
0.476666666567
0.466666667412
0.479999999205
0.510000000397
0.493333333482
0.483333333085
0.473333332688
0.479999999205
0.479999999205
0.493333333482
0.483333334327
0.463333333532
0.46666666617
0.473333333929
0.476666666567
0.463333333532
0.47000000005
0.46666666617
0.480000000447
0.46666666617
0.49666666612
0.480000000447
0.476666666567
0.486666666965
0.496666667362
0.479999999205
0.47000000005
0.483333333085
0.466666667412
0.456666667014
0.5
0.47000000005
0.483333333085
0.550000000745
0.490000000844
0.47000000005
0.463333333532
0.510000000397
0.466666667412
0.476666666567
0.463333333532
0.510000000397
0.506666666518
0.503333332638
0.473333332688
0.489999999603
0.490000000844
0.480000000447
0.486666666965
0.480000000447
0.493333333482
0.480000000447
0.446666666617
0.489999999603
0.466666667412
0.473333332688
0.490000000844
0.489999999603
0.490000000844
0.513333333035
0.5
0.509999999156
0.453333333135
0.459999999652
0.483333333085
0.453333334376
0.476666666567
0.536666666468
0.513333334277
0.456666667014
0.646666665872
0.486666665723
0.479999999205
0.473333333929
0.493333333482
0.463333333532
0.47000000005
0.459999999652
0.483333333085
0.473333333929
0.473333333929
0.479999999205
0.466666667412
0.47000000005
0.483333333085
0.493333333482
0.49666666612
0.49666666612
0.459999999652
0.476666666567
0.476666666567
0.476666666567
0.476666666567
0.46333333229
0.47000000005
0.459999999652
0.463333333532
0.453333333135
0.479999999205
0.456666667014
0.46666666617
0.46666666617
0.503333332638
0.506666666518
0.483333334327
0.473333333929
0.46333333229
0.489999999603
0.459999999652
0.46666666617
0.463333333532
0.486666666965
0.476666667809
0.53333333383
0.463333333532
0.486666666965
0.459999999652
0.450000000497
0.483333333085
0.510000000397
0.456666667014
0.463333333532
0.483333333085
0.460000000894
0.483333333085
0.459999999652
0.479999999205
0.456666667014
0.480000000447
0.449999999255
0.46666666617
0.473333333929
0.446666666617
0.483333333085
0.486666666965
0.489999999603
0.516666666915
0.453333333135
0.456666667014
0.456666667014
0.476666666567
0.466666667412
0.476666666567
0.476666666567
0.49666666612
0.463333333532
0.493333333482
0.486666666965
0.493333333482
0.516666666915
0.496666667362
0.476666667809
0.473333333929
0.46666666617
0.483333333085
0.473333332688
0.47000000005
0.483333334327
0.486666666965
0.479999999205
0.479999999205
0.486666666965
0.46666666617
0.483333333085
0.483333333085
0.5
0.476666666567
0.480000000447
0.483333333085
0.486666666965
0.510000000397
0.479999999205
0.483333333085
0.656666667511
0.580000000695
0.466666667412
0.503333332638
0.493333333482
0.463333333532
0.460000000894
0.463333333532
0.46666666617
0.523333332191
0.483333334327
0.47000000005
0.489999999603
0.47000000005
0.46333333229
0.483333333085
0.486666666965
0.463333333532
0.46666666617
0.473333333929
0.476666666567
0.606666666766
0.47000000005
0.46666666617
0.49666666612
0.5
0.47000000005
0.463333333532
0.473333332688
0.5
0.489999999603
0.490000000844
0.459999999652
0.493333332241
0.483333333085
0.47000000005
0.456666667014
0.46666666617
0.466666667412
0.466666667412
0.483333334327
0.473333333929
0.47000000005
0.473333332688
0.473333333929
0.49666666612
0.486666666965
0.493333333482
0.473333332688
0.466666667412
0.459999999652
0.476666666567
0.493333332241
0.486666666965
0.493333332241
0.47000000005
0.440000000099
0.473333332688
0.473333332688
0.463333333532
0.49666666612
0.510000000397
0.5
0.489999999603
0.486666665723
0.476666667809
0.490000000844
0.443333332737
0.46666666617
0.479999999205
0.49666666612
0.463333333532
0.496666667362
0.509999999156
0.516666666915
0.49666666612
0.459999999652
0.476666666567
0.49666666612
0.5
0.450000000497
0.493333333482
0.486666666965
0.459999999652
0.476666666567
0.47000000005
0.47000000005
0.5
0.526666667312
0.5
0.513333333035
0.490000000844
0.469999998808
0.453333333135
0.476666666567
0.479999999205
0.46333333229
0.489999999603
0.476666666567
0.473333333929
0.473333333929
0.50333333388
0.513333333035
0.523333333433
0.47000000005
0.476666666567
0.483333333085
0.50333333388
0.579999999454
0.516666666915
0.503333332638
0.466666667412
0.493333333482
0.506666667759
0.489999999603
0.5
0.640000000596
0.463333333532
0.480000000447
0.5
0.460000000894
0.5
0.49666666612
0.513333334277
0.476666666567
0.52999999995
0.523333332191
0.506666667759
0.553333333383
0.52999999995
0.52999999995
0.540000000348
0.516666666915
0.493333333482
0.50333333388
0.513333333035
0.456666667014
0.473333332688
0.453333333135
0.459999999652
0.46666666617
0.453333333135
0.453333333135
0.459999999652
0.486666666965
0.486666666965
0.483333333085
0.473333333929
0.463333333532
0.476666666567
0.473333333929
0.476666666567
0.506666666518
0.52999999995
0.519999999553
0.453333333135
0.446666666617
0.489999999603
0.483333333085
0.483333333085
0.5
0.490000000844
0.523333333433
0.476666666567
0.46666666617
0.463333333532
0.493333333482
0.476666666567
0.433333333582
0.473333332688
0.430000000944
0.433333333582
0.489999999603
0.483333333085
0.47000000005
0.463333333532
0.47000000005
0.463333333532
0.480000000447
0.463333333532
0.483333333085
0.46666666617
0.463333333532
0.47000000005
0.476666666567
0.5
0.489999999603
0.513333333035
0.486666666965
0.486666666965
0.526666666071
0.473333333929
0.47000000005
0.496666667362
0.456666665773
0.47000000005
0.479999999205
0.493333333482
0.476666667809
0.489999999603
0.486666666965
0.47000000005
0.453333333135
0.46666666617
0.476666666567
0.479999999205
0.453333333135
0.463333333532
0.493333333482
0.49666666612
0.483333333085
0.506666666518
0.480000000447
0.473333333929
0.5
0.496666667362
0.506666666518
0.49666666612
0.49666666612
0.540000000348
0.476666666567
0.506666666518
0.476666666567
0.476666666567
0.47000000005
0.510000000397
0.493333333482
0.476666667809
0.49666666612
0.490000000844
0.466666667412
0.5
0.506666666518
0.506666666518
0.49666666612
0.526666666071
0.516666666915
0.459999999652
0.49666666612
0.540000000348
0.486666666965
0.49666666612
0.460000000894
0.466666667412
0.486666665723
0.480000000447
0.459999999652
0.506666666518
0.476666666567
0.506666666518
0.579999999454
0.526666667312
0.483333333085
0.440000000099
0.463333333532
0.473333333929
0.456666667014
0.459999999652
0.46666666617
0.49666666612
0.486666666965
0.449999999255
0.47000000005
0.483333333085
0.456666665773
0.510000000397
0.503333332638
0.49666666612
0.473333333929
0.456666667014
0.483333333085
0.453333333135
0.46333333229
0.46666666617
0.480000000447
0.476666666567
0.50333333388
0.443333332737
0.496666667362
0.459999999652
0.473333333929
0.473333333929
0.476666666567
0.493333333482
0.490000000844
0.493333333482
0.480000000447
0.459999999652
0.456666665773
0.486666666965
0.47000000005
0.473333333929
0.49666666612
0.46666666617
0.476666666567
0.476666666567
0.483333333085
0.453333333135
0.476666666567
0.516666666915
0.479999999205
0.483333334327
0.46666666617
0.480000000447
0.5
0.489999999603
0.5
0.540000000348
0.536666666468
0.546666665624
0.453333333135
0.5
0.526666667312
0.513333334277
0.5
0.46333333229
0.513333333035
0.506666666518
0.516666666915
0.513333333035
0.506666667759
0.493333333482
0.486666666965
0.483333333085
0.493333333482
0.47000000005
0.483333333085
0.473333333929
0.47000000005
0.47000000005
0.459999999652
0.480000000447
0.503333332638
0.479999999205
0.506666666518
0.5
0.510000000397
0.463333333532
0.46333333229
0.47000000005
0.449999999255
0.47000000005
0.486666666965
0.50333333388
0.523333333433
0.483333333085
0.473333332688
0.489999999603
0.50333333388
0.47000000005
0.426666665822
0.473333333929
0.43666666622
0.463333333532
0.486666666965
0.473333332688
0.490000000844
0.476666666567
0.476666667809
0.506666666518
0.513333333035
0.480000000447
0.486666666965
0.466666667412
0.50333333388
0.47000000005
0.456666665773
0.486666666965
0.519999999553
0.46666666617
0.459999999652
0.483333333085
0.463333333532
0.47000000005
0.473333332688
0.493333333482
0.47000000005
0.463333333532
0.453333333135
0.453333333135
0.479999999205
0.473333332688
0.466666667412
0.473333333929
0.46666666617
0.476666666567
0.463333333532
0.46666666617
0.47000000005
0.453333333135
0.466666667412
0.47000000005
0.473333332688
0.493333333482
0.440000000099
0.476666666567
0.493333333482
0.480000000447
0.493333333482
0.479999999205
0.473333333929
0.46666666617
0.476666666567
0.473333333929
0.47000000005
0.549999999503
0.46666666617
0.443333333979
0.453333333135
0.503333332638
0.49666666612
0.506666666518
0.5
0.476666666567
0.480000000447
0.463333333532
0.486666665723
0.5
0.49666666612
0.506666666518
0.5
0.5
0.56333333378
0.559999999901
0.493333333482
0.493333333482
0.47000000005
0.466666667412
0.46666666617
0.47000000005
0.453333333135
0.486666666965
0.453333333135
0.473333333929
0.463333333532
0.523333333433
0.519999999553
0.546666666865
0.493333333482
0.49666666612
0.493333333482
0.460000000894
0.473333333929
0.550000000745
0.466666667412
0.47000000005
0.509999999156
0.519999999553
0.463333333532
0.463333333532
0.473333332688
0.493333333482
0.483333333085
0.456666667014
0.489999999603
0.46666666617
0.489999999603
0.46666666617
0.476666666567
0.473333332688
0.47000000005
0.46666666617
0.49666666612
0.546666666865
0.553333333383
0.449999999255
0.480000000447
0.456666667014
0.46666666617
0.5
0.483333333085
0.463333333532
0.496666667362
0.486666666965
0.489999999603
0.479999999205
0.473333332688
0.476666666567
0.486666666965
0.473333333929
0.493333333482
0.47000000005
0.476666666567
0.476666666567
0.483333333085
0.460000000894
0.459999999652
0.47000000005
0.483333333085
0.476666666567
0.489999999603
0.493333333482
0.47000000005
0.479999999205
0.480000000447
0.480000000447
0.50333333388
0.463333333532
0.479999999205
0.583333333333
0.476666666567
0.476666666567
0.463333333532
0.483333333085
0.493333332241
0.510000000397
0.456666667014
0.480000000447
0.473333333929
0.5
0.489999999603
0.47000000005
0.473333333929
0.47000000005
0.473333332688
0.476666666567
0.46666666617
0.473333332688
0.476666666567
0.460000000894
0.50333333388
0.480000000447
0.473333332688
0.453333333135
0.506666666518
0.483333333085
0.5
0.473333333929
0.46666666617
0.453333334376
0.47000000005
0.47000000005
0.463333333532
0.459999999652
0.519999999553
0.483333333085
0.46666666617
0.463333333532
0.506666666518
0.516666666915
0.5
0.506666666518
0.49666666612
0.46666666617
0.493333332241
0.493333333482
0.473333333929
0.550000000745
0.473333333929
0.486666666965
0.526666667312
0.486666666965
0.453333333135
0.496666667362
0.483333333085
0.463333333532
0.459999999652
0.46666666617
0.459999999652
0.493333333482
0.47000000005
0.506666666518
0.443333333979
0.463333333532
0.476666666567
0.476666666567
0.489999999603
0.473333332688
0.473333332688
0.483333333085
0.480000000447
0.476666667809
0.476666666567
0.49666666612
0.473333333929
0.486666666965
0.533333332588
0.513333334277
0.496666667362
0.493333333482
0.480000000447
0.46666666617
0.476666666567
0.47000000005
0.483333334327
0.480000000447
0.480000000447
0.513333333035
0.47000000005
0.46666666617
0.473333333929
0.446666666617
0.47000000005
0.503333332638
0.456666667014
0.510000000397
0.456666667014
0.473333333929
0.473333333929
0.473333332688
0.476666667809
0.46666666617
0.476666666567
0.489999999603
0.486666665723
0.523333333433
0.466666667412
0.47000000005
0.486666666965
0.483333333085
0.476666666567
0.496666667362
0.480000000447
0.47000000005
0.506666666518
0.473333333929
0.466666667412
0.47000000005
0.483333333085
0.490000000844
0.5
0.513333333035
0.493333333482
0.5
0.526666667312
0.546666666865
0.553333333383
0.473333332688
0.480000000447
0.660000000149
0.463333333532
0.459999999652
0.483333333085
0.46666666617
0.510000000397
0.493333333482
0.47000000005
0.476666666567
0.480000000447
0.46666666617
0.476666666567
0.47000000005
0.47000000005
0.483333333085
0.459999999652
0.480000000447
0.479999999205
0.473333333929
0.473333333929
0.463333333532
0.456666667014
0.476666666567
0.480000000447
0.490000000844
0.5
0.473333333929
0.489999999603
0.466666667412
0.493333333482
0.480000000447
0.486666666965
0.490000000844
0.553333333383
0.479999999205
0.483333334327
0.47000000005
0.483333333085
0.493333333482
0.50333333388
0.480000000447
0.513333333035
0.523333333433
0.476666666567
0.47000000005
0.519999999553
0.506666666518
0.506666666518
0.513333333035
0.480000000447
0.5
0.483333333085
0.493333332241
0.493333332241
0.459999999652
0.510000000397
0.52999999995
0.480000000447
0.476666666567
0.480000000447
0.460000000894
0.519999999553
0.453333333135
0.506666666518
0.513333333035
0.526666666071
0.519999999553
0.486666666965
0.456666667014
0.46666666617
0.493333333482
0.476666666567
0.450000000497
0.473333332688
0.493333333482
0.483333333085
0.479999999205
0.49666666612
0.476666666567
0.523333333433
0.493333332241
0.473333332688
0.463333333532
0.473333332688
0.546666666865
0.473333333929
0.486666666965
0.473333333929
0.476666666567
0.489999999603
0.489999999603
0.516666665673
0.479999999205
0.5
0.519999999553
0.459999999652
0.483333333085
0.456666667014
0.476666666567
0.496666667362
0.476666666567
0.426666665822
0.46666666617
0.449999999255
0.510000000397
0.47000000005
0.473333333929
0.5
0.493333333482
0.506666666518
0.453333334376
0.490000000844
0.486666665723
0.453333333135
0.459999999652
0.483333333085
0.47000000005
0.5
0.479999999205
0.479999999205
0.473333332688
0.490000000844
0.486666666965
0.47000000005
0.480000000447
0.466666667412
0.506666666518
0.49666666612
0.543333332986
0.52999999995
0.46666666617
0.523333333433
0.480000000447
0.476666666567
0.46666666617
0.509999999156
0.47000000005
0.456666667014
0.446666666617
0.47000000005
0.473333333929
0.476666667809
0.49666666612
0.513333334277
0.5
0.489999999603
0.476666666567
0.486666666965
0.480000000447
0.466666667412
0.486666666965
0.479999999205
0.43666666622
0.443333332737
0.480000000447
0.463333333532
0.50333333388
0.5
0.533333332588
0.480000000447
0.510000000397
0.443333332737
0.47000000005
0.486666666965
0.496666667362
0.476666666567
0.489999999603
0.5
0.493333333482
0.469999998808
0.496666667362
0.479999999205
0.520000000795
0.520000000795
0.489999999603
0.49666666612
0.496666667362
0.50333333388
0.47000000005
0.446666666617
0.513333334277
0.486666666965
0.483333333085
0.480000000447
0.543333332986
0.463333333532
0.480000000447
0.5
0.526666666071
0.506666666518
0.543333332986
0.56333333378
0.473333332688
0.49666666612
0.483333333085
0.483333333085
0.509999999156
0.483333333085
0.503333332638
0.473333333929
0.50333333388
0.540000000348
0.5
0.486666665723
0.540000000348
0.523333333433
0.52999999995
0.483333334327
0.493333333482
0.506666666518
0.493333333482
0.5
0.47000000005
0.50333333388
0.479999999205
0.513333334277
0.490000000844
0.510000000397
0.5
0.466666667412
0.459999999652
0.476666666567
0.483333333085
0.496666667362
0.5
0.476666666567
0.460000000894
0.483333333085
0.493333333482
0.523333333433
0.50333333388
0.520000000795
0.543333334227
0.476666667809
0.466666667412
0.489999999603
0.496666667362
0.449999999255
0.439999998858
0.483333333085
0.473333333929
0.486666665723
0.493333333482
0.52999999995
0.479999999205
0.476666667809
0.489999999603
0.489999999603
0.446666666617
0.463333333532
0.456666667014
0.46666666617
0.46666666617
0.453333333135
0.47000000005
0.493333332241
0.47000000005
0.480000000447
0.693333332737
0.559999999901
0.593333333731
0.616666665922
0.490000000844
0.47000000005
0.476666666567
0.476666666567
0.479999999205
0.46666666617
0.483333333085
0.46666666617
0.47000000005
0.476666666567
0.47000000005
0.476666666567
0.440000000099
0.49666666612
0.483333333085
0.460000000894
0.47000000005
0.480000000447
0.459999999652
0.46666666617
0.47000000005
0.493333332241
0.493333333482
0.46666666617
0.490000000844
0.480000000447
0.5
0.503333332638
0.490000000844
0.459999999652
0.546666665624
0.47000000005
0.50333333388
0.516666666915
0.513333333035
0.460000000894
0.443333333979
0.476666666567
0.489999999603
0.473333333929
0.46666666617
0.553333333383
0.5
0.513333334277
0.483333333085
0.490000000844
0.47000000005
0.486666666965
0.476666666567
0.49666666612
0.463333333532
0.483333333085
0.473333332688
0.493333333482
0.440000000099
0.480000000447
0.493333333482
0.483333333085
0.456666665773
0.483333333085
0.480000000447
0.5
0.489999999603
0.493333333482
0.493333333482
0.473333332688
0.473333333929
0.476666666567
0.486666666965
0.513333333035
0.49666666612
0.463333333532
0.483333333085
0.483333333085
0.446666666617
0.473333332688
0.460000000894
0.570000000298
0.510000000397
0.47000000005
0.46666666617
0.466666667412
0.493333333482
0.486666666965
0.459999999652
0.483333333085
0.420000000546
0.489999999603
0.489999999603
0.486666666965
0.476666666567
0.486666666965
0.486666666965
0.459999999652
0.476666666567
0.516666666915
0.50333333388
0.480000000447
0.486666666965
0.440000000099
0.473333333929
0.47000000005
0.480000000447
0.493333333482
0.483333333085
0.459999999652
0.520000000795
0.533333332588
0.483333333085
0.473333333929
0.459999999652
0.486666665723
0.480000000447
0.483333333085
0.436666667461
0.480000000447
0.46666666617
0.513333333035
0.429999999702
0.443333332737
0.493333333482
0.466666667412
0.459999999652
0.463333333532
0.489999999603
0.489999999603
0.493333333482
0.486666665723
0.480000000447
0.483333333085
0.516666666915
0.473333333929
0.460000000894
0.466666667412
0.47000000005
0.483333333085
0.473333332688
0.493333333482
0.52999999995
0.519999999553
0.513333334277
0.496666667362
0.483333333085
0.476666666567
0.49666666612
0.5
0.476666666567
0.489999999603
0.486666666965
0.476666666567
0.5
0.476666666567
0.493333333482
0.493333333482
0.473333332688
0.459999999652
0.473333333929
0.466666667412
0.466666667412
0.489999999603
0.483333333085
0.473333332688
0.459999999652
0.46666666617
0.460000000894
0.463333333532
0.479999999205
0.559999999901
0.50333333388
0.53333333383
0.466666667412
0.490000000844
0.493333333482
0.463333333532
0.463333333532
0.459999999652
0.49666666612
0.463333333532
0.493333333482
0.486666665723
0.453333333135
0.446666666617
0.519999999553
0.476666666567
0.456666665773
0.480000000447
0.513333333035
0.453333333135
0.473333333929
0.5
0.479999999205
0.46666666617
0.479999999205
0.476666666567
0.476666666567
0.446666666617
0.476666667809
0.489999999603
0.476666666567
0.480000000447
0.480000000447
0.46333333229
0.463333333532
0.483333333085
0.493333333482
0.473333333929
0.439999998858
0.476666666567
0.50333333388
0.513333333035
0.459999999652
0.493333333482
0.5
0.47000000005
0.506666666518
0.50333333388
0.546666666865
0.489999999603
0.476666666567
0.46666666617
0.486666666965
0.476666666567
0.490000000844
0.463333333532
0.473333333929
0.47000000005
0.46666666617
0.479999999205
0.493333333482
0.476666667809
0.520000000795
0.53333333383
0.503333332638
0.43666666622
0.47000000005
0.476666666567
0.480000000447
0.460000000894
0.463333333532
0.47000000005
0.479999999205
0.456666665773
0.489999999603
0.47000000005
0.489999999603
0.473333333929
0.523333332191
0.513333333035
0.486666666965
0.456666665773
0.479999999205
0.476666667809
0.489999999603
0.520000000795
0.506666666518
0.506666666518
0.50333333388
0.486666666965
0.489999999603
0.533333332588
0.50333333388
0.516666666915
0.473333333929
0.480000000447
0.473333332688
0.486666666965
0.473333333929
0.466666667412
0.489999999603
0.473333332688
0.47000000005
0.473333332688
0.476666666567
0.486666666965
0.523333333433
0.459999999652
0.650000000993
0.473333332688
0.49666666612
0.456666667014
0.473333333929
0.486666666965
0.456666667014
0.483333333085
0.47000000005
0.496666667362
0.546666666865
0.513333333035
0.5
0.483333333085
0.483333333085
0.483333333085
0.446666666617
0.486666666965
0.5
0.47000000005
0.506666666518
0.46666666617
0.480000000447
0.473333333929
0.480000000447
0.5
0.480000000447
0.453333333135
0.473333333929
0.489999999603
0.46333333229
0.473333333929
0.480000000447
0.489999999603
0.489999999603
0.480000000447
0.453333333135
0.480000000447
0.473333333929
0.486666666965
0.476666666567
0.513333333035
0.513333333035
0.533333332588
0.520000000795
0.486666666965
0.47000000005
0.463333333532
0.463333333532
0.460000000894
0.489999999603
0.473333333929
0.486666665723
0.483333333085
0.490000000844
0.513333333035
0.510000000397
0.466666667412
0.479999999205
0.506666666518
0.476666666567
0.476666667809
0.46666666617
0.476666666567
0.483333333085
0.463333333532
0.513333333035
0.510000000397
0.50333333388
0.480000000447
0.466666667412
0.46666666617
0.47000000005
0.46666666617
0.459999999652
0.493333333482
0.49666666612
0.480000000447
0.483333334327
0.459999999652
0.476666666567
0.483333333085
0.489999999603
0.5
0.47000000005
0.453333333135
0.483333333085
0.490000000844
0.480000000447
0.43666666622
0.453333334376
0.463333333532
0.47000000005
0.473333332688
0.456666667014
0.49666666612
0.47000000005
0.503333332638
0.576666666816
0.493333333482
0.506666666518
0.493333333482
0.5
0.523333333433
0.453333333135
0.476666666567
0.486666666965
0.486666666965
0.490000000844
0.510000000397
0.463333333532
0.476666666567
0.553333333383
0.453333333135
0.460000000894
0.516666666915
0.486666666965
0.463333333532
0.47000000005
0.480000000447
0.46666666617
0.459999999652
0.463333333532
0.47000000005
0.476666666567
0.47000000005
0.486666666965
0.476666666567
0.459999999652
0.459999999652
0.47000000005
0.473333333929
0.493333333482
0.489999999603
0.503333332638
0.456666667014
0.483333333085
0.476666666567
0.456666667014
0.473333332688
0.47000000005
0.46666666617
0.46333333229
0.476666666567
0.473333333929
0.46666666617
0.513333333035
0.476666666567
0.46666666617
0.450000000497
0.473333333929
0.506666666518
0.483333333085
0.513333333035
0.513333333035
0.436666667461
0.486666666965
0.506666666518
0.446666666617
0.459999999652
0.459999999652
0.479999999205
0.473333332688
0.489999999603
0.483333334327
0.46666666617
0.473333333929
0.49666666612
0.49666666612
0.47000000005
0.483333333085
0.440000000099
0.463333333532
0.473333332688
0.476666666567
0.480000000447
0.479999999205
0.506666666518
0.493333333482
0.5
0.50333333388
0.490000000844
0.496666667362
0.486666665723
0.459999999652
0.486666666965
0.463333333532
0.493333332241
0.483333333085
0.480000000447
0.509999999156
0.5
0.510000000397
0.466666667412
0.443333333979
0.486666666965
0.5
0.510000000397
0.479999999205
0.476666666567
0.446666666617
0.466666667412
0.519999999553
0.456666667014
0.459999999652
1.09333333373
0.510000000397
0.513333333035
0.503333332638
0.459999999652
0.47000000005
0.503333332638
0.506666666518
0.473333332688
0.506666666518
0.513333334277
0.463333333532
0.480000000447
0.486666666965
0.5
0.476666667809
0.490000000844
0.460000000894
0.456666665773
0.47000000005
0.480000000447
0.443333333979
0.463333333532
0.446666666617
0.489999999603
0.510000000397
0.47000000005
0.486666666965
0.5
0.519999999553
0.46666666617
0.46666666617
0.53333333383
0.480000000447
0.483333333085
0.440000000099
0.493333333482
0.486666666965
0.476666666567
0.50333333388
0.49666666612
0.493333333482
0.496666667362
0.479999999205
0.50333333388
0.466666667412
0.466666667412
0.47000000005
0.46666666617
0.473333333929
0.473333333929
0.476666666567
0.480000000447
0.476666666567
0.47000000005
0.47000000005
0.490000000844
0.476666666567
0.47000000005
0.479999999205
0.486666666965
0.446666666617
0.5
0.449999999255
0.47000000005
0.473333333929
0.456666665773
0.47000000005
0.480000000447
0.473333333929
0.453333333135
0.489999999603
0.506666666518
0.526666667312
0.489999999603
0.479999999205
0.539999999106
0.509999999156
0.489999999603
0.50333333388
0.473333332688
0.473333332688
0.459999999652
0.513333333035
0.459999999652
0.493333332241
0.510000000397
0.49666666612
0.46666666617
0.46666666617
0.466666667412
0.456666667014
0.479999999205
0.47000000005
0.5
0.483333333085
0.443333333979
0.483333333085
0.47000000005
0.483333334327
0.480000000447
0.493333333482
0.43666666622
0.476666666567
0.493333333482
0.483333333085
0.459999999652
0.463333333532
0.479999999205
0.456666665773
0.476666666567
0.483333334327
0.479999999205
0.493333333482
0.483333333085
0.486666666965
0.476666666567
0.480000000447
0.489999999603
0.493333333482
0.49666666612
0.486666666965
0.476666666567
0.510000000397
0.703333333135
0.586666667213
0.510000000397
0.476666666567
0.46666666617
0.463333333532
0.510000000397
0.493333333482
0.463333333532
0.450000000497
0.480000000447
0.47000000005
0.47000000005
0.459999999652
0.459999999652
0.493333333482
0.473333332688
0.46333333229
0.496666667362
0.493333333482
0.5
0.46666666617
0.450000000497
0.480000000447
0.47000000005
0.463333333532
0.460000000894
0.489999999603
0.456666667014
0.47000000005
0.456666665773
0.483333333085
0.466666667412
0.449999999255
0.480000000447
0.510000000397
0.5
0.5
0.46666666617
0.479999999205
0.479999999205
0.503333332638
0.5
0.47000000005
0.483333334327
0.506666666518
0.47000000005
0.483333333085
0.483333333085
0.493333333482
0.479999999205
0.476666666567
0.523333333433
0.466666667412
0.476666666567
0.466666667412
0.483333333085
0.466666667412
0.483333333085
0.486666666965
0.466666667412
0.47000000005
0.47000000005
0.493333333482
0.523333333433
0.506666666518
0.443333332737
0.47000000005
0.463333333532
0.479999999205
0.483333333085
0.5
0.480000000447
0.490000000844
0.473333332688
0.483333333085
0.479999999205
0.47000000005
0.476666666567
0.510000000397
0.5
0.516666665673
0.473333333929
0.473333333929
0.473333332688
0.46666666617
0.446666666617
0.486666666965
0.46666666617
0.47000000005
0.486666666965
0.486666666965
0.493333333482
0.466666667412
0.46666666617
0.47000000005
0.47000000005
0.47000000005
0.463333333532
0.459999999652
0.453333333135
0.479999999205
0.5
0.496666667362
0.473333333929
0.47000000005
0.496666667362
0.5
0.539999999106
0.513333333035
0.513333333035
0.493333333482
0.49666666612
0.480000000447
0.489999999603
0.480000000447
0.476666666567
0.479999999205
0.456666665773
0.476666666567
0.466666667412
0.47000000005
0.476666666567
0.493333332241
0.479999999205
0.49666666612
0.493333333482
0.463333333532
0.47000000005
0.453333333135
0.476666666567
0.493333332241
0.53333333383
0.480000000447
0.506666666518
0.480000000447
0.503333332638
0.473333332688
0.46666666617
0.503333332638
0.496666667362
0.519999999553
0.436666667461
0.480000000447
0.473333333929
0.520000000795
0.539999999106
0.486666666965
0.476666666567
0.5
0.469999998808
0.429999999702
0.440000000099
0.473333333929
0.486666666965
0.486666666965
0.446666666617
0.476666666567
0.449999999255
0.483333333085
0.480000000447
0.486666666965
0.466666667412
0.47000000005
0.480000000447
0.50333333388
0.476666666567
0.480000000447
0.489999999603
0.47000000005
0.47000000005
0.506666666518
0.476666666567
0.479999999205
0.450000000497
0.446666666617
0.476666666567
0.460000000894
0.450000000497
0.493333332241
0.506666666518
0.49666666612
0.483333333085
0.46666666617
0.433333333582
0.503333332638
0.46666666617
0.510000000397
0.519999999553
0.47000000005
0.47000000005
0.450000000497
0.473333332688
0.486666666965
0.456666665773
0.480000000447
0.5
0.473333332688
0.476666666567
0.456666667014
0.473333333929
0.483333333085
0.476666666567
0.47000000005
0.476666667809
0.486666665723
0.46666666617
0.473333332688
0.493333333482
0.50333333388
0.546666666865
0.476666666567
0.456666665773
0.483333334327
0.490000000844
0.486666666965
0.490000000844
0.513333333035
0.483333333085
0.440000000099
0.460000000894
0.483333333085
0.50333333388
0.5
0.486666666965
0.536666666468
0.486666665723
0.486666666965
0.510000000397
0.469999998808
0.486666666965
0.466666667412
0.480000000447
0.489999999603
0.47000000005
0.516666666915
0.503333332638
0.483333333085
0.539999999106
0.516666666915
0.483333333085
0.456666667014
0.47000000005
0.453333333135
0.463333333532
0.46666666617
0.476666666567
0.46666666617
0.509999999156
0.473333332688
0.483333333085
0.46666666617
0.480000000447
0.496666667362
0.473333333929
0.483333333085
0.463333333532
0.473333333929
0.47000000005
0.476666666567
0.489999999603
0.483333334327
0.473333333929
0.459999999652
0.490000000844
0.510000000397
0.513333333035
0.473333332688
0.473333332688
0.486666666965
0.486666666965
0.486666666965
0.449999999255
0.47000000005
0.466666667412
0.47000000005
0.483333333085
0.523333333433
0.47000000005
0.483333334327
0.476666666567
0.483333333085
0.456666667014
0.47000000005
0.476666666567
0.480000000447
0.483333333085
0.449999999255
0.459999999652
0.459999999652
0.476666666567
0.47000000005
0.47000000005
0.483333334327
0.480000000447
0.483333333085
0.483333333085
0.486666666965
0.473333332688
0.473333332688
0.476666666567
0.476666666567
0.463333333532
0.483333333085
0.523333333433
0.523333333433
0.440000000099
0.49666666612
0.513333334277
0.513333334277
0.506666666518
0.506666666518
0.479999999205
0.476666666567
0.47000000005
0.450000000497
0.479999999205
0.46666666617
0.5
0.53333333383
0.47000000005
0.480000000447
0.490000000844
0.493333333482
0.519999999553
0.486666665723
0.5
0.46666666617
0.496666667362
0.46666666617
0.526666666071
0.506666666518
0.506666666518
0.493333333482
0.453333333135
0.526666666071
0.449999999255
0.476666666567
0.486666666965
0.476666666567
0.46333333229
0.46666666617
0.453333333135
0.480000000447
0.463333333532
0.473333332688
0.480000000447
0.443333332737
0.46666666617
0.480000000447
0.493333333482
0.506666666518
0.489999999603
0.493333333482
0.523333333433
0.459999999652
0.473333332688
0.493333333482
0.516666666915
0.49666666612
0.483333334327
0.47000000005
0.489999999603
0.466666667412
0.50333333388
0.480000000447
0.483333334327
0.476666666567
0.480000000447
0.516666666915
0.533333332588
0.523333333433
0.519999999553
0.46666666617
0.480000000447
0.489999999603
0.483333334327
0.47000000005
0.486666666965
0.47000000005
0.473333332688
0.480000000447
0.516666666915
0.526666666071
0.493333333482
0.566666666418
0.589999999851
0.460000000894
0.450000000497
0.453333333135
0.443333332737
0.493333332241
0.456666667014
0.473333333929
0.466666667412
0.450000000497
0.5
0.480000000447
0.453333333135
0.476666666567
0.449999999255
0.46666666617
0.486666665723
0.47000000005
0.46666666617
0.443333333979
0.483333333085
0.473333332688
0.463333333532
0.466666667412
0.473333333929
0.479999999205
0.476666666567
0.469999998808
0.453333333135
0.476666666567
0.476666667809
0.490000000844
0.480000000447
0.5
0.459999999652
0.466666667412
0.483333333085
0.460000000894
0.489999999603
0.5
0.483333334327
0.46666666617
0.489999999603
0.473333333929
0.46666666617
0.46666666617
0.46666666617
0.463333333532
0.47000000005
0.483333333085
0.473333332688
0.49666666612
0.496666667362
0.483333334327
0.519999999553
0.513333333035
0.483333334327
0.506666666518
0.473333333929
0.489999999603
0.486666666965
0.516666665673
0.476666666567
0.483333333085
0.533333332588
0.450000000497
0.493333333482
0.459999999652
0.490000000844
0.53333333383
0.520000000795
0.453333333135
0.459999999652
0.473333333929
0.473333332688
0.479999999205
0.473333333929
0.493333333482
0.456666665773
0.480000000447
0.486666665723
0.476666666567
0.50333333388
0.520000000795
0.553333333383
0.46666666617
0.479999999205
0.489999999603
0.483333333085
0.476666666567
0.480000000447
0.493333333482
0.506666666518
0.486666666965
0.456666665773
0.476666666567
0.510000000397
0.5
0.46666666617
0.473333333929
0.473333333929
0.453333333135
0.489999999603
0.47000000005
0.47000000005
0.46333333229
0.463333333532
0.473333333929
0.493333333482
0.47000000005
0.476666667809
0.493333333482
0.453333333135
0.493333333482
0.486666665723
0.476666666567
0.46666666617
0.473333332688
0.473333333929
0.476666666567
0.496666667362
0.486666666965
0.46666666617
0.466666667412
0.490000000844
0.476666666567
0.489999999603
0.459999999652
0.543333334227
0.476666666567
0.466666667412
0.49666666612
0.503333332638
0.600000000248
0.553333333383
0.47000000005
0.456666665773
0.46666666617
0.476666666567
0.479999999205
0.463333333532
0.463333333532
0.513333333035
0.476666666567
0.483333333085
0.463333333532
0.46333333229
0.466666667412
0.503333332638
0.463333333532
0.496666667362
0.46666666617
0.493333333482
0.490000000844
0.459999999652
0.473333332688
0.443333332737
0.510000000397
0.516666666915
0.49666666612
0.513333333035
0.473333333929
0.476666666567
0.476666666567
0.466666667412
0.5
0.5
0.536666666468
0.550000000745
0.489999999603
0.50333333388
0.53333333383
0.49666666612
0.506666666518
0.489999999603
0.47000000005
0.476666666567
0.520000000795
0.489999999603
0.476666666567
0.479999999205
0.473333333929
0.473333333929
0.463333333532
0.486666666965
0.46333333229
0.463333333532
0.473333332688
0.47000000005
0.456666667014
0.483333333085
0.479999999205
0.476666666567
0.479999999205
0.46666666617
0.479999999205
0.496666667362
0.456666665773
0.456666667014
0.46666666617
0.5
0.480000000447
0.46666666617
0.453333333135
0.466666667412
0.476666666567
0.47000000005
0.483333333085
0.46666666617
0.50333333388
0.490000000844
0.450000000497
0.456666665773
0.479999999205
0.50333333388
0.46666666617
0.456666667014
0.5
0.476666666567
0.473333333929
0.559999999901
0.46666666617
0.516666665673
0.5
0.46666666617
0.463333333532
0.486666666965
0.479999999205
0.489999999603
0.486666666965
0.49666666612
0.446666666617
0.476666666567
0.513333333035
0.463333333532
0.466666667412
0.493333332241
0.5
0.479999999205
0.486666666965
0.453333334376
0.46666666617
0.486666666965
0.516666666915
0.503333332638
0.466666667412
0.573333332936
0.583333333333
0.643333334476
0.573333332936
0.53333333383
0.486666666965
0.489999999603
0.52999999995
0.446666666617
0.5
0.539999999106
0.456666667014
0.473333332688
0.473333333929
0.449999999255
0.46333333229
0.459999999652
0.5
0.513333333035
0.463333333532
0.47000000005
0.486666666965
0.486666666965
0.47000000005
0.486666666965
0.47000000005
0.493333333482
0.476666666567
0.473333332688
0.459999999652
0.496666667362
0.473333332688
0.47000000005
0.473333333929
0.52999999995
0.463333333532
0.453333333135
0.476666666567
0.463333333532
0.43666666622
0.476666666567
0.460000000894
0.493333333482
0.49666666612
0.459999999652
0.456666667014
0.486666666965
0.463333333532
0.473333333929
0.473333333929
0.476666666567
0.489999999603
0.47000000005
0.493333333482
0.49666666612
0.496666667362
0.483333334327
0.480000000447
0.5
0.490000000844
0.486666666965
0.466666667412
0.496666667362
0.46666666617
0.46333333229
0.466666667412
0.479999999205
0.46666666617
0.443333332737
0.47000000005
0.456666665773
0.533333332588
0.506666666518
0.453333333135
0.466666667412
0.466666667412
0.459999999652
0.449999999255
0.446666666617
0.486666666965
0.476666666567
0.5
0.476666666567
0.476666666567
0.486666666965
0.490000000844
0.479999999205
0.50333333388
0.5
0.459999999652
0.453333333135
0.47000000005
0.466666667412
0.46666666617
0.46666666617
0.480000000447
0.480000000447
0.47000000005
0.476666666567
0.486666666965
0.493333333482
0.49666666612
0.456666665773
0.493333333482
0.47000000005
0.483333333085
0.463333333532
0.476666666567
0.476666667809
0.5
0.453333333135
0.443333333979
0.46666666617
0.473333332688
0.479999999205
0.46666666617
0.489999999603
0.510000000397
0.46666666617
0.510000000397
0.483333333085
0.463333333532
0.476666666567
0.489999999603
0.486666666965
0.489999999603
0.53333333383
0.473333332688
0.543333334227
0.483333333085
0.563333332539
0.476666666567
0.483333334327
0.5
0.509999999156
0.483333334327
0.459999999652
0.503333332638
0.483333333085
0.50333333388
0.489999999603
0.450000000497
0.47000000005
0.463333333532
0.5
0.490000000844
0.5
0.473333333929
0.513333333035
0.476666666567
0.479999999205
0.46666666617
0.459999999652
0.46666666617
0.506666666518
0.466666667412
0.47000000005
0.510000000397
0.49666666612
0.489999999603
0.46333333229
0.476666666567
0.493333333482
0.47000000005
0.473333332688
0.52999999995
0.52999999995
0.486666666965
0.509999999156
0.47000000005
0.473333333929
0.520000000795
0.456666667014
0.47000000005
0.486666666965
0.476666666567
0.476666666567
0.486666666965
0.463333333532
0.453333333135
0.486666666965
0.47000000005
0.486666665723
0.476666666567
0.476666666567
0.47000000005
0.459999999652
0.479999999205
0.46666666617
0.486666666965
0.47000000005
0.496666667362
0.450000000497
0.479999999205
0.493333332241
0.47000000005
0.486666665723
0.49666666612
0.50333333388
0.50333333388
0.476666666567
0.47000000005
0.506666666518
0.489999999603
0.480000000447
0.5
0.546666666865
0.47000000005
0.456666667014
0.476666666567
0.46666666617
0.460000000894
0.479999999205
0.483333333085
0.476666666567
0.516666666915
0.480000000447
0.479999999205
0.440000000099
0.463333333532
0.52999999995
0.516666665673
0.463333333532
0.459999999652
0.473333333929
0.473333333929
0.473333332688
0.479999999205
0.480000000447
0.466666667412
0.480000000447
0.476666666567
0.476666666567
0.46666666617
0.460000000894
0.47000000005
0.513333334277
0.493333333482
0.466666667412
0.483333334327
0.47000000005
0.476666666567
0.47000000005
0.473333332688
0.503333332638
0.509999999156
0.493333332241
0.533333332588
0.476666666567
0.489999999603
0.516666666915
0.480000000447
0.473333332688
0.543333332986
0.560000001142
0.513333333035
0.523333333433
0.483333333085
0.486666665723
0.483333333085
0.50333333388
0.5
0.483333333085
0.483333334327
0.513333333035
0.480000000447
0.513333333035
0.443333332737
0.46666666617
0.480000000447
0.493333333482
0.459999999652
0.450000000497
0.483333333085
0.476666666567
0.5
0.46666666617
0.479999999205
0.466666667412
0.473333333929
0.503333332638
0.513333333035
0.520000000795
0.473333333929
0.473333333929
0.47000000005
0.47000000005
0.453333333135
0.480000000447
0.459999999652
0.47000000005
0.466666667412
0.483333333085
0.513333333035
0.490000000844
0.523333333433
0.513333334277
0.456666667014
0.5
0.473333333929
0.593333333731
0.460000000894
0.479999999205
0.446666666617
0.476666666567
0.46333333229
0.463333333532
0.489999999603
0.493333333482
0.510000000397
0.50333333388
0.479999999205
0.5
0.47000000005
0.480000000447
0.466666667412
0.476666666567
0.503333332638
0.503333332638
0.459999999652
0.486666666965
0.50333333388
0.52999999995
0.483333333085
0.523333333433
0.503333332638
0.486666666965
0.483333333085
0.489999999603
0.47000000005
0.453333333135
0.47000000005
0.519999999553
0.516666666915
0.463333333532
0.49666666612
0.473333333929
0.483333333085
0.50333333388
0.443333332737
0.516666666915
0.469999998808
0.493333333482
0.5
0.483333334327
0.46666666617
0.486666666965
0.463333333532
0.479999999205
0.473333332688
0.46666666617
0.453333333135
0.476666666567
0.473333333929
0.5
0.46666666617
0.463333333532
0.5
0.476666666567
0.486666665723
0.476666666567
0.476666666567
0.490000000844
0.486666666965
0.466666667412
0.480000000447
0.5
0.506666666518
0.486666666965
0.49666666612
0.473333333929
0.459999999652
0.483333334327
0.483333333085
0.476666666567
0.476666666567
0.486666665723
0.493333333482
0.503333332638
0.52999999995
0.506666666518
0.503333332638
0.5
0.486666666965
0.476666667809
0.5
0.490000000844
0.480000000447
0.516666665673
0.493333333482
0.476666666567
0.496666667362
0.480000000447
0.473333333929
0.473333333929
0.486666666965
0.563333332539
0.456666667014
0.53333333383
0.483333333085
0.476666666567
0.480000000447
0.473333333929
0.503333332638
0.483333333085
0.466666667412
0.47000000005
0.456666665773
0.5
0.446666666617
0.486666666965
0.473333333929
0.46666666617
0.473333333929
0.479999999205
0.490000000844
0.463333334774
0.479999999205
0.459999999652
0.453333333135
0.473333333929
0.463333333532
0.510000000397
0.480000000447
0.47000000005
0.489999999603
0.483333333085
0.476666666567
0.50333333388
0.473333332688
0.493333333482
0.46333333229
0.456666667014
0.456666667014
0.473333333929
0.476666666567
0.506666666518
0.490000000844
0.516666665673
0.496666667362
0.506666666518
0.456666665773
0.47000000005
0.463333333532
0.479999999205
0.476666666567
0.46666666617
0.486666666965
0.486666666965
0.486666666965
0.473333333929
0.516666666915
0.473333333929
0.489999999603
0.446666666617
0.526666666071
0.459999999652
0.459999999652
0.5
0.479999999205
0.459999999652
0.486666666965
0.486666666965
0.473333333929
0.510000000397
0.520000000795
0.473333332688
0.463333333532
0.479999999205
0.459999999652
0.496666667362
0.47000000005
0.476666666567
0.473333333929
0.496666667362
0.473333333929
0.483333334327
0.489999999603
0.473333332688
0.473333332688
0.453333333135
0.49666666612
0.483333333085
0.483333334327
0.459999999652
0.476666666567
0.513333334277
0.483333333085
0.466666667412
0.489999999603
0.476666666567
0.489999999603
0.5
0.506666666518
0.493333333482
0.49666666612
0.523333333433
0.513333333035
0.46666666617
0.483333333085
0.493333333482
0.47000000005
0.50333333388
0.453333333135
0.47000000005
0.47000000005
0.46666666617
0.480000000447
0.466666667412
0.493333333482
0.516666666915
0.546666666865
0.456666665773
0.453333333135
0.489999999603
0.493333333482
0.49666666612
0.453333334376
0.476666666567
0.479999999205
0.46666666617
0.490000000844
0.476666666567
0.480000000447
0.47000000005
0.50333333388
0.489999999603
0.459999999652
0.463333333532
0.486666665723
0.47000000005
0.483333333085
0.476666666567
0.450000000497
0.473333332688
0.479999999205
0.476666666567
0.520000000795
0.536666666468
0.523333333433
0.463333333532
0.476666666567
0.503333332638
0.459999999652
0.493333333482
0.453333333135
0.480000000447
0.47000000005
0.473333333929
0.463333333532
0.480000000447
0.47000000005
0.456666665773
0.476666666567
0.476666666567
0.513333333035
0.493333333482
0.496666667362
0.483333333085
0.476666666567
0.473333332688
0.506666666518
0.519999999553
0.476666666567
0.463333333532
0.483333333085
0.463333333532
0.480000000447
0.440000000099
0.463333333532
0.486666666965
0.486666665723
0.526666667312
0.479999999205
0.489999999603
0.46666666617
0.49666666612
0.47000000005
0.47000000005
0.473333332688
0.480000000447
0.473333332688
0.476666666567
0.510000000397
0.489999999603
0.50333333388
0.510000000397
0.506666667759
0.476666666567
0.466666667412
0.460000000894
0.496666667362
0.5
0.506666666518
0.456666665773
0.486666666965
0.496666667362
0.453333333135
0.503333332638
0.453333333135
0.486666665723
0.476666666567
0.473333333929
0.483333334327
0.473333332688
0.473333332688
0.459999999652
0.506666666518
0.510000000397
0.476666666567
0.476666666567
0.49666666612
0.453333333135
0.466666667412
0.480000000447
0.493333333482
0.476666666567
0.486666665723
0.456666665773
0.46666666617
0.5
0.476666666567
0.476666666567
0.483333334327
0.503333332638
0.510000000397
0.506666666518
0.506666666518
0.479999999205
0.489999999603
0.489999999603
0.490000000844
0.480000000447
0.493333333482
0.649999999752
0.656666667511
0.47000000005
0.506666666518
0.5
0.473333332688
0.47000000005
0.459999999652
0.5
0.509999999156
0.5
0.446666666617
0.493333333482
0.493333333482
0.459999999652
0.483333334327
0.47000000005
0.47000000005
0.47000000005
0.46666666617
0.459999999652
0.503333332638
0.449999999255
0.473333332688
0.899999999752
0.459999999652
0.480000000447
0.46666666617
0.483333333085
0.47000000005
0.52999999995
0.466666667412
0.47000000005
0.479999999205
0.463333333532
0.476666666567
0.446666666617
0.47000000005
0.460000000894
0.473333333929
0.483333334327
0.46666666617
0.466666667412
0.480000000447
0.483333333085
0.480000000447
0.476666666567
0.463333333532
0.473333333929
0.473333333929
0.476666666567
0.5
0.526666667312
0.509999999156
0.443333332737
0.496666667362
0.513333334277
0.463333333532
0.483333333085
0.459999999652
0.486666665723
0.476666667809
0.476666666567
0.476666666567
0.479999999205
0.46666666617
0.503333332638
0.479999999205
0.463333333532
0.476666667809
0.493333333482
0.486666665723
0.523333332191
0.52999999995
0.473333333929
0.46666666617
0.480000000447
0.489999999603
0.476666666567
0.636666665475
0.503333332638
0.463333333532
0.483333333085
0.483333333085
0.483333334327
0.479999999205
0.460000000894
0.433333333582
0.479999999205
0.453333333135
0.47000000005
0.5
0.506666666518
0.496666667362
0.5
0.446666666617
0.479999999205
0.483333333085
0.493333333482
0.456666665773
0.493333333482
0.489999999603
0.556666666021
0.489999999603
0.479999999205
0.486666666965
0.486666665723
0.483333333085
0.486666666965
0.476666667809
0.476666666567
0.463333333532
0.47000000005
0.476666666567
0.483333333085
0.489999999603
0.493333333482
0.476666666567
0.47000000005
0.466666667412
0.46666666617
0.480000000447
0.479999999205
0.480000000447
0.483333333085
0.47000000005
0.489999999603
0.486666666965
0.510000000397
0.496666667362
0.419999999305
0.513333333035
0.536666666468
0.466666667412
0.480000000447
0.49666666612
0.466666667412
0.486666666965
0.453333333135
0.486666666965
0.5
0.509999999156
0.479999999205
0.46666666617
0.473333333929
0.5
0.50333333388
0.473333332688
0.476666666567
0.50333333388
0.449999999255
0.463333333532
0.463333333532
0.446666666617
0.43666666622
0.493333333482
0.496666667362
0.483333333085
0.516666666915
0.46666666617
0.489999999603
0.483333333085
0.493333333482
0.46666666617
0.463333333532
0.456666665773
0.493333333482
0.463333333532
0.476666666567
0.476666666567
0.46666666617
0.480000000447
0.479999999205
0.489999999603
0.473333333929
0.460000000894
0.463333333532
0.486666666965
0.473333332688
0.483333333085
0.463333333532
0.473333332688
0.5
0.493333333482
0.480000000447
0.550000000745
0.480000000447
0.510000000397
0.473333332688
0.47000000005
0.456666667014
0.480000000447
0.47000000005
0.5
0.519999999553
0.49666666612
0.486666665723
0.463333333532
0.473333332688
0.459999999652
0.490000000844
0.493333332241
0.486666666965
0.483333333085
0.506666666518
0.439999998858
0.486666666965
0.513333334277
0.506666667759
0.480000000447
0.459999999652
0.456666667014
0.486666666965
0.5
0.486666666965
0.453333333135
0.463333333532
0.483333333085
0.50333333388
0.573333332936
0.473333333929
0.43666666622
0.489999999603
0.496666667362
0.5
0.523333333433
0.46666666617
0.473333333929
0.5
0.516666666915
0.466666667412
0.46333333229
0.433333333582
0.496666667362
0.5
0.49666666612
0.509999999156
0.53333333383
0.503333332638
0.570000000298
0.489999999603
0.489999999603
0.463333333532
0.463333333532
0.489999999603
0.443333332737
0.46666666617
0.456666667014
0.5
0.506666666518
0.516666666915
0.486666665723
0.506666667759
0.47000000005
0.486666665723
0.486666666965
0.480000000447
0.483333333085
0.473333333929
0.510000000397
0.506666666518
0.533333332588
0.496666667362
0.513333333035
0.503333332638
0.473333332688
0.486666665723
0.486666665723
0.483333333085
0.446666666617
0.480000000447
0.460000000894
0.463333333532
0.443333333979
0.483333333085
0.483333333085
0.473333333929
0.493333333482
0.473333332688
0.473333332688
0.476666666567
0.480000000447
0.460000000894
0.5
0.473333333929
0.459999999652
0.46333333229
0.47000000005
0.459999999652
0.5
0.453333334376
0.493333333482
0.526666667312
0.566666666418
0.543333332986
0.52999999995
0.463333333532
0.463333333532
0.479999999205
0.479999999205
0.486666666965
0.493333333482
0.463333333532
0.473333333929
0.483333333085
0.493333333482
0.456666667014
0.496666667362
0.523333333433
0.570000000298
0.47000000005
0.486666666965
0.463333333532
0.483333333085
0.463333333532
0.486666666965
0.473333333929
0.490000000844
0.456666665773
0.543333334227
0.520000000795
0.493333332241
0.546666666865
0.473333332688
0.473333333929
0.456666667014
0.476666666567
0.473333333929
0.46666666617
0.466666667412
0.489999999603
0.490000000844
0.476666666567
0.50333333388
0.463333333532
0.46666666617
0.476666666567
0.486666665723
0.460000000894
0.473333332688
0.463333333532
0.47000000005
0.473333332688
0.489999999603
0.486666666965
0.47000000005
0.546666666865
0.473333333929
0.489999999603
0.489999999603
0.473333333929
0.47000000005
0.469999998808
0.473333333929
0.466666667412
0.486666666965
0.486666665723
0.459999999652
0.456666667014
0.480000000447
0.479999999205
0.483333333085
0.46666666617
0.526666667312
0.493333333482
0.49666666612
0.483333333085
0.520000000795
0.473333333929
0.483333333085
0.456666667014
0.526666667312
0.476666667809
0.486666665723
0.493333332241
0.446666666617
0.493333333482
0.463333333532
0.496666667362
0.516666666915
0.483333333085
0.490000000844
0.489999999603
0.479999999205
0.489999999603
0.479999999205
0.519999999553
0.506666666518
0.526666666071
0.459999999652
0.47000000005
0.476666666567
0.49666666612
0.473333333929
0.476666666567
0.486666666965
0.46666666617
0.486666665723
0.476666667809
0.519999999553
0.473333332688
0.453333333135
0.473333332688
0.473333333929
0.493333333482
0.443333332737
0.47000000005
0.456666667014
0.459999999652
0.456666665773
0.486666666965
0.47000000005
0.473333332688
0.486666666965
0.5
0.483333334327
0.49666666612
0.476666666567
0.519999999553
0.493333332241
0.523333333433
0.573333334178
0.47000000005
0.456666665773
0.450000000497
0.476666666567
0.480000000447
0.46666666617
0.483333333085
0.483333333085
0.473333332688
0.459999999652
0.46333333229
0.483333334327
0.453333333135
0.456666667014
0.47000000005
0.440000000099
0.466666667412
0.473333332688
0.473333333929
0.479999999205
0.486666666965
0.476666666567
0.459999999652
0.493333333482
0.480000000447
0.459999999652
0.463333333532
0.476666666567
0.463333333532
0.47000000005
0.443333333979
0.459999999652
0.476666666567
0.450000000497
0.46666666617
0.47000000005
0.493333333482
0.486666666965
0.503333332638
0.486666666965
0.480000000447
0.463333333532
0.506666666518
0.473333333929
0.463333333532
0.483333333085
0.479999999205
0.5
0.47000000005
0.440000000099
0.473333332688
0.483333333085
0.480000000447
0.47000000005
0.489999999603
0.463333333532
0.453333333135
0.493333333482
0.469999998808
0.46666666617
0.476666666567
0.456666665773
0.456666667014
0.473333333929
0.443333333979
0.489999999603
0.486666666965
0.456666665773
0.493333333482
0.483333333085
0.473333333929
0.483333333085
0.523333333433
0.489999999603
0.483333334327
0.493333333482
0.46666666617
0.463333333532
0.486666666965
0.47000000005
0.5
0.476666666567
0.47000000005
0.5
0.489999999603
0.489999999603
0.466666667412
0.510000000397
0.496666667362
0.446666666617
0.476666666567
0.46666666617
0.480000000447
0.476666666567
0.46333333229
0.5
0.519999999553
0.493333333482
0.473333333929
0.476666666567
0.46666666617
0.510000000397
0.503333332638
0.47000000005
0.46666666617
0.483333333085
0.519999999553
0.473333332688
0.516666666915
0.520000000795
0.47000000005
0.43666666622
0.510000000397
0.47000000005
0.52999999995
0.523333333433
0.519999999553
0.516666666915
0.523333332191
0.456666667014
0.486666666965
0.473333333929
0.46666666617
0.463333333532
0.493333333482
0.466666667412
0.46666666617
0.469999998808
0.483333334327
0.440000000099
0.440000000099
0.480000000447
0.46333333229
0.496666667362
0.496666667362
0.576666666816
0.526666667312
0.476666666567
0.433333333582
0.459999999652
0.519999999553
0.523333333433
0.503333332638
0.480000000447
0.43666666622
0.483333333085
0.466666667412
0.493333333482
0.476666667809
0.466666667412
0.479999999205
0.463333333532
0.489999999603
0.47000000005
0.483333333085
0.46666666617
0.43666666622
0.479999999205
0.483333333085
0.476666666567
0.513333333035
0.483333333085
0.486666666965
0.473333333929
0.5
0.480000000447
0.490000000844
0.503333332638
