bytes_written	total_items	curr_connections	threads	cmd_set	cmd_get	get_misses	get_hits	bytes_read
12541989294	666520	23	8	665047	8436005	1589657	6846348	1600147842	386575
12542854379	666524	27	8	665051	8436505	1589728	6846777	1600174068	386576
12543856777	666524	23	8	665051	8437008	1589797	6847211	1600200044	386576
12544542175	666524	30	8	665051	8437510	1589874	6847636	1600225967	386576
12545419586	666524	24	8	665051	8438002	1589944	6848058	1600251456	386576
12546081638	666524	30	8	665051	8438498	1590018	6848480	1600277295	386576
12547033787	666526	22	8	665053	8438985	1590080	6848905	1600302850	386575
12547837750	666526	27	8	665053	8439484	1590151	6849333	1600328577	386575
12548473397	666526	23	8	665053	8439983	1590220	6849763	1600354260	386575
12549197652	666529	23	8	665056	8440485	1590301	6850184	1600391000	386577
12549924666	666531	22	8	665058	8440980	1590376	6850604	1600431968	386577
12550768104	666531	23	8	665058	8441481	1590464	6851017	1600458172	386577
12551693324	666531	22	8	665058	8441970	1590519	6851451	1600483300	386577
12552508760	666532	23	8	665059	8442468	1590596	6851872	1600511631	386578
12553405679	666532	22	8	665059	8442983	1590668	6852315	1600538368	386578
12554256814	666532	22	8	665059	8443451	1590735	6852716	1600562518	386578
12555073151	666534	24	8	665061	8443972	1590806	6853166	1600604579	386577
12555805849	666536	26	8	665063	8444496	1590888	6853608	1600631987	386575
12556484660	666537	23	8	665064	8444995	1590956	6854039	1600670960	386576
12557311498	666538	22	8	665065	8445485	1591027	6854458	1600696430	386576
12558065535	666538	23	8	665065	8445994	1591101	6854893	1600722661	386576
12558810612	666538	25	8	665065	8446509	1591178	6855331	1600749197	386576
12559506118	666541	19	8	665068	8447010	1591250	6855760	1600778827	386576
12560360231	666541	24	8	665068	8447526	1591327	6856199	1600805601	386576
12561105460	666542	28	8	665069	8448023	1591404	6856619	1600831602	386575
12561901281	666544	24	8	665071	8448531	1591480	6857051	1600861744	386574
12562695131	666544	24	8	665071	8449045	1591552	6857493	1600888325	386574
12563538669	666544	25	8	665071	8449551	1591621	6857930	1600914455	386574
12564281298	666545	24	8	665072	8450046	1591702	6858344	1600941833	386574
12565078051	666557	23	8	665084	8450551	1591779	6858772	1601005822	386578
12566009508	666567	20	8	665094	8451056	1591860	6859196	1601046409	386581
12566861437	666567	24	8	665094	8451571	1591941	6859630	1601073063	386581
12567622765	666567	25	8	665094	8452064	1592001	6860063	1601098451	386581
12568537950	666567	28	8	665094	8452569	1592067	6860502	1601124472	386581
12569251750	666567	25	8	665094	8453069	1592140	6860929	1601150426	386581
12569822898	666569	25	8	665096	8453560	1592208	6861352	1601181743	386582
12570656326	666571	22	8	665098	8454048	1592277	6861771	1601228368	386582
12571519105	666586	25	8	665113	8454565	1592369	6862196	1601273007	386596
12572414738	666586	21	8	665113	8455036	1592433	6862603	1601297375	386596
12573225601	666586	26	8	665113	8455539	1592508	6863031	1601323418	386596
12574252618	666586	23	8	665113	8456036	1592569	6863467	1601348791	386596
12574915410	666586	28	8	665113	8456543	1592633	6863910	1601374765	386596
12575705547	666592	23	8	665119	8457052	1592702	6864350	1601436957	386596
12576666132	666594	23	8	665121	8457558	1592775	6864783	1601474972	386596
12577493230	666594	26	8	665121	8458047	1592846	6865201	1601500358	386596
12578473650	666596	26	8	665123	8458552	1592912	6865640	1601556933	386596
12579260386	666597	26	8	665124	8459039	1592974	6866065	1601582156	386595
12580137339	666597	23	8	665124	8459539	1593038	6866501	1601608052	386595
12580960331	666599	22	8	665126	8460039	1593108	6866931	1601640122	386594
12581756568	666599	27	8	665126	8460564	1593191	6867373	1601667320	386594
12582744599	666599	25	8	665126	8461073	1593246	6867827	1601693687	386594
12583504134	666599	24	8	665126	8461561	1593317	6868244	1601718828	386594
12584193195	666599	25	8	665126	8462058	1593391	6868667	1601744494	386594
12585139800	666608	27	8	665135	8462582	1593478	6869104	1601799608	386603
12586041202	666608	25	8	665135	8463083	1593548	6869535	1601825349	386603
12586626030	666609	25	8	665136	8463594	1593628	6869966	1601856909	386603
12587660585	666609	24	8	665136	8464103	1593698	6870405	1601883003	386603
12588206032	666611	27	8	665138	8464601	1593770	6870831	1601916755	386604
12589029472	666611	26	8	665138	8465105	1593850	6871255	1601943054	386604
12589822488	666612	27	8	665139	8465600	1593919	6871681	1601972389	386605
12590615022	666612	24	8	665139	8466094	1593993	6872101	1601997923	386605
12591583586	666612	22	8	665139	8466587	1594051	6872536	1602023210	386605
12592184206	666612	24	8	665139	8467093	1594117	6872976	1602049272	386605
12593133797	666612	25	8	665139	8467605	1594176	6873429	1602075511	386605
12594166287	666612	26	8	665139	8468089	1594234	6873855	1602100345	386605
12594926190	666616	22	8	665143	8468594	1594310	6874284	1602136589	386608
12595723206	666616	29	8	665143	8469097	1594380	6874717	1602162371	386608
12596367686	666630	25	8	665157	8469615	1594453	6875162	1602222571	386619
12597264101	666633	29	8	665160	8470118	1594520	6875598	1602252998	386622
12598272631	666636	24	8	665163	8470647	1594596	6876051	1602288933	386622
12599177786	666637	25	8	665164	8471153	1594661	6876492	1602329105	386622
12599886148	666638	21	8	665165	8471651	1594730	6876921	1602374383	386621
12600716726	666639	26	8	665166	8472165	1594809	6877356	1602403150	386622
12601796912	666642	25	8	665169	8472658	1594872	6877786	1602436875	386624
12602756426	666642	24	8	665169	8473160	1594936	6878224	1602462792	386624
12603593424	666643	27	8	665170	8473670	1595004	6878666	1602489121	386623
12604302160	666644	24	8	665171	8474176	1595081	6879095	1602517130	386623
12605016864	666644	25	8	665171	8474662	1595145	6879517	1602542142	386623
12605775646	666644	24	8	665171	8475159	1595210	6879949	1602567814	386623
12606537117	666644	22	8	665171	8475654	1595280	6880374	1602593277	386623
12607467931	666644	23	8	665171	8476181	1595367	6880814	1602620409	386623
12608322525	666644	24	8	665171	8476680	1595428	6881252	1602646041	386623
12609251536	666645	24	8	665172	8477190	1595504	6881686	1602672613	386622
12610055017	666645	27	8	665172	8477681	1595574	6882107	1602698019	386622
12610974585	666645	25	8	665172	8478176	1595640	6882536	1602723426	386622
12611647688	666645	26	8	665172	8478670	1595710	6882960	1602749189	386622
12612432429	666645	25	8	665172	8479178	1595786	6883392	1602775281	386622
12613363680	666645	22	8	665172	8479686	1595863	6883823	1602801435	386622
12614117835	666645	19	8	665172	8480171	1595921	6884250	1602826510	386622
12615092919	666646	20	8	665173	8480655	1595982	6884673	1602901851	386622
12615968164	666651	23	8	665178	8481147	1596043	6885104	1602952137	386624
12616784142	666651	22	8	665178	8481628	1596113	6885515	1602976917	386623
12617442065	666653	24	8	665180	8482094	1596169	6885925	1603005345	386625
12618343262	666655	27	8	665182	8482596	1596224	6886372	1603075037	386625
12619147110	666659	23	8	665186	8483097	1596300	6886797	1603110392	386628
12619864983	666659	22	8	665186	8483582	1596374	6887208	1603135576	386628
12620535337	666659	26	8	665186	8484084	1596443	6887641	1603161360	386628
12621287232	666665	24	8	665192	8484563	1596516	6888047	1603228726	386631
12622219413	666665	28	8	665192	8485057	1596576	6888481	1603254074	386631
12623075572	666665	23	8	665192	8485556	1596649	6888907	1603279550	386631
12623780197	666665	25	8	665192	8486038	1596717	6889321	1603304300	386631
12624530540	666665	24	8	665192	8486523	1596788	6889735	1603329383	386631
12625360613	666665	24	8	665192	8487010	1596850	6890160	1603354524	386631
12626160387	666665	23	8	665192	8487497	1596935	6890562	1603379840	386631
12626753275	666668	28	8	665195	8487987	1597018	6890969	1603405507	386632
12627482333	666669	24	8	665196	8488464	1597080	6891384	1603436433	386632
12628381546	666672	26	8	665199	8488964	1597153	6891811	1603462523	386635
12629093472	666673	23	8	665200	8489450	1597229	6892221	1603488279	386635
12629751172	666673	24	8	665200	8489942	1597302	6892640	1603513669	386635
12630528548	666673	21	8	665200	8490428	1597371	6893057	1603538807	386635
12631636692	666686	27	8	665213	8490941	1597444	6893497	1603624595	386643
12632342437	666686	23	8	665213	8491437	1597510	6893927	1603650160	386643
12633245759	666688	22	8	665215	8491922	1597578	6894344	1603702133	386643
12634092666	666690	21	8	665217	8492418	1597652	6894766	1603736701	386645
12634768555	666690	23	8	665217	8492901	1597718	6895183	1603761499	386645
12635394926	666693	24	8	665220	8493378	1597783	6895595	1603790200	386646
12636317839	666698	25	8	665225	8493882	1597858	6896024	1603833121	386645
12637185931	666698	21	8	665225	8494345	1597916	6896429	1603857054	386645
12637799696	666701	26	8	665228	8494856	1597994	6896862	1603891024	386648
12638598543	666702	23	8	665229	8495322	1598065	6897257	1603924757	386649
12639473118	666708	23	8	665235	8495823	1598146	6897677	1603951649	386653
12640241240	666708	21	8	665235	8496298	1598201	6898097	1603976070	386653
12640868848	666708	25	8	665235	8496769	1598262	6898507	1604000373	386653
12641617277	666708	23	8	665235	8497258	1598329	6898929	1604025562	386653
12642567533	666708	23	8	665235	8497758	1598408	6899350	1604051485	386653
12643650859	666708	24	8	665235	8498251	1598470	6899781	1604076749	386653
12644272126	666708	28	8	665235	8498725	1598528	6900197	1604101106	386653
12645027157	666708	22	8	665235	8499212	1598605	6900607	1604126406	386653
12645918211	666708	23	8	665235	8499698	1598670	6901028	1604151199	386653
12646897131	666709	22	8	665236	8500195	1598732	6901463	1604214979	386654
12647627216	666721	24	8	665248	8500674	1598798	6901876	1604283891	386666
12648511166	666721	23	8	665248	8501151	1598856	6902295	1604308356	386666
12649161790	666721	25	8	665248	8501652	1598929	6902723	1604334253	386666
12649973310	666721	23	8	665248	8502148	1599006	6903142	1604359758	386666
12650875649	666721	28	8	665248	8502613	1599078	6903535	1604383813	386666
12651449122	666721	22	8	665248	8503077	1599139	6903938	1604408067	386666
12652193889	666721	25	8	665248	8503562	1599207	6904355	1604433114	386666
12653090968	666721	21	8	665248	8504038	1599269	6904769	1604457819	386666
12653921478	666721	25	8	665248	8504533	1599333	6905200	1604483228	386666
12654809160	666722	21	8	665249	8505002	1599397	6905605	1604507648	386667
12655598901	666722	27	8	665249	8505494	1599462	6906032	1604532916	386667
12656469890	666730	22	8	665257	8505996	1599544	6906452	1604606459	386675
12657050855	666730	24	8	665257	8506467	1599615	6906852	1604631030	386675
12657831324	666730	21	8	665257	8506962	1599688	6907274	1604656689	386675
12658461550	666730	28	8	665257	8507455	1599762	6907693	1604682316	386675
12659191897	666730	21	8	665257	8507923	1599822	6908101	1604706475	386675
12660010366	666730	24	8	665257	8508412	1599889	6908523	1604731681	386675
12660766491	666730	24	8	665257	8508904	1599957	6908947	1604756899	386675
12661605458	666753	28	8	665280	8509437	1600045	6909392	1604794321	386698
12662400929	666754	22	8	665281	8509925	1600119	6909806	1604819579	386699
12663161014	666754	23	8	665281	8510420	1600196	6910224	1604845129	386699
12663980560	666754	21	8	665281	8510901	1600264	6910637	1604869957	386699
12664828217	666758	24	8	665285	8511399	1600336	6911063	1604902471	386701
12665714230	666765	24	8	665292	8511913	1600413	6911500	1604945876	386707
12666432960	666773	23	8	665300	8512385	1600474	6911911	1605005278	386715
12667117785	666773	24	8	665300	8512884	1600547	6912337	1605030940	386715
12667882166	666774	23	8	665301	8513359	1600610	6912749	1605067994	386716
12668443577	666774	23	8	665301	8513845	1600682	6913163	1605093063	386716
12669160297	666781	22	8	665308	8514338	1600757	6913581	1605183438	386723
12669817668	666781	21	8	665308	8514812	1600827	6913985	1605207955	386723
12670770917	666782	21	8	665309	8515316	1600895	6914421	1605233988	386724
12671664438	666782	23	8	665309	8515806	1600974	6914832	1605259313	386724
12672483189	666783	22	8	665310	8516285	1601043	6915242	1605284478	386724
12673288171	666783	23	8	665310	8516773	1601109	6915664	1605309457	386724
12674113794	666784	22	8	665311	8517264	1601182	6916082	1605335244	386724
12675151086	666784	25	8	665311	8517765	1601251	6916514	1605361113	386724
12675812347	666786	27	8	665313	8518256	1601318	6916938	1605386667	386725
12676786070	666786	25	8	665313	8518738	1601395	6917343	1605411640	386725
12677770059	666786	24	8	665313	8519231	1601464	6917767	1605437029	386725
12678555842	666786	20	8	665313	8519733	1601539	6918194	1605462786	386725
12679140823	666786	24	8	665313	8520227	1601600	6918627	1605488159	386725
12679827780	666786	23	8	665313	8520720	1601673	6919047	1605513623	386725
12680531476	666787	23	8	665314	8521200	1601743	6919457	1605538716	386726
12681120647	666789	23	8	665316	8521676	1601804	6919872	1605565000	386725
12681905661	666789	26	8	665316	8522157	1601865	6920292	1605589672	386725
12682612928	666792	24	8	665319	8522672	1601936	6920736	1605655331	386725
12683337258	666792	27	8	665319	8523177	1601992	6921185	1605681550	386725
12684191585	666796	25	8	665323	8523673	1602062	6921611	1605720985	386728
12685161003	666796	26	8	665323	8524161	1602135	6922026	1605746325	386728
12685911272	666796	23	8	665323	8524621	1602197	6922424	1605770144	386728
12686449299	666801	26	8	665328	8525095	1602260	6922835	1605800208	386733
12687374519	666801	24	8	665328	8525584	1602321	6923263	1605825217	386733
12687964010	666803	25	8	665330	8526073	1602401	6923672	1605852741	386733
12688972152	666804	25	8	665331	8526554	1602462	6924092	1605880385	386733
12690007254	666804	24	8	665331	8527037	1602530	6924507	1605905442	386733
12690604687	666804	26	8	665331	8527530	1602607	6924923	1605930583	386733
12691380002	666806	25	8	665333	8528026	1602676	6925350	1605964720	386734
12692438806	666806	28	8	665333	8528546	1602761	6925785	1605991439	386734
12693303287	666806	25	8	665333	8529042	1602841	6926201	1606017156	386734
12694356838	666806	25	8	665333	8529531	1602914	6926617	1606042429	386734
12695303497	666807	23	8	665334	8530009	1602969	6927040	1606067365	386734
12696100845	666807	22	8	665334	8530491	1603031	6927460	1606092059	386734
12697003208	666811	24	8	665338	8531003	1603102	6927901	1606119066	386737
12697657941	666811	24	8	665338	8531474	1603167	6928307	1606143628	386737
12698566354	666811	25	8	665338	8531960	1603222	6928738	1606168471	386737
12699216746	666812	23	8	665339	8532434	1603286	6929148	1606225271	386737
12699913374	666812	24	8	665339	8532899	1603343	6929556	1606249247	386737
12700610978	666812	21	8	665339	8533384	1603426	6929958	1606274574	386737
12701459641	666812	25	8	665339	8533866	1603489	6930377	1606299294	386737
12702258328	666812	25	8	665339	8534366	1603560	6930806	1606325077	386737
12702942284	666812	25	8	665339	8534840	1603628	6931212	1606349700	386737
12703839500	666812	27	8	665339	8535322	1603695	6931627	1606374622	386737
12704725346	666812	29	8	665339	8535811	1603767	6932044	1606399858	386737
12705615966	666814	26	8	665341	8536309	1603830	6932479	1606427649	386739
12706456476	666814	25	8	665341	8536795	1603893	6932902	1606452722	386739
12707094513	666814	26	8	665341	8537265	1603958	6933307	1606476991	386739
12707749343	666814	25	8	665341	8537753	1604027	6933726	1606502327	386739
12708596235	666814	24	8	665341	8538219	1604088	6934131	1606526371	386739
12709400196	666816	24	8	665343	8538720	1604170	6934550	1606556323	386740
12710106785	666816	23	8	665343	8539181	1604227	6934954	1606580165	386740
12711041775	666817	24	8	665344	8539683	1604300	6935383	1606605918	386740
12711952360	666817	22	8	665344	8540160	1604361	6935799	1606630569	386740
12712579481	666817	23	8	665344	8540667	1604441	6936226	1606656700	386740
12713366782	666819	23	8	665346	8541139	1604507	6936632	1606681521	386742
12714241912	666819	24	8	665346	8541614	1604567	6937047	1606706023	386742
12715021637	666821	24	8	665348	8542085	1604634	6937451	1606735076	386743
12715927743	666821	23	8	665348	8542571	1604694	6937877	1606760055	386743
12716690916	666823	24	8	665350	8543040	1604761	6938279	1606790471	386743
12717469417	666823	25	8	665350	8543527	1604822	6938705	1606815456	386743
12718344236	666823	25	8	665350	8544002	1604887	6939115	1606840031	386743
12718953969	666824	24	8	665351	8544465	1604949	6939516	1606864197	386743
12719685240	666824	27	8	665351	8544954	1605019	6939935	1606889402	386743
12720505538	666826	24	8	665353	8545423	1605083	6940340	1606915000	386745
12721149615	666826	24	8	665353	8545904	1605152	6940752	1606939887	386745
12721894988	666826	20	8	665353	8546380	1605211	6941169	1606964342	386745
12722522623	666829	25	8	665356	8546895	1605296	6941599	1606998170	386745
12723235721	666829	23	8	665356	8547391	1605376	6942015	1607023948	386745
12724199134	666829	24	8	665356	8547876	1605434	6942442	1607048889	386745
12724958814	666829	22	8	665356	8548373	1605510	6942863	1607074589	386745
12725966301	666833	24	8	665360	8548877	1605579	6943298	1607109658	386748
12726677724	666833	23	8	665360	8549359	1605648	6943711	1607134624	386748
12727432569	666833	26	8	665360	8549837	1605721	6944116	1607159457	386748
12728275009	666835	23	8	665362	8550309	1605789	6944520	1607185198	386750
12729187152	666835	22	8	665362	8550774	1605855	6944919	1607209366	386750
12730015821	666835	22	8	665362	8551267	1605933	6945334	1607234915	386750
12730668472	666836	23	8	665363	8551721	1605990	6945731	1607262343	386750
12731608856	666837	21	8	665364	8552225	1606058	6946167	1607288290	386750
12732392400	666837	25	8	665364	8552709	1606127	6946582	1607313328	386750
12733292515	666840	23	8	665367	8553215	1606207	6947008	1607339466	386750
12733816917	666840	27	8	665367	8553708	1606276	6947432	1607364800	386750
12734803282	666840	22	8	665367	8554205	1606348	6947857	1607390476	386750
12735664098	666841	23	8	665368	8554711	1606415	6948296	1607416517	386750
12736558541	666841	22	8	665368	8555195	1606493	6948702	1607441745	386750
12737200249	666841	24	8	665368	8555677	1606554	6949123	1607466610	386750
12737829871	666841	21	8	665368	8556167	1606643	6949524	1607492249	386750
12738719489	666845	24	8	665372	8556681	1606715	6949966	1607532358	386750
12739461452	666845	22	8	665372	8557160	1606775	6950385	1607556945	386750
12740247270	666845	24	8	665372	8557678	1606849	6950829	1607583601	386750
12741039779	666845	22	8	665372	8558149	1606912	6951237	1607608134	386750
12741804024	666845	28	8	665372	8558640	1606973	6951667	1607633062	386750
12742507718	666845	23	8	665372	8559120	1607039	6952081	1607657858	386750
12743241958	666845	25	8	665372	8559601	1607109	6952492	1607682649	386750
12743914857	666845	22	8	665372	8560087	1607174	6952913	1607707796	386750
12745101448	666845	27	8	665372	8560586	1607239	6953347	1607733555	386750
12745983326	666872	23	8	665399	8561110	1607327	6953783	1607766502	386775
12746793673	666873	25	8	665400	8561611	1607403	6954208	1607794533	386775
12747419240	666875	22	8	665402	8562092	1607468	6954624	1607819649	386777
12748161403	666875	25	8	665402	8562577	1607522	6955055	1607844470	386777
12749140098	666878	25	8	665405	8563044	1607579	6955465	1607903300	386778
12749779741	666889	25	8	665416	8563534	1607656	6955878	1607944246	386787
12750639285	666889	21	8	665416	8564014	1607715	6956299	1607968944	386787
12751548491	666889	24	8	665416	8564511	1607787	6956724	1607994636	386787
12752189162	666889	23	8	665416	8564992	1607863	6957129	1608019585	386787
12753119235	666891	25	8	665418	8565507	1607947	6957560	1608065315	386787
12754025454	666892	22	8	665419	8565992	1608013	6957979	1608091842	386788
12754854343	666900	26	8	665427	8566488	1608096	6958392	1608131654	386793
12755409210	666903	20	8	665430	8566961	1608162	6958799	1608156288	386796
12756152600	666906	21	8	665433	8567441	1608227	6959214	1608190074	386798
12756968223	666907	21	8	665434	8567940	1608305	6959635	1608227235	386798
12757861109	666909	28	8	665436	8568437	1608375	6960062	1608255193	386797
12758795968	666918	21	8	665445	8568940	1608465	6960475	1608322223	386804
12759440659	666931	24	8	665458	8569449	1608558	6960891	1608349896	386817
12760383750	666934	24	8	665461	8569941	1608622	6961319	1608379793	386819
12760961874	666934	24	8	665461	8570411	1608685	6961726	1608404206	386819
12761682965	666934	21	8	665461	8570913	1608753	6962160	1608429819	386819
12762368857	666938	24	8	665465	8571405	1608820	6962585	1608464712	386820
12763139752	666938	25	8	665465	8571897	1608886	6963011	1608489980	386820
12764053079	666938	23	8	665465	8572376	1608952	6963424	1608514890	386820
12764858223	666942	22	8	665469	8572844	1609009	6963835	1608540725	386823
12765510700	666943	24	8	665470	8573319	1609068	6964251	1608568741	386823
12766200790	666950	19	8	665477	8573809	1609143	6964666	1608601980	386828
12767067043	666953	22	8	665480	8574294	1609211	6965083	1608635644	386830
12768007542	666953	23	8	665480	8574785	1609279	6965506	1608660821	386830
12768956519	666953	25	8	665480	8575262	1609339	6965923	1608685161	386830
12769701359	666953	24	8	665480	8575748	1609404	6966344	1608710226	386830
12770438588	666953	23	8	665480	8576217	1609463	6966754	1608734226	386830
12771083948	666954	23	8	665481	8576728	1609527	6967201	1608772815	386830
12771958791	666954	27	8	665481	8577218	1609592	6967626	1608798058	386830
12772567597	666954	24	8	665481	8577697	1609664	6968033	1608822717	386830
12773307627	666954	26	8	665481	8578164	1609730	6968434	1608846969	386830
12774197279	666954	25	8	665481	8578661	1609801	6968860	1608872712	386830
12775022318	666954	22	8	665481	8579151	1609873	6969278	1608898040	386830
12775743299	666956	25	8	665483	8579633	1609944	6969689	1608924901	386829
12776467834	666958	21	8	665485	8580116	1610002	6970114	1608952007	386831
12777234144	666958	25	8	665485	8580598	1610066	6970532	1608976948	386831
12778072605	666960	23	8	665487	8581069	1610128	6970941	1609011213	386832
12778677059	666961	27	8	665488	8581551	1610199	6971352	1609036331	386831
12779187599	666961	24	8	665488	8582014	1610264	6971750	1609060416	386831
12780311091	666961	25	8	665488	8582482	1610328	6972154	1609084580	386831
12781223832	666961	23	8	665488	8582954	1610398	6972556	1609108971	386831
12782075399	666961	25	8	665488	8583455	1610468	6972987	1609134832	386831
12782624153	666961	23	8	665488	8583919	1610532	6973387	1609158747	386831
12783447027	666961	23	8	665488	8584413	1610599	6973814	1609184031	386831
12784616401	666961	28	8	665488	8584926	1610662	6974264	1609210309	386831
12785490019	666961	21	8	665488	8585409	1610733	6974676	1609235288	386831
12786531629	666961	27	8	665488	8585902	1610796	6975106	1609260755	386831
12787110561	666962	23	8	665489	8586357	1610864	6975493	1609284598	386831
12787786756	666963	29	8	665490	8586839	1610938	6975901	1609309717	386832
12788643778	666965	23	8	665492	8587310	1611000	6976310	1609333948	386832
12789431407	666967	17	8	665494	8587757	1611063	6976694	1609360831	386834
12790169984	666967	23	8	665494	8588263	1611144	6977119	1609387060	386834
12790748547	666971	24	8	665498	8588732	1611207	6977525	1609416585	386837
12791841899	666972	23	8	665499	8589226	1611268	6977958	1609442265	386837
12792601608	666974	25	8	665501	8589702	1611333	6978369	1609474260	386839
12793349463	666976	26	8	665503	8590171	1611394	6978777	1609500163	386841
12794103709	666982	26	8	665509	8590678	1611465	6979213	1609639286	386844
12794738019	666982	30	8	665509	8591156	1611527	6979629	1609663876	386844
12795525050	666983	28	8	665510	8591645	1611605	6980040	1609694648	386844
12796377903	666983	26	8	665510	8592124	1611674	6980450	1609719322	386844
12797188173	666983	25	8	665510	8592619	1611751	6980868	1609745022	386844
12797963211	666983	26	8	665510	8593101	1611820	6981281	1609769956	386844
12798616890	666983	26	8	665510	8593563	1611888	6981675	1609793858	386844
12799607361	666983	24	8	665510	8594050	1611946	6982104	1609818835	386844
12800525812	666984	27	8	665511	8594550	1612015	6982535	1609844466	386844
12801253835	666986	23	8	665513	8595037	1612090	6982947	1609871869	386846
12801839949	666986	25	8	665513	8595504	1612159	6983345	1609896177	386846
12802486143	666986	21	8	665513	8595964	1612212	6983752	1609919700	386846
12803385300	666986	27	8	665513	8596437	1612275	6984162	1609944287	386846
12804133641	666986	21	8	665513	8596917	1612341	6984576	1609969136	386846
12805334840	666986	21	8	665513	8597420	1612412	6985008	1609994964	386846
12806175044	666986	24	8	665513	8597925	1612495	6985430	1610020923	386846
12806903008	666986	25	8	665513	8598422	1612564	6985858	1610046521	386846
12807642412	666986	24	8	665513	8598903	1612628	6986275	1610071460	386846
12808423837	666988	25	8	665515	8599380	1612702	6986678	1610099359	386847
12809278405	666988	21	8	665515	8599864	1612767	6987097	1610124483	386847
12810023002	666988	24	8	665515	8600356	1612842	6987514	1610150034	386847
12810772034	666988	24	8	665515	8600853	1612916	6987937	1610175694	386847
12811402234	666990	23	8	665517	8601342	1612992	6988350	1610227904	386847
12812067550	666990	26	8	665517	8601857	1613065	6988792	1610254274	386847
12812989473	666991	22	8	665518	8602340	1613122	6989218	1610289230	386847
12813517131	666991	25	8	665518	8602814	1613189	6989625	1610313700	386847
12814415207	666991	23	8	665518	8603305	1613258	6990047	1610338983	386847
12815123695	666991	26	8	665518	8603789	1613331	6990458	1610364304	386847
12815661656	666997	22	8	665524	8604260	1613394	6990866	1610389136	386853
12816366352	666998	25	8	665525	8604750	1613462	6991288	1610414349	386853
12817041747	666998	22	8	665525	8605235	1613535	6991700	1610439376	386853
12817714061	667007	24	8	665534	8605718	1613600	6992118	1610465412	386861
12818456342	667007	21	8	665534	8606207	1613664	6992543	1610490740	386861
12819200398	667008	26	8	665535	8606694	1613735	6992959	1610515864	386861
12819867753	667008	24	8	665535	8607161	1613805	6993356	1610540173	386861
12820475366	667010	23	8	665537	8607637	1613887	6993750	1610565131	386861
12821156959	667011	26	8	665538	8608109	1613954	6994155	1610589631	386861
12821868477	667012	24	8	665539	8608592	1614030	6994562	1610614677	386861
12822608909	667012	23	8	665539	8609090	1614107	6994983	1610640443	386861
12823575384	667012	24	8	665539	8609583	1614161	6995422	1610665690	386861
12824327711	667012	26	8	665539	8610053	1614229	6995824	1610689780	386861
12825183388	667012	22	8	665539	8610529	1614298	6996231	1610714468	386861
12825870505	667012	24	8	665539	8611024	1614367	6996657	1610739836	386861
12826654913	667012	19	8	665539	8611510	1614427	6997083	1610764802	386861
12827489073	667012	23	8	665539	8612001	1614497	6997504	1610790131	386861
12828128892	667012	23	8	665539	8612500	1614572	6997928	1610815987	386861
12828827871	667012	24	8	665539	8612976	1614630	6998346	1610840459	386861
12829662519	667014	22	8	665541	8613490	1614701	6998789	1610900476	386861
12830523687	667014	24	8	665541	8613959	1614760	6999199	1610924537	386861
12831095801	667014	24	8	665541	8614438	1614824	6999614	1610949294	386861
12831912359	667014	22	8	665541	8614925	1614897	7000028	1610974247	386861
12832569473	667014	25	8	665541	8615401	1614965	7000436	1610998775	386861
12833145676	667014	21	8	665541	8615875	1615040	7000835	1611023282	386861
12833940092	667014	29	8	665541	8616369	1615102	7001267	1611048785	386861
12834620960	667014	23	8	665541	8616854	1615168	7001686	1611073523	386861
12835678030	667014	27	8	665541	8617340	1615229	7002111	1611098488	386861
12836521935	667016	21	8	665543	8617821	1615299	7002522	1611125088	386861
12837320877	667016	23	8	665543	8618326	1615378	7002948	1611150986	386861
12838001217	667025	22	8	665552	8618821	1615445	7003376	1611200350	386868
12838706976	667025	24	8	665552	8619289	1615510	7003779	1611224392	386868
12839615042	667026	20	8	665553	8619779	1615576	7004203	1611254663	386868
12840401587	667026	23	8	665553	8620287	1615656	7004631	1611280773	386868
12841331518	667027	22	8	665554	8620765	1615715	7005050	1611308053	386868
12842166411	667029	23	8	665556	8621260	1615788	7005472	1611342028	386870
12842978351	667029	21	8	665556	8621734	1615852	7005882	1611366186	386870
12843783334	667029	24	8	665556	8622209	1615922	7006287	1611390783	386870
12844448742	667029	21	8	665556	8622692	1615987	7006705	1611415664	386870
12845319379	667030	26	8	665557	8623169	1616047	7007122	1611440632	386870
12846227745	667030	20	8	665557	8623655	1616116	7007539	1611465792	386870
12846974149	667030	24	8	665557	8624145	1616190	7007955	1611491140	386870
12847690872	667034	23	8	665561	8624617	1616255	7008362	1611539839	386870
12848379912	667061	27	8	665588	8625156	1616364	7008792	1611604048	386895
12849140565	667061	25	8	665588	8625630	1616434	7009196	1611628636	386895
12850022035	667062	25	8	665589	8626117	1616497	7009620	1611669968	386895
12850938230	667063	20	8	665590	8626579	1616560	7010019	1611693977	386895
12851717324	667063	23	8	665590	8627059	1616637	7010422	1611718816	386895
12852327014	667063	22	8	665590	8627534	1616709	7010825	1611743405	386895
12853202047	667074	25	8	665601	8628045	1616788	7011257	1611794944	386899
12854126211	667074	22	8	665601	8628529	1616860	7011669	1611820036	386899
12854914044	667074	24	8	665601	8629027	1616928	7012099	1611845606	386899
12855742318	667075	21	8	665602	8629526	1617007	7012519	1611878183	386899
12856425930	667075	23	8	665602	8630009	1617066	7012943	1611903081	386899
12857023140	667077	24	8	665604	8630485	1617132	7013353	1611942950	386900
12857824992	667078	23	8	665605	8630985	1617194	7013791	1611968874	386900
12858397457	667078	24	8	665605	8631459	1617256	7014203	1611993142	386900
12859328927	667078	22	8	665605	8631932	1617312	7014620	1612017628	386900
12860001231	667079	23	8	665606	8632423	1617378	7015045	1612043831	386901
12860792247	667080	21	8	665607	8632915	1617449	7015466	1612069233	386900
12861422768	667080	24	8	665607	8633395	1617512	7015883	1612094033	386900
12861966027	667080	21	8	665607	8633873	1617582	7016291	1612118856	386900
12862927049	667081	24	8	665608	8634361	1617656	7016705	1612144982	386901
12863662336	667081	24	8	665608	8634850	1617727	7017123	1612170173	386901
12864291527	667081	23	8	665608	8635318	1617798	7017520	1612194551	386901
12865088550	667081	26	8	665608	8635805	1617865	7017940	1612219779	386901
12865713112	667081	21	8	665608	8636260	1617928	7018332	1612243336	386901
12866550317	667081	22	8	665608	8636736	1617994	7018742	1612268004	386901
12867326119	667081	25	8	665608	8637208	1618057	7019151	1612292265	386901
12868138445	667085	25	8	665612	8637701	1618132	7019569	1612323711	386904
12868756133	667090	22	8	665617	8638177	1618195	7019982	1612381293	386905
12869341196	667090	21	8	665617	8638641	1618258	7020383	1612405383	386905
12870042267	667090	20	8	665617	8639135	1618335	7020800	1612430927	386905
12870910712	667090	28	8	665617	8639640	1618406	7021234	1612456941	386905
12871578185	667090	25	8	665617	8640157	1618472	7021685	1612483257	386905
12872396061	667090	24	8	665617	8640649	1618533	7022116	1612508491	386905
12873082086	667092	26	8	665619	8641119	1618594	7022525	1612537142	386905
12873837197	667092	26	8	665619	8641609	1618667	7022942	1612562544	386905
12874620613	667092	24	8	665619	8642079	1618737	7023342	1612586837	386905
12875213280	667092	25	8	665619	8642585	1618806	7023779	1612612808	386905
12875856358	667092	25	8	665619	8643070	1618878	7024192	1612637986	386905
12876522189	667092	23	8	665619	8643569	1618953	7024616	1612663724	386905
12877142523	667092	21	8	665619	8644043	1619028	7025015	1612688419	386905
12877992210	667092	23	8	665619	8644553	1619099	7025454	1612714566	386905
12878690419	667092	20	8	665619	8645036	1619178	7025858	1612739655	386905
12879355094	667092	24	8	665619	8645529	1619253	7026276	1612765135	386905
12880174946	667092	23	8	665619	8645996	1619327	7026669	1612789690	386905
12881140435	667092	24	8	665619	8646496	1619395	7027101	1612815391	386905
12881731071	667092	23	8	665619	8646961	1619462	7027499	1612839545	386905
12882759647	667092	23	8	665619	8647456	1619525	7027931	1612864920	386905
12883574457	667092	26	8	665619	8647941	1619592	7028349	1612889939	386905
12884251858	667092	25	8	665619	8648425	1619668	7028757	1612915115	386905
12885050431	667096	24	8	665623	8648898	1619734	7029164	1612947690	386907
12885737121	667099	26	8	665626	8649378	1619787	7029591	1613005591	386906
12886355355	667099	26	8	665626	8649855	1619860	7029995	1613030261	386906
12887161744	667099	24	8	665626	8650349	1619913	7030436	1613055424	386906
12887905165	667099	26	8	665626	8650823	1619976	7030847	1613079824	386906
12888710040	667099	24	8	665626	8651309	1620045	7031264	1613104957	386906
12889760977	667099	23	8	665626	8651784	1620114	7031670	1613129488	386906
12890321425	667100	27	8	665627	8652258	1620186	7032072	1613154215	386905
12890917688	667106	26	8	665633	8652753	1620257	7032496	1613232600	386907
12891868049	667106	24	8	665633	8653241	1620323	7032918	1613257614	386907
12892629803	667107	24	8	665634	8653734	1620392	7033342	1613286836	386908
12893309863	667107	23	8	665634	8654212	1620459	7033753	1613311717	386908
12894145967	667109	23	8	665636	8654671	1620517	7034154	1613353554	386908
12894894892	667109	27	8	665636	8655157	1620582	7034575	1613378433	386908
12895627848	667109	25	8	665636	8655655	1620665	7034990	1613404424	386908
12896507393	667110	26	8	665637	8656157	1620733	7035424	1613430455	386909
12897329285	667110	23	8	665637	8656656	1620800	7035856	1613455923	386909
12898055893	667111	23	8	665638	8657131	1620865	7036266	1613481530	386910
12899048754	667111	24	8	665638	8657601	1620916	7036685	1613505602	386910
12899875276	667111	25	8	665638	8658103	1620983	7037120	1613531218	386910
12900578729	667111	25	8	665638	8658601	1621059	7037542	1613557118	386910
12901236409	667120	25	8	665647	8659106	1621138	7037968	1613583918	386918
12902045534	667121	22	8	665648	8659577	1621184	7038393	1613608315	386918
12902609059	667121	21	8	665648	8660043	1621241	7038802	1613632327	386918
12903482099	667122	22	8	665649	8660509	1621306	7039203	1613656753	386918
12904468651	667122	23	8	665649	8661011	1621384	7039627	1613682589	386918
12905341630	667122	25	8	665649	8661503	1621464	7040039	1613708085	386918
12906100328	667122	24	8	665649	8662004	1621535	7040469	1613733779	386918
12906911846	667122	27	8	665649	8662488	1621596	7040892	1613758738	386918
12907611757	667122	22	8	665649	8662965	1621655	7041310	1613783483	386918
12908260308	667122	25	8	665649	8663446	1621732	7041714	1613808519	386918
12909190086	667122	23	8	665649	8663929	1621790	7042139	1613833256	386918
12910007655	667122	27	8	665649	8664425	1621861	7042564	1613858909	386918
12910696428	667122	24	8	665649	8664905	1621939	7042966	1613883850	386918
12911373447	667122	26	8	665649	8665376	1622009	7043367	1613908302	386918
12912181586	667122	24	8	665649	8665858	1622070	7043788	1613933007	386918
12913214473	667122	24	8	665649	8666338	1622124	7044214	1613957495	386918
12914021253	667124	23	8	665651	8666824	1622185	7044639	1614000799	386918
12914656374	667124	27	8	665651	8667310	1622261	7045049	1614026174	386918
12915479092	667124	25	8	665651	8667777	1622316	7045461	1614050239	386918
12916279111	667124	27	8	665651	8668254	1622374	7045880	1614074741	386918
12917321626	667129	22	8	665656	8668742	1622442	7046300	1614147132	386923
12918050021	667129	26	8	665656	8669224	1622506	7046718	1614171885	386923
12918830364	667129	21	8	665656	8669706	1622567	7047139	1614196764	386923
12919595522	667129	25	8	665656	8670183	1622628	7047555	1614221360	386923
12920240972	667135	22	8	665662	8670648	1622691	7047957	1614256049	386929
12921177802	667135	25	8	665662	8671126	1622759	7048367	1614280585	386929
12921940031	667135	20	8	665662	8671615	1622819	7048796	1614305650	386929
12922784897	667135	26	8	665662	8672111	1622893	7049218	1614331233	386929
12923531181	667135	23	8	665662	8672600	1622962	7049638	1614356355	386929
12924310292	667137	28	8	665664	8673093	1623038	7050055	1614384528	386931
12925167071	667137	24	8	665664	8673595	1623109	7050486	1614410526	386931
12926154331	667137	26	8	665664	8674092	1623178	7050914	1614436223	386931
12927073712	667137	22	8	665664	8674587	1623252	7051335	1614461721	386931
12927904964	667142	23	8	665669	8675067	1623326	7051741	1614502227	386935
12928564082	667142	22	8	665669	8675544	1623407	7052137	1614526827	386935
12929657501	667142	24	8	665669	8676037	1623474	7052563	1614552128	386935
12930303908	667142	21	8	665669	8676492	1623530	7052962	1614575423	386935
12931221808	667150	25	8	665677	8676975	1623602	7053373	1614601386	386943
12931819548	667150	21	8	665677	8677416	1623650	7053766	1614624042	386943
12932464986	667150	23	8	665677	8677875	1623718	7054157	1614647972	386943
12933346558	667150	20	8	665677	8678329	1623778	7054551	1614671363	386943
12933943043	667152	24	8	665679	8678800	1623849	7054951	1614700450	386945
12934657608	667153	20	8	665680	8679248	1623902	7055346	1614723649	386945
12935409593	667153	25	8	665680	8679721	1623974	7055747	1614748059	386945
12936157892	667153	22	8	665680	8680175	1624036	7056139	1614771461	386945
12936971220	667153	19	8	665680	8680654	1624110	7056544	1614796330	386945
12937715928	667155	21	8	665682	8681123	1624172	7056951	1614820621	386947
12938467631	667155	23	8	665682	8681575	1624230	7057345	1614843901	386947
12939306937	667156	21	8	665683	8682047	1624293	7057754	1614868761	386947
12940118281	667156	20	8	665683	8682516	1624365	7058151	1614893118	386947
12940854373	667156	20	8	665683	8682972	1624429	7058543	1614916784	386947
12941749963	667158	21	8	665685	8683457	1624505	7058952	1614942083	386948
12942301333	667158	23	8	665685	8683930	1624576	7059354	1614966555	386948
12943224922	667158	25	8	665685	8684403	1624652	7059751	1614991014	386948
12944176605	667159	24	8	665686	8684882	1624721	7060161	1615016177	386948
12944987686	667162	24	8	665689	8685357	1624779	7060578	1615062378	386949
12946013168	667162	23	8	665689	8685837	1624851	7060986	1615087496	386949
12946600847	667162	24	8	665689	8686274	1624903	7061371	1615110039	386949
12947333070	667162	22	8	665689	8686720	1624960	7061760	1615133017	386949
12948050805	667162	25	8	665689	8687192	1625026	7062166	1615157297	386949
12948724328	667164	23	8	665691	8687661	1625103	7062558	1615186434	386949
12949590077	667164	23	8	665691	8688128	1625169	7062959	1615210651	386949
12950316039	667164	27	8	665691	8688599	1625237	7063362	1615234976	386949
12950960476	667165	27	8	665692	8689082	1625303	7063779	1615271743	386949
12951625189	667166	28	8	665693	8689570	1625384	7064186	1615301647	386949
12952364720	667170	29	8	665697	8690023	1625446	7064577	1615335535	386953
12953123164	667170	29	8	665697	8690460	1625497	7064963	1615357969	386953
12954070948	667170	22	8	665697	8690930	1625559	7065371	1615382258	386953
12954722483	667170	24	8	665697	8691376	1625622	7065754	1615405281	386953
12955471433	667172	23	8	665699	8691855	1625687	7066168	1615459811	386953
12956171113	667173	23	8	665700	8692300	1625747	7066553	1615483188	386953
12956931873	667173	22	8	665700	8692771	1625808	7066963	1615507309	386953
12957584491	667173	22	8	665700	8693202	1625862	7067340	1615529737	386953
12958320102	667173	26	8	665700	8693686	1625931	7067755	1615554670	386953
12959264200	667174	22	8	665701	8694151	1626004	7068147	1615578707	386953
12960021031	667175	23	8	665702	8694627	1626068	7068559	1615603321	386953
12960930943	667175	20	8	665702	8695096	1626137	7068959	1615627450	386953
12961700701	667176	24	8	665703	8695563	1626212	7069351	1615651561	386953
12962220749	667176	24	8	665703	8696028	1626271	7069757	1615675541	386953
12963014458	667177	25	8	665704	8696492	1626330	7070162	1615701180	386953
12963753460	667177	23	8	665704	8696953	1626385	7070568	1615724876	386953
12964575182	667178	20	8	665705	8697416	1626441	7070975	1615764740	386953
12965436431	667178	24	8	665705	8697890	1626510	7071380	1615789135	386953
12966165695	667178	22	8	665705	8698368	1626585	7071783	1615813960	386953
12966762089	667178	24	8	665705	8698834	1626646	7072188	1615837719	386953
12967717064	667178	23	8	665705	8699303	1626697	7072606	1615861738	386953
12968700288	667178	23	8	665705	8699777	1626761	7073016	1615886084	386953
12969627360	667178	20	8	665705	8700261	1626824	7073437	1615911111	386953
12970383330	667178	24	8	665705	8700731	1626889	7073842	1615935377	386953
12971143695	667179	22	8	665706	8701217	1626959	7074258	1615961982	386953
12971917245	667182	24	8	665709	8701699	1627030	7074669	1615997800	386956
12972579413	667183	19	8	665710	8702158	1627098	7075060	1616021570	386956
12973061828	667183	24	8	665710	8702629	1627168	7075461	1616045827	386956
12973768632	667183	22	8	665710	8703120	1627243	7075877	1616071197	386956
12974410127	667183	22	8	665710	8703541	1627294	7076247	1616092934	386956
12975104523	667183	22	8	665710	8704006	1627358	7076648	1616116736	386956
12975710268	667183	24	8	665710	8704459	1627416	7077043	1616140199	386956
12976506043	667185	24	8	665712	8704937	1627474	7077463	1616179958	386955
12977333062	667185	25	8	665712	8705394	1627532	7077862	1616203555	386955
12978162254	667185	22	8	665712	8705847	1627590	7078257	1616226950	386955
12978976150	667185	26	8	665712	8706310	1627646	7078664	1616250683	386955
12979661317	667185	23	8	665712	8706767	1627702	7079065	1616274242	386955
12980347117	667185	24	8	665712	8707261	1627789	7079472	1616299747	386955
12981340253	667185	24	8	665712	8707745	1627852	7079893	1616324486	386955
12981966169	667185	24	8	665712	8708207	1627916	7080291	1616348401	386955
12982751733	667186	20	8	665713	8708679	1627985	7080694	1616372808	386955
12983571262	667186	22	8	665713	8709152	1628046	7081106	1616396900	386955
12984503285	667186	18	8	665713	8709638	1628111	7081527	1616421882	386955
12985405385	667186	26	8	665713	8710110	1628189	7081921	1616446286	386955
12986150142	667186	21	8	665713	8710580	1628247	7082333	1616470481	386955
12987053616	667186	23	8	665713	8711054	1628304	7082750	1616494572	386955
12987938609	667186	22	8	665713	8711533	1628376	7083157	1616519187	386955
12988829983	667186	26	8	665713	8712003	1628435	7083568	1616543440	386955
12989513858	667186	23	8	665713	8712480	1628501	7083979	1616568101	386955
12990148993	667186	23	8	665713	8712940	1628577	7084363	1616592198	386955
12990905289	667186	20	8	665713	8713411	1628644	7084767	1616616393	386955
12991508211	667186	22	8	665713	8713861	1628704	7085157	1616639596	386955
12992162319	667186	21	8	665713	8714322	1628773	7085549	1616663571	386955
12992900369	667186	22	8	665713	8714758	1628827	7085931	1616686079	386955
12993671968	667186	22	8	665713	8715235	1628901	7086334	1616710793	386955
12994593640	667186	26	8	665713	8715713	1628965	7086748	1616735496	386955
12995529602	667186	23	8	665713	8716183	1629028	7087155	1616759498	386954
12996410425	667187	25	8	665714	8716628	1629085	7087543	1616782831	386955
12997140320	667187	25	8	665714	8717083	1629153	7087930	1616806625	386955
12997856565	667187	25	8	665714	8717541	1629210	7088331	1616830154	386955
12998857120	667187	21	8	665714	8718001	1629274	7088727	1616854054	386955
12999452969	667187	21	8	665714	8718455	1629331	7089124	1616877321	386955
13000447181	667187	20	8	665714	8718906	1629395	7089511	1616900768	386955
13001276834	667187	25	8	665714	8719387	1629474	7089913	1616925614	386955
13002147756	667187	26	8	665714	8719845	1629525	7090320	1616948922	386955
13002934707	667187	28	8	665714	8720326	1629590	7090736	1616973773	386955
13003876262	667187	24	8	665714	8720791	1629646	7091145	1616997764	386955
13004628177	667187	24	8	665714	8721249	1629709	7091540	1617021458	386955
13005288624	667187	23	8	665714	8721727	1629784	7091943	1617046102	386955
13005882144	667189	27	8	665716	8722216	1629858	7092358	1617071528	386955
13006635821	667191	24	8	665718	8722680	1629915	7092765	1617114370	386955
13007243771	667191	28	8	665718	8723136	1629975	7093161	1617137978	386955
13008006364	667193	21	8	665720	8723606	1630039	7093567	1617175382	386957
13008678494	667196	18	8	665723	8724072	1630109	7093963	1617204254	386960
13009443047	667196	19	8	665723	8724540	1630162	7094378	1617228158	386960
13010158082	667196	22	8	665723	8725006	1630214	7094792	1617251858	386960
13010754082	667197	19	8	665724	8725453	1630276	7095177	1617275136	386960
13011550954	667197	18	8	665724	8725903	1630337	7095566	1617298343	386960
13012273196	667197	18	8	665724	8726372	1630400	7095972	1617322487	386960
13012924442	667197	25	8	665724	8726836	1630470	7096366	1617346504	386960
13013816129	667197	22	8	665724	8727306	1630535	7096771	1617370806	386960
13014533344	667198	26	8	665725	8727780	1630601	7097179	1617395426	386961
13015101326	667198	24	8	665725	8728236	1630670	7097566	1617419073	386961
13015804369	667198	28	8	665725	8728696	1630728	7097968	1617442742	386961
13016698007	667198	22	8	665725	8729151	1630780	7098371	1617465939	386961
13017729239	667198	24	8	665725	8729627	1630843	7098784	1617490387	386961
13018380901	667199	20	8	665726	8730073	1630895	7099178	1617519366	386961
13019042866	667199	22	8	665726	8730542	1630960	7099582	1617543543	386961
13020116721	667199	20	8	665726	8731028	1631032	7099996	1617568560	386961
13020926222	667199	23	8	665726	8731491	1631098	7100393	1617592552	386961
13021479656	667201	23	8	665728	8731941	1631164	7100777	1617615998	386963
13022423253	667202	25	8	665729	8732433	1631226	7101207	1617659129	386963
13023212823	667203	23	8	665730	8732893	1631288	7101605	1617683200	386963
13024096584	667203	25	8	665730	8733388	1631361	7102027	1617708705	386963
13025011354	667205	22	8	665732	8733863	1631417	7102446	1617733427	386963
13025678721	667205	22	8	665732	8734327	1631475	7102852	1617757180	386963
13026316446	667205	23	8	665732	8734768	1631528	7103240	1617779904	386963
13027296258	667210	24	8	665737	8735246	1631593	7103653	1617808094	386968
13028040189	667210	23	8	665737	8735682	1631645	7104037	1617830585	386968
13028563317	667210	25	8	665737	8736135	1631707	7104428	1617853935	386968
13029508470	667210	24	8	665737	8736589	1631761	7104828	1617877340	386968
13030382393	667211	25	8	665738	8737067	1631829	7105238	1617902126	386968
13031148004	667211	21	8	665738	8737527	1631891	7105636	1617925868	386968
13031884561	667211	22	8	665738	8737999	1631951	7106048	1617950235	386968
13032660098	667211	20	8	665738	8738455	1632018	7106437	1617973802	386968
13033469997	667211	22	8	665738	8738931	1632082	7106849	1617998241	386968
13034310333	667212	21	8	665739	8739420	1632155	7107265	1618084161	386968
13035094468	667212	21	8	665739	8739895	1632229	7107666	1618108822	386968
13035541070	667212	21	8	665739	8740336	1632295	7108041	1618131715	386968
13036392731	667212	24	8	665739	8740809	1632349	7108460	1618155911	386968
13036935961	667212	24	8	665739	8741260	1632416	7108844	1618179111	386968
13037941161	667212	24	8	665739	8741740	1632476	7109264	1618203852	386968
13038538042	667212	26	8	665739	8742184	1632530	7109654	1618226783	386968
13039302724	667212	23	8	665739	8742656	1632587	7110069	1618250964	386968
13040099784	667217	21	8	665744	8743132	1632661	7110471	1618285443	386972
13040842581	667219	22	8	665746	8743600	1632727	7110873	1618309917	386974
13041796049	667219	25	8	665746	8744057	1632792	7111265	1618333484	386974
13042420456	667222	25	8	665749	8744549	1632849	7111700	1618359066	386977
13043007676	667222	21	8	665749	8745016	1632925	7112091	1618383318	386977
13043629642	667222	25	8	665749	8745483	1632986	7112497	1618407316	386977
13044375797	667226	22	8	665753	8745957	1633056	7112901	1618470907	386979
13045225784	667226	23	8	665753	8746441	1633121	7113320	1618495594	386979
13046064282	667226	25	8	665753	8746893	1633170	7113723	1618518989	386979
13046971289	667226	25	8	665753	8747362	1633234	7114128	1618543147	386979
13047741069	667226	24	8	665753	8747807	1633301	7114506	1618566390	386979
13048456148	667226	22	8	665753	8748276	1633362	7114914	1618590504	386979
13049171126	667226	24	8	665753	8748741	1633436	7115305	1618614823	386979
13049991980	667226	25	8	665753	8749213	1633488	7115725	1618638830	386979
13050665489	667228	21	8	665755	8749670	1633547	7116123	1618662671	386979
13051528597	667229	23	8	665756	8750137	1633609	7116528	1618711768	386979
13052113601	667229	24	8	665756	8750606	1633670	7116936	1618735810	386979
13052996380	667229	22	8	665756	8751038	1633720	7117318	1618758128	386979
13053621724	667229	19	8	665756	8751512	1633792	7117720	1618782603	386979
13054488378	667229	22	8	665756	8752002	1633862	7118140	1618807835	386979
13055142670	667230	23	8	665757	8752469	1633931	7118538	1618832335	386980
13056105492	667231	21	8	665758	8752946	1634000	7118946	1618856938	386980
13056969321	667233	23	8	665760	8753412	1634053	7119359	1618884642	386980
13057868440	667233	22	8	665760	8753879	1634118	7119761	1618908700	386980
13058740630	667234	23	8	665761	8754355	1634181	7120174	1618943713	386980
13059376159	667244	24	8	665771	8754837	1634261	7120576	1618969684	386980
13059900231	667244	21	8	665771	8755301	1634327	7120974	1618993672	386980
13060621837	667244	22	8	665771	8755778	1634394	7121384	1619018148	386980
13061417326	667244	23	8	665771	8756243	1634454	7121789	1619042261	386980
13062028226	667244	25	8	665771	8756706	1634528	7122178	1619065791	386980
13062800726	667245	26	8	665772	8757180	1634592	7122588	1619090922	386980
13063526382	667245	25	8	665772	8757656	1634660	7122996	1619115528	386980
13064327518	667246	24	8	665773	8758111	1634733	7123378	1619139502	386981
13064892781	667248	21	8	665775	8758582	1634800	7123782	1619180861	386981
13065637287	667248	23	8	665775	8759071	1634868	7124203	1619205857	386981
13066593289	667248	22	8	665775	8759536	1634935	7124601	1619229936	386981
13067180367	667249	20	8	665776	8759989	1635000	7124989	1619254959	386981
13067995106	667249	21	8	665776	8760472	1635071	7125401	1619279924	386981
13068928595	667249	24	8	665776	8760931	1635125	7125806	1619303411	386981
13069714891	667249	22	8	665776	8761407	1635200	7126207	1619328121	386981
13070372243	667249	22	8	665776	8761887	1635274	7126613	1619352994	386981
13070960079	667250	22	8	665777	8762364	1635346	7127018	1619377884	386981
13071875400	667250	24	8	665777	8762850	1635416	7127434	1619402879	386981
13072580916	667250	23	8	665777	8763326	1635491	7127835	1619427547	386981
13073310583	667250	28	8	665777	8763775	1635540	7128235	1619450564	386981
13074162817	667251	22	8	665778	8764259	1635608	7128651	1619475246	386980
13074806177	667258	27	8	665785	8764733	1635686	7129047	1619531897	386983
13075531825	667258	21	8	665785	8765195	1635747	7129448	1619555710	386983
13076390176	667258	25	8	665785	8765664	1635817	7129847	1619579982	386983
13076993095	667258	22	8	665785	8766136	1635878	7130258	1619604296	386983
13077801769	667258	25	8	665785	8766619	1635944	7130675	1619629002	386983
13078445719	667258	22	8	665785	8767078	1636002	7131076	1619652847	386983
13079023163	667258	28	8	665785	8767532	1636079	7131453	1619676547	386983
13079794517	667259	22	8	665786	8768001	1636143	7131858	1619716529	386983
13080566805	667259	23	8	665786	8768477	1636210	7132267	1619740916	386983
13081426131	667260	24	8	665787	8768953	1636270	7132683	1619765197	386982
13082295974	667260	24	8	665787	8769415	1636335	7133080	1619789112	386982
13082992264	667260	22	8	665787	8769899	1636399	7133500	1619813904	386982
13083707531	667260	24	8	665787	8770358	1636467	7133891	1619837690	386982
13084532426	667260	21	8	665787	8770835	1636535	7134300	1619862540	386982
13085400553	667260	26	8	665787	8771323	1636606	7134717	1619887658	386982
13086076494	667260	23	8	665787	8771774	1636660	7135114	1619910810	386982
13086982108	667260	29	8	665787	8772264	1636740	7135524	1619936106	386982
13087676427	667260	23	8	665787	8772720	1636802	7135918	1619959636	386982
13088401628	667260	25	8	665787	8773198	1636871	7136327	1619984321	386982
13089143787	667260	23	8	665787	8773654	1636926	7136728	1620007739	386982
13089873011	667260	28	8	665787	8774133	1636995	7137138	1620032523	386982
13090611944	667260	24	8	665787	8774574	1637056	7137518	1620055475	386982
13091424498	667264	25	8	665791	8775044	1637133	7137911	1620080333	386984
13092132130	667264	21	8	665791	8775496	1637184	7138312	1620103485	386984
13092937386	667264	21	8	665791	8775950	1637238	7138712	1620126854	386984
13093538165	667264	22	8	665791	8776417	1637311	7139106	1620150986	386984
13094517170	667264	20	8	665791	8776878	1637367	7139511	1620174495	386984
13095306242	667264	25	8	665791	8777336	1637423	7139913	1620198034	386984
13096133178	667264	24	8	665791	8777797	1637485	7140312	1620221989	386984
13096995549	667264	22	8	665791	8778265	1637542	7140723	1620246041	386984
13097919982	667264	22	8	665791	8778760	1637622	7141138	1620271682	386984
13098703979	667264	23	8	665791	8779213	1637680	7141533	1620294982	386984
13099631868	667264	27	8	665791	8779705	1637761	7141944	1620320507	386984
13100357533	667264	26	8	665791	8780157	1637813	7142344	1620343655	386984
13101098999	667264	28	8	665791	8780618	1637874	7142744	1620367526	386984
13101839582	667264	25	8	665791	8781088	1637947	7143141	1620391830	386984
13102391874	667264	26	8	665791	8781539	1638013	7143526	1620415144	386984
13103045924	667264	22	8	665791	8781989	1638067	7143922	1620438330	386984
13103678325	667265	22	8	665792	8782442	1638122	7144320	1620461876	386985
13104381340	667265	18	8	665792	8782871	1638169	7144702	1620484021	386985
