bytes_written	total_items	curr_connections	threads	cmd_set	cmd_get	get_misses	get_hits	bytes_read
14434362263	3158204	20	8	3440271	11891987	1637870	10254117	1957766827	481910
14435190611	3158366	26	8	3440446	11892665	1637949	10254716	1957829275	481914
14436100465	3158530	24	8	3440617	11893366	1638020	10255346	1957875265	481914
14437197694	3158690	30	8	3440790	11894091	1638099	10255992	1957922636	481914
14438009937	3158855	22	8	3440963	11894795	1638172	10256623	1957968939	481914
14438966757	3159016	29	8	3441143	11895498	1638234	10257264	1958015645	481914
14439867830	3159181	22	8	3441322	11896187	1638292	10257895	1958061477	481915
14440650262	3159344	24	8	3441501	11896898	1638367	10258531	1958108373	481915
14441414261	3159512	25	8	3441690	11897624	1638434	10259190	1958156470	481915
14442461769	3159679	23	8	3441870	11898344	1638497	10259847	1958203537	481916
14443518528	3159846	17	8	3442053	11899067	1638570	10260497	1958251276	481916
14444474687	3160006	23	8	3442233	11899752	1638626	10261126	1958296899	481916
14445327936	3160169	23	8	3442414	11900465	1638703	10261762	1958344190	481916
14446275824	3160335	21	8	3442593	11901167	1638766	10262401	1958390570	481916
14447035300	3160501	24	8	3442774	11901880	1638833	10263047	1958437707	481916
14447809164	3160658	20	8	3442955	11902568	1638911	10263657	1958483619	481916
14448744012	3160822	18	8	3443133	11903289	1638981	10264308	1958531269	481916
14449681546	3160986	25	8	3443314	11904006	1639055	10264951	1958578667	481916
14450885000	3161153	20	8	3443493	11904750	1639135	10265615	1958628957	481916
14451792620	3161317	22	8	3443667	11905446	1639208	10266238	1958675528	481918
14452686927	3161482	22	8	3443843	11906149	1639278	10266871	1958722082	481918
14453646983	3161645	23	8	3444017	11906835	1639342	10267493	1958767558	481918
14454571823	3161817	17	8	3444207	11907568	1639420	10268148	1958816033	481918
14455365174	3161978	23	8	3444379	11908260	1639484	10268776	1958861906	481918
14456258559	3162141	24	8	3444552	11908972	1639560	10269412	1958908659	481918
14457133539	3162309	25	8	3444739	11909700	1639625	10270075	1958957992	481919
14458294896	3162473	25	8	3444920	11910438	1639705	10270733	1959023354	481919
14459169560	3162643	22	8	3445117	11911194	1639788	10271406	1959077734	481920
14460147660	3162807	24	8	3445299	11911915	1639855	10272060	1959125291	481920
14461052475	3162980	23	8	3445499	11912658	1639938	10272720	1959175707	481928
14462121411	3163152	18	8	3445682	11913365	1640009	10273356	1959222894	481929
14462952755	3163316	23	8	3445857	11914058	1640075	10273983	1959268797	481929
14463914378	3163484	22	8	3446040	11914799	1640155	10274644	1959324917	481930
14464764531	3163648	27	8	3446225	11915495	1640216	10275279	1959372357	481931
14465597182	3163809	25	8	3446412	11916200	1640283	10275917	1959419504	481931
14466646790	3163975	23	8	3446611	11916935	1640359	10276576	1959468701	481931
14467293295	3164141	20	8	3446791	11917635	1640433	10277202	1959515537	481931
14468289637	3164311	25	8	3446980	11918349	1640509	10277840	1959589422	481934
14469382060	3164478	21	8	3447163	11919068	1640589	10278479	1959636834	481934
14470531311	3164640	24	8	3447335	11919784	1640664	10279120	1959683963	481934
14471281589	3164809	22	8	3447520	11920498	1640745	10279753	1959736286	481934
14472246447	3164968	24	8	3447695	11921209	1640821	10280388	1959783177	481934
14473007642	3165134	24	8	3447873	11921938	1640891	10281047	1959831130	481934
14473892414	3165300	25	8	3448056	11922643	1640959	10281684	1959877884	481934
14474775386	3165464	25	8	3448231	11923365	1641034	10282331	1959925163	481934
14475618388	3165628	26	8	3448413	11924078	1641113	10282965	1959973170	481933
14476606957	3165793	25	8	3448600	11924804	1641190	10283614	1960021096	481933
14477312613	3165962	29	8	3448787	11925538	1641272	10284266	1960110361	481934
14478246136	3166126	23	8	3448971	11926256	1641344	10284912	1960157830	481934
14479099793	3166295	28	8	3449149	11926985	1641415	10285570	1960209060	481934
14479930512	3166455	25	8	3449330	11927696	1641500	10286196	1960288209	481934
14480922329	3166620	23	8	3449520	11928430	1641576	10286854	1960336591	481934
14481862078	3166782	25	8	3449699	11929158	1641652	10287506	1960384353	481934
14482774446	3166955	27	8	3449884	11929878	1641728	10288150	1960432459	481937
14483694395	3167123	22	8	3450070	11930589	1641793	10288796	1960479688	481937
14484578169	3167291	23	8	3450251	11931313	1641867	10289446	1960527441	481937
14485424821	3167453	19	8	3450431	11932006	1641933	10290073	1960573479	481937
14486444693	3167620	25	8	3450606	11932714	1641998	10290716	1960619985	481937
14487405546	3167783	25	8	3450783	11933406	1642057	10291349	1960665932	481937
14488378431	3167945	27	8	3450969	11934108	1642127	10291981	1960714313	481938
14489356768	3168110	21	8	3451155	11934800	1642186	10292614	1960760606	481938
14490213771	3168277	22	8	3451330	11935511	1642264	10293247	1960807456	481938
14491146355	3168440	22	8	3451504	11936233	1642337	10293896	1960855045	481938
14492057222	3168606	25	8	3451684	11936967	1642424	10294543	1960903474	481938
14492962913	3168770	27	8	3451868	11937687	1642496	10295191	1960950946	481938
14493818679	3168941	19	8	3452048	11938405	1642579	10295826	1961010432	481938
14494732743	3169097	27	8	3452219	11939097	1642661	10296436	1961056395	481938
14495479571	3169274	27	8	3452412	11939829	1642741	10297088	1961144834	481943
14496412308	3169434	28	8	3452585	11940531	1642808	10297723	1961190990	481943
14497390228	3169604	25	8	3452770	11941241	1642876	10298365	1961238338	481943
14498121058	3169766	23	8	3452942	11941933	1642951	10298982	1961284486	481943
14499018178	3169936	20	8	3453128	11942650	1643023	10299627	1961334921	481944
14499945131	3170102	23	8	3453308	11943361	1643098	10300263	1961386003	481945
14500587236	3170269	23	8	3453489	11944065	1643164	10300901	1961432813	481945
14501654131	3170429	24	8	3453664	11944765	1643227	10301538	1961478991	481945
14502703014	3170597	26	8	3453847	11945489	1643301	10302188	1961528451	481945
14503710345	3170761	24	8	3454030	11946197	1643365	10302832	1961575374	481945
14504432912	3170926	26	8	3454210	11946909	1643428	10303481	1961622066	481945
14505295781	3171091	25	8	3454389	11947617	1643513	10304104	1961674738	481947
14506171043	3171259	22	8	3454573	11948346	1643586	10304760	1961722680	481947
14507060872	3171423	21	8	3454745	11949039	1643665	10305374	1961768432	481947
14507803825	3171586	25	8	3454924	11949750	1643737	10306013	1961815335	481947
14508575015	3171750	21	8	3455099	11950421	1643793	10306628	1961861996	481947
14509685537	3171910	25	8	3455267	11951099	1643851	10307248	1961908363	481947
14510471736	3172076	19	8	3455442	11951789	1643920	10307869	1961958208	481947
14511481304	3172237	25	8	3455616	11952485	1643979	10308506	1962004068	481947
14512388956	3172406	20	8	3455799	11953209	1644060	10309149	1962056882	481947
14513292223	3172574	21	8	3455983	11953905	1644120	10309785	1962121991	481948
14514157611	3172731	24	8	3456155	11954620	1644189	10310431	1962168883	481948
14515139619	3172890	18	8	3456340	11955309	1644253	10311056	1962215063	481948
14516008509	3173052	18	8	3456521	11956004	1644327	10311677	1962276177	481949
14516926457	3173210	19	8	3456694	11956684	1644391	10312293	1962321079	481949
14518028148	3173372	23	8	3456867	11957408	1644474	10312934	1962385125	481951
14518803216	3173531	24	8	3457039	11958120	1644546	10313574	1962432205	481951
14519814765	3173697	23	8	3457225	11958812	1644606	10314206	1962478596	481951
14520895234	3173858	20	8	3457414	11959534	1644680	10314854	1962526480	481951
14522024686	3174017	24	8	3457591	11960237	1644754	10315483	1962592210	481951
14522954811	3174177	23	8	3457774	11960931	1644818	10316113	1962638807	481952
14523827846	3174334	27	8	3457939	11961598	1644882	10316716	1962682863	481952
14524719019	3174496	23	8	3458120	11962270	1644938	10317332	1962727727	481952
14525563983	3174658	24	8	3458294	11962956	1645004	10317952	1962773010	481952
14526267761	3174817	21	8	3458467	11963624	1645071	10318553	1962817436	481952
14527228810	3174973	23	8	3458636	11964294	1645128	10319166	1962861929	481952
14528290662	3175133	21	8	3458808	11964973	1645188	10319785	1962906657	481952
14529231843	3175285	23	8	3458985	11965629	1645247	10320382	1962950651	481952
14530275917	3175444	20	8	3459160	11966311	1645309	10321002	1962995916	481952
14530985055	3175615	26	8	3459348	11967021	1645392	10321629	1963093867	481956
14531875846	3175778	23	8	3459527	11967714	1645464	10322250	1963139999	481956
14532910015	3175938	23	8	3459700	11968399	1645530	10322869	1963185580	481956
14533674149	3176097	20	8	3459876	11969066	1645592	10323474	1963230224	481956
14534558886	3176265	22	8	3460067	11969768	1645670	10324098	1963308122	481961
14535572016	3176430	21	8	3460249	11970458	1645734	10324724	1963357139	481961
14536281462	3176588	22	8	3460417	11971131	1645800	10325331	1963401901	481961
14537160602	3176751	20	8	3460591	11971820	1645871	10325949	1963447613	481961
14538037343	3176907	23	8	3460764	11972493	1645939	10326554	1963492414	481961
14539385685	3177069	20	8	3460935	11973188	1646013	10327175	1963543638	481960
14540017651	3177228	20	8	3461106	11973850	1646067	10327783	1963587716	481960
14540881024	3177389	21	8	3461277	11974536	1646129	10328407	1963632797	481960
14541799919	3177545	19	8	3461448	11975184	1646191	10328993	1963676264	481961
14542827627	3177703	22	8	3461621	11975871	1646259	10329612	1963721792	481961
14543852480	3177859	21	8	3461796	11976539	1646323	10330216	1963788953	481963
14544807156	3178025	21	8	3461974	11977241	1646395	10330846	1963835492	481963
14545627984	3178181	28	8	3462140	11977912	1646463	10331449	1963879772	481963
14546947282	3178346	23	8	3462319	11978627	1646543	10332084	1963927009	481963
14547850676	3178505	20	8	3462497	11979318	1646616	10332702	1963973001	481963
14548887693	3178667	19	8	3462670	11980022	1646687	10333335	1964019375	481963
14549771693	3178820	29	8	3462840	11980696	1646760	10333936	1964064227	481963
14550521781	3178988	22	8	3463018	11981381	1646830	10334551	1964109981	481963
14551198845	3179149	20	8	3463193	11982072	1646899	10335173	1964155521	481963
14552049558	3179307	19	8	3463369	11982764	1646973	10335791	1964201582	481962
14552833338	3179477	22	8	3463568	11983502	1647054	10336448	1964255787	481967
14553841546	3179638	20	8	3463741	11984195	1647124	10337071	1964301486	481967
14554851466	3179798	27	8	3463911	11984878	1647195	10337683	1964346830	481967
14555791230	3179960	21	8	3464080	11985562	1647266	10338296	1964391837	481967
14556815618	3180114	22	8	3464249	11986224	1647323	10338901	1964435552	481967
14557570949	3180274	20	8	3464429	11986910	1647391	10339519	1964481400	481967
14558467008	3180433	25	8	3464608	11987607	1647464	10340143	1964527748	481967
14559239191	3180591	24	8	3464787	11988301	1647540	10340761	1964574074	481967
14560345455	3180746	25	8	3464955	11988988	1647613	10341375	1964619310	481967
14561287932	3180910	20	8	3465129	11989680	1647688	10341992	1964664925	481967
14562037024	3181068	30	8	3465305	11990358	1647747	10342611	1964710029	481967
14562988015	3181234	23	8	3465484	11991055	1647813	10343242	1964756226	481970
14563782087	3181394	22	8	3465655	11991731	1647887	10343844	1964817805	481971
14564666892	3181555	20	8	3465833	11992420	1647954	10344466	1964863604	481971
14565809746	3181713	26	8	3466011	11993102	1648016	10345086	1964909139	481971
14566630265	3181877	20	8	3466189	11993799	1648092	10345707	1964955375	481971
14567727709	3182038	23	8	3466360	11994488	1648169	10346319	1965044536	481972
14568602634	3182198	20	8	3466535	11995171	1648240	10346931	1965089784	481972
14569411621	3182386	28	8	3466744	11995930	1648347	10347583	1965220197	481990
14570274468	3182553	22	8	3466925	11996617	1648428	10348189	1965355286	481993
14571365638	3182716	25	8	3467105	11997307	1648504	10348803	1965401352	481993
14572274141	3182879	17	8	3467295	11998006	1648564	10349442	1965447901	481993
14572970810	3183039	22	8	3467481	11998709	1648636	10350073	1965494993	481993
14573911073	3183202	24	8	3467657	11999404	1648706	10350698	1965553345	481994
14575069777	3183373	20	8	3467840	12000123	1648786	10351337	1965608785	481997
14575802680	3183534	24	8	3468021	12000804	1648858	10351946	1965662624	481997
14576632130	3183694	24	8	3468199	12001490	1648933	10352557	1965738632	481998
14577634948	3183855	23	8	3468379	12002184	1649005	10353179	1965791776	481998
14578295563	3184023	21	8	3468557	12002872	1649080	10353792	1965838075	482002
14579210817	3184186	19	8	3468741	12003563	1649149	10354414	1965884310	482002
14579966990	3184351	18	8	3468916	12004244	1649221	10355023	1965935900	482004
14580730234	3184509	19	8	3469089	12004903	1649288	10355615	1965979999	482004
14581726396	3184667	23	8	3469257	12005581	1649352	10356229	1966024709	482004
14582657717	3184828	21	8	3469436	12006278	1649423	10356855	1966070850	482004
14583578872	3184988	19	8	3469613	12006979	1649493	10357486	1966117266	482004
14584476324	3185144	25	8	3469783	12007660	1649570	10358090	1966162506	482004
14585438647	3185314	28	8	3469959	12008344	1649634	10358710	1966226409	482007
14586509310	3185470	22	8	3470124	12009010	1649697	10359313	1966270220	482007
14587258718	3185637	22	8	3470303	12009693	1649761	10359932	1966337543	482007
14588224117	3185800	18	8	3470476	12010369	1649822	10360547	1966382359	482007
14589052563	3185960	21	8	3470652	12011074	1649906	10361168	1966429209	482007
14590024785	3186120	22	8	3470824	12011765	1649979	10361786	1966474789	482007
14590818650	3186282	23	8	3471001	12012463	1650053	10362410	1966530973	482008
14592043101	3186441	23	8	3471183	12013169	1650129	10363040	1966577610	482008
14592910024	3186605	23	8	3471371	12013884	1650207	10363677	1966625319	482008
14593766213	3186764	18	8	3471549	12014577	1650275	10364302	1966671496	482008
14594718179	3186921	22	8	3471724	12015302	1650349	10364953	1966719266	482008
14595602568	3187084	26	8	3471905	12015998	1650423	10365575	1966765928	482010
14596519986	3187243	26	8	3472081	12016683	1650490	10366193	1966811459	482010
14597463305	3187407	22	8	3472259	12017379	1650567	10366812	1966857576	482010
14598567238	3187567	26	8	3472437	12018076	1650643	10367433	1966913344	482012
14599573261	3187735	19	8	3472617	12018757	1650707	10368050	1966962646	482012
14600744116	3187896	24	8	3472795	12019448	1650768	10368680	1967009827	482013
14601689134	3188052	24	8	3472965	12020152	1650843	10369309	1967056093	482013
14602597565	3188211	23	8	3473138	12020832	1650912	10369920	1967101111	482013
14603438314	3188370	27	8	3473323	12021502	1650975	10370527	1967146121	482013
14604266615	3188530	23	8	3473501	12022179	1651045	10371134	1967191597	482014
14605321438	3188690	23	8	3473672	12022845	1651101	10371744	1967235822	482014
14606402572	3188851	24	8	3473851	12023533	1651157	10372376	1967281359	482014
14607296035	3189008	25	8	3474023	12024229	1651227	10373002	1967327089	482014
14608013442	3189171	23	8	3474201	12024922	1651307	10373615	1967405359	482014
14609266000	3189334	20	8	3474383	12025624	1651389	10374235	1967453350	482014
14609964483	3189500	21	8	3474559	12026329	1651460	10374869	1967518812	482016
14610976269	3189658	23	8	3474729	12027002	1651522	10375480	1967563572	482016
14611937197	3189820	23	8	3474913	12027737	1651614	10376123	1967612076	482016
14612881981	3189976	23	8	3475091	12028427	1651691	10376736	1967658022	482016
14613947865	3190132	22	8	3475265	12029103	1651758	10377345	1967702893	482016
14614733903	3190293	22	8	3475440	12029779	1651819	10377960	1967771500	482015
14615824253	3190455	26	8	3475614	12030471	1651893	10378578	1967817293	482015
14616780464	3190614	22	8	3475798	12031154	1651954	10379200	1967863038	482015
14617690772	3190770	24	8	3475961	12031828	1652014	10379814	1967907302	482015
14618592535	3190928	24	8	3476131	12032513	1652089	10380424	1967952604	482014
14619463248	3191088	24	8	3476302	12033179	1652158	10381021	1967997347	482015
14620191119	3191252	24	8	3476473	12033856	1652230	10381626	1968042566	482017
14621161272	3191413	23	8	3476647	12034546	1652295	10382251	1968088119	482017
14622036150	3191572	26	8	3476832	12035242	1652354	10382888	1968134327	482017
14622952610	3191729	24	8	3477004	12035922	1652425	10383497	1968179463	482017
14623708350	3191892	20	8	3477184	12036621	1652497	10384124	1968225652	482017
14624578559	3192053	22	8	3477374	12037333	1652564	10384769	1968281583	482018
14625265319	3192213	23	8	3477553	12038030	1652650	10385380	1968342003	482019
14626148349	3192373	23	8	3477724	12038704	1652727	10385977	1968386856	482019
14626952537	3192538	24	8	3477914	12039384	1652782	10386602	1968442396	482022
14627804837	3192699	27	8	3478089	12040069	1652847	10387222	1968487850	482022
14628490331	3192863	23	8	3478271	12040765	1652923	10387842	1968541378	482023
14629322471	3193024	24	8	3478448	12041472	1652988	10388484	1968587826	482023
14630050440	3193181	25	8	3478628	12042153	1653051	10389102	1968633729	482023
14631169507	3193341	23	8	3478808	12042864	1653122	10389742	1968680689	482023
14632078729	3193502	23	8	3478991	12043561	1653175	10390386	1968726880	482023
14633005230	3193664	25	8	3479168	12044257	1653251	10391006	1968773299	482023
14633830772	3193821	25	8	3479338	12044926	1653323	10391603	1968839313	482023
14634746092	3193982	25	8	3479520	12045617	1653385	10392232	1968891895	482023
14635605748	3194140	27	8	3479698	12046305	1653455	10392850	1968937681	482023
14636736324	3194302	26	8	3479877	12046986	1653513	10393473	1968986424	482024
14637595279	3194464	28	8	3480050	12047676	1653585	10394091	1969031983	482024
14638609017	3194628	19	8	3480232	12048400	1653671	10394729	1969079721	482024
14639758827	3194788	22	8	3480401	12049104	1653731	10395373	1969125594	482024
14640600816	3194947	20	8	3480572	12049781	1653798	10395983	1969170584	482024
14641483907	3195108	22	8	3480749	12050459	1653871	10396588	1969215961	482024
14642444277	3195279	21	8	3480926	12051141	1653938	10397203	1969289278	482027
14643255373	3195443	20	8	3481105	12051836	1654009	10397827	1969335885	482029
14644047446	3195600	26	8	3481270	12052498	1654079	10398419	1969379897	482029
14645067788	3195759	32	8	3481442	12053191	1654148	10399043	1969425388	482029
14645921697	3195920	21	8	3481620	12053875	1654215	10399660	1969470872	482029
14646957454	3196077	23	8	3481802	12054569	1654277	10400292	1969516913	482029
14647989365	3196242	19	8	3481986	12055279	1654349	10400930	1969563854	482029
14649191499	3196397	21	8	3482162	12055960	1654423	10401537	1969609568	482029
14650074485	3196560	18	8	3482342	12056650	1654497	10402153	1969655559	482029
14650989006	3196718	22	8	3482526	12057348	1654574	10402774	1969702424	482029
14652113374	3196877	23	8	3482697	12058033	1654632	10403401	1969747428	482029
14653056622	3197032	26	8	3482892	12058742	1654698	10404044	1969794968	482029
14654171523	3197196	22	8	3483077	12059421	1654762	10404659	1969840576	482029
14655097739	3197361	22	8	3483254	12060139	1654837	10405302	1969907199	482029
14655795437	3197519	19	8	3483425	12060807	1654889	10405918	1969951385	482029
14656771548	3197677	22	8	3483593	12061486	1654948	10406538	1969996160	482029
14657680906	3197839	22	8	3483771	12062172	1655004	10407168	1970041540	482029
14658756267	3198004	24	8	3483960	12062883	1655085	10407798	1970110326	482030
14659590100	3198168	17	8	3484146	12063588	1655153	10408435	1970163474	482030
14660419569	3198328	22	8	3484321	12064280	1655220	10409060	1970209413	482030
14661210071	3198484	23	8	3484490	12064959	1655287	10409672	1970254284	482030
14662031868	3198640	25	8	3484672	12065641	1655354	10410287	1970299616	482030
14662822003	3198801	24	8	3484846	12066330	1655424	10410906	1970345413	482030
14663683808	3198963	25	8	3485024	12067015	1655488	10411527	1970411303	482031
14664400171	3199127	23	8	3485202	12067721	1655563	10412158	1970458395	482031
14665210026	3199289	26	8	3485381	12068419	1655628	10412791	1970504571	482031
14665955069	3199483	23	8	3485586	12069131	1655729	10413402	1970607883	482050
14666839387	3199644	27	8	3485761	12069838	1655802	10414036	1970654353	482049
14667549460	3199810	23	8	3485941	12070545	1655884	10414661	1970710552	482050
14668443738	3199968	22	8	3486112	12071232	1655955	10415277	1970755846	482050
14669322513	3200124	23	8	3486285	12071908	1656031	10415877	1970800913	482050
14670326330	3200303	25	8	3486484	12072623	1656115	10416508	1970864517	482058
14671213645	3200465	23	8	3486661	12073309	1656189	10417120	1970910315	482058
14672085741	3200627	26	8	3486830	12074005	1656255	10417750	1970955833	482058
14673124494	3200786	22	8	3486996	12074682	1656321	10418361	1971000387	482058
14673986565	3200948	23	8	3487172	12075382	1656390	10418992	1971046824	482058
14674843363	3201106	21	8	3487343	12076058	1656456	10419602	1971091717	482058
14675703364	3201266	25	8	3487512	12076748	1656521	10420227	1971141669	482058
14676586314	3201437	17	8	3487691	12077456	1656604	10420852	1971212390	482064
14677406648	3201598	18	8	3487872	12078132	1656658	10421474	1971257512	482064
14678099883	3201749	21	8	3488042	12078780	1656718	10422062	1971301211	482064
14678771208	3201906	27	8	3488213	12079467	1656790	10422677	1971347466	482065
14679743750	3202071	23	8	3488395	12080160	1656855	10423305	1971424034	482066
14680863279	3202241	23	8	3488580	12080865	1656930	10423935	1971512709	482073
14681775800	3202398	21	8	3488745	12081541	1657004	10424537	1971557284	482073
14682806199	3202556	24	8	3488919	12082228	1657068	10425160	1971602791	482073
14683730713	3202719	22	8	3489099	12082911	1657132	10425779	1971648287	482073
14684677908	3202879	24	8	3489273	12083603	1657204	10426399	1971694042	482073
14685455947	3203038	25	8	3489447	12084271	1657265	10427006	1971738518	482073
14686307597	3203202	20	8	3489630	12084964	1657328	10427636	1971790221	482073
14687414756	3203365	20	8	3489804	12085664	1657402	10428262	1971839401	482073
14688282064	3203521	26	8	3489979	12086336	1657470	10428866	1971884680	482073
14689101566	3203687	19	8	3490155	12087016	1657551	10429465	1971935082	482077
14689865807	3203847	23	8	3490328	12087689	1657610	10430079	1971979686	482077
14690730755	3204007	19	8	3490504	12088362	1657677	10430685	1972024649	482077
14691759841	3204164	20	8	3490673	12089034	1657743	10431291	1972069011	482077
14692608338	3204322	24	8	3490853	12089724	1657818	10431906	1972115094	482077
14693532841	3204480	20	8	3491029	12090396	1657893	10432503	1972159976	482077
14694400124	3204639	21	8	3491199	12091083	1657964	10433119	1972205580	482077
14695271658	3204796	22	8	3491374	12091772	1658037	10433735	1972251120	482077
14695926082	3204956	22	8	3491551	12092447	1658097	10434350	1972295910	482077
14696999981	3205115	25	8	3491725	12093138	1658163	10434975	1972341512	482077
14697887996	3205272	25	8	3491898	12093811	1658217	10435594	1972386213	482077
14698716109	3205433	23	8	3492079	12094490	1658282	10436208	1972431629	482077
14699691274	3205594	24	8	3492259	12095188	1658352	10436836	1972477844	482077
14700564857	3205759	20	8	3492438	12095885	1658425	10437460	1972558580	482077
14701387697	3205915	25	8	3492616	12096576	1658493	10438083	1972604280	482077
14702105041	3206075	22	8	3492799	12097263	1658556	10438707	1972650130	482077
14703198739	3206234	29	8	3492969	12097971	1658633	10439338	1972696498	482077
14704317819	3206395	24	8	3493144	12098661	1658686	10439975	1972741852	482077
14705222379	3206554	26	8	3493314	12099346	1658756	10440590	1972786845	482077
14705969211	3206717	20	8	3493490	12100016	1658814	10441202	1972831345	482077
14706732840	3206872	24	8	3493659	12100699	1658887	10441812	1972876416	482077
14707681687	3207028	23	8	3493826	12101340	1658947	10442393	1972919117	482077
14708472693	3207185	22	8	3493996	12102003	1659022	10442981	1972963458	482077
14709322895	3207343	28	8	3494166	12102688	1659100	10443588	1973008902	482077
14710108739	3207507	21	8	3494344	12103379	1659167	10444212	1973054554	482077
14711009971	3207667	20	8	3494520	12104080	1659248	10444832	1973100916	482077
14711804137	3207826	22	8	3494692	12104759	1659314	10445445	1973145844	482077
14712446269	3207980	28	8	3494857	12105422	1659387	10446035	1973198261	482078
14713540604	3208142	22	8	3495027	12106092	1659448	10446644	1973242490	482078
14714547035	3208298	16	8	3495191	12106741	1659514	10447227	1973285410	482078
14715508864	3208455	21	8	3495364	12107430	1659576	10447854	1973330967	482078
14716293886	3208614	27	8	3495542	12108120	1659643	10448477	1973379778	482079
14717096273	3208776	23	8	3495714	12108802	1659714	10449088	1973440118	482079
14717855276	3208940	26	8	3495898	12109501	1659788	10449713	1973491515	482078
14718878321	3209097	22	8	3496070	12110167	1659847	10450320	1973539185	482079
14719821680	3209262	24	8	3496253	12110890	1659911	10450979	1973591721	482080
14720964769	3209417	27	8	3496425	12111576	1659971	10451605	1973636870	482080
14721623976	3209581	27	8	3496600	12112259	1660041	10452218	1973682372	482080
14722330486	3209738	21	8	3496776	12112938	1660121	10452817	1973727555	482080
14723465474	3209899	21	8	3496962	12113645	1660184	10453461	1973774527	482080
14724333443	3210051	24	8	3497132	12114297	1660240	10454057	1973817964	482080
14725286558	3210209	26	8	3497303	12114983	1660309	10454674	1973862957	482080
14726211685	3210370	24	8	3497476	12115663	1660379	10455284	1973908235	482080
14727238531	3210528	23	8	3497640	12116337	1660449	10455888	1973952551	482080
14728205382	3210688	21	8	3497807	12117020	1660511	10456509	1973997306	482080
14729169019	3210848	23	8	3497981	12117720	1660577	10457143	1974043108	482080
14730206788	3211010	25	8	3498159	12118418	1660660	10457758	1974093616	482082
14731535972	3211167	29	8	3498330	12119110	1660722	10458388	1974139112	482082
14732438397	3211329	21	8	3498511	12119800	1660785	10459015	1974185008	482082
14733251319	3211491	24	8	3498687	12120477	1660852	10459625	1974230103	482082
14734334399	3211653	21	8	3498872	12121160	1660913	10460247	1974275886	482082
14735339599	3211815	24	8	3499053	12121851	1660983	10460868	1974335246	482085
14736363590	3211975	24	8	3499236	12122547	1661049	10461498	1974389610	482086
14737156312	3212136	31	8	3499417	12123228	1661111	10462117	1974436584	482087
14738099248	3212300	21	8	3499600	12123922	1661184	10462738	1974483171	482087
14738788938	3212457	22	8	3499769	12124591	1661245	10463346	1974527502	482087
14739890471	3212616	21	8	3499953	12125287	1661309	10463978	1974573903	482087
14740902846	3212772	21	8	3500118	12125949	1661368	10464581	1974617418	482087
14741902729	3212932	25	8	3500288	12126647	1661448	10465199	1974663550	482087
14742758643	3213095	21	8	3500467	12127340	1661520	10465820	1974709670	482087
14743526173	3213254	25	8	3500635	12128032	1661599	10466433	1974755126	482087
14744487795	3213415	20	8	3500815	12128727	1661672	10467055	1974801326	482087
14745560680	3213574	24	8	3500983	12129420	1661744	10467676	1974855747	482087
14746319053	3213745	20	8	3501184	12130117	1661805	10468312	1974916465	482092
14747054085	3213905	21	8	3501362	12130805	1661876	10468929	1974962164	482092
14747895757	3214068	19	8	3501542	12131488	1661936	10469552	1975007591	482092
14748652623	3214228	17	8	3501727	12132161	1662001	10470160	1975056867	482093
14749283414	3214387	22	8	3501900	12132822	1662064	10470758	1975101253	482093
14750297624	3214543	25	8	3502064	12133493	1662133	10471360	1975145376	482093
14751063426	3214704	22	8	3502248	12134174	1662194	10471980	1975191023	482093
14752045507	3214862	23	8	3502423	12134868	1662262	10472606	1975242920	482093
14752786302	3215024	26	8	3502598	12135539	1662332	10473207	1975300268	482095
14753627923	3215188	21	8	3502774	12136229	1662408	10473821	1975376159	482096
14754439796	3215350	18	8	3502949	12136905	1662472	10474433	1975421190	482096
14754994543	3215508	22	8	3503130	12137589	1662550	10475039	1975467124	482096
14755934775	3215660	24	8	3503303	12138251	1662613	10475638	1975511163	482096
14756643936	3215815	20	8	3503466	12138911	1662682	10476229	1975554838	482096
14757648340	3215975	23	8	3503635	12139586	1662745	10476841	1975599436	482096
14758535440	3216138	20	8	3503817	12140280	1662815	10477465	1975645665	482096
14759395368	3216293	22	8	3503983	12140946	1662874	10478072	1975689588	482096
14760447012	3216456	22	8	3504157	12141633	1662942	10478691	1975735253	482096
14761300123	3216612	23	8	3504330	12142304	1663008	10479296	1975780035	482096
14762177604	3216773	23	8	3504502	12143010	1663086	10479924	1975826744	482096
14763302937	3216928	24	8	3504675	12143693	1663154	10480539	1975871889	482096
14764341654	3217088	24	8	3504854	12144387	1663226	10481161	1975918092	482096
14765325713	3217247	24	8	3505040	12145060	1663288	10481772	1975963270	482096
14766276619	3217405	27	8	3505215	12145763	1663371	10482392	1976009638	482096
14767271282	3217563	22	8	3505397	12146439	1663436	10483003	1976054894	482096
14768430204	3217714	27	8	3505558	12147116	1663509	10483607	1976099422	482096
14769266050	3217876	22	8	3505737	12147798	1663574	10484224	1976144683	482096
14769876635	3218031	27	8	3505900	12148445	1663644	10484801	1976187979	482096
14770837201	3218196	21	8	3506080	12149118	1663700	10485418	1976232901	482096
14772040236	3218356	19	8	3506257	12149826	1663778	10486048	1976279551	482096
14773008343	3218528	19	8	3506443	12150538	1663865	10486673	1976346536	482101
14773744317	3218686	21	8	3506617	12151209	1663935	10487274	1976391110	482101
14774715146	3218847	20	8	3506791	12151898	1664011	10487887	1976437214	482101
14775585755	3219008	21	8	3506972	12152595	1664079	10488516	1976483486	482101
14776631083	3219167	22	8	3507145	12153291	1664162	10489129	1976529757	482101
14777397625	3219326	23	8	3507325	12153969	1664227	10489742	1976594825	482101
14778253523	3219486	19	8	3507502	12154666	1664302	10490364	1976640703	482101
14779069116	3219640	22	8	3507684	12155347	1664371	10490976	1976686327	482101
14779877117	3219802	21	8	3507856	12156026	1664437	10491589	1976731278	482101
14781147576	3219960	25	8	3508025	12156729	1664509	10492220	1976777241	482101
14782239934	3220122	20	8	3508198	12157443	1664582	10492861	1976823859	482101
14783273159	3220279	21	8	3508376	12158151	1664652	10493499	1976870433	482101
14783895459	3220442	21	8	3508547	12158818	1664719	10494099	1976915334	482103
14784862030	3220627	26	8	3508758	12159554	1664809	10494745	1976966483	482115
14785601313	3220787	26	8	3508933	12160242	1664893	10495349	1977054858	482115
14786418733	3220946	26	8	3509121	12160946	1664966	10495980	1977101991	482115
14787471618	3221114	22	8	3509303	12161644	1665039	10496605	1977159194	482118
14788492598	3221268	20	8	3509478	12162323	1665105	10497218	1977204156	482118
14789326514	3221429	21	8	3509655	12163017	1665172	10497845	1977249956	482118
14790187783	3221592	23	8	3509833	12163725	1665254	10498471	1977297132	482120
14791088379	3221754	21	8	3510013	12164420	1665320	10499100	1977343162	482120
14791931127	3221913	23	8	3510186	12165101	1665385	10499716	1977388283	482120
14792957016	3222076	18	8	3510364	12165786	1665449	10500337	1977433992	482120
14794016458	3222235	24	8	3510534	12166495	1665533	10500962	1977480632	482120
14794950436	3222395	23	8	3510709	12167175	1665604	10501571	1977526145	482122
14795807519	3222555	26	8	3510886	12167857	1665673	10502184	1977571699	482122
14796881028	3222715	21	8	3511063	12168563	1665754	10502809	1977618331	482122
14797815024	3222876	22	8	3511235	12169248	1665820	10503428	1977663597	482122
14798804895	3223036	20	8	3511404	12169919	1665880	10504039	1977710441	482123
14799600177	3223197	19	8	3511573	12170615	1665945	10504670	1977756342	482123
14800394527	3223355	22	8	3511744	12171295	1666019	10505276	1977801328	482123
14801443734	3223512	23	8	3511920	12171978	1666074	10505904	1977846619	482123
14802435152	3223671	20	8	3512091	12172669	1666151	10506518	1977892140	482123
14803146673	3223833	23	8	3512271	12173341	1666209	10507132	1977937030	482123
14803949166	3223991	21	8	3512439	12174011	1666277	10507734	1977983081	482123
14804950400	3224155	23	8	3512616	12174748	1666369	10508379	1978031235	482123
14806027683	3224311	21	8	3512785	12175422	1666441	10508981	1978075802	482123
14806903427	3224470	22	8	3512950	12176103	1666511	10509592	1978120533	482123
14808029935	3224629	21	8	3513126	12176793	1666579	10510214	1978172944	482124
14808824985	3224791	24	8	3513301	12177507	1666655	10510852	1978227031	482123
14809619106	3224959	23	8	3513485	12178211	1666736	10511475	1978274384	482127
14810548579	3225121	24	8	3513666	12178930	1666818	10512112	1978321775	482127
14811401568	3225280	20	8	3513844	12179614	1666889	10512725	1978367390	482127
14812554806	3225438	30	8	3514016	12180308	1666950	10513358	1978413097	482127
14813462630	3225596	25	8	3514190	12180973	1667010	10513963	1978457664	482127
14814335393	3225756	25	8	3514367	12181663	1667089	10514574	1978503618	482127
14815093010	3225911	27	8	3514540	12182328	1667157	10515171	1978547911	482127
14816077317	3226076	23	8	3514716	12183036	1667220	10515816	1978598311	482127
14817016574	3226235	25	8	3514891	12183715	1667286	10516429	1978643111	482127
14818069296	3226397	21	8	3515070	12184403	1667352	10517051	1978689031	482127
14818849524	3226553	24	8	3515241	12185062	1667413	10517649	1978732980	482127
14819875065	3226716	23	8	3515423	12185759	1667477	10518282	1978779294	482127
14821012202	3226877	23	8	3515626	12186469	1667532	10518937	1978827049	482127
14821984472	3227039	23	8	3515799	12187170	1667608	10519562	1978873115	482127
14822877935	3227193	19	8	3515985	12187847	1667666	10520181	1978918600	482127
14824040494	3227352	22	8	3516152	12188547	1667749	10520798	1978964526	482127
14824962953	3227508	23	8	3516322	12189245	1667820	10521425	1979010142	482127
14825834431	3227669	25	8	3516504	12189945	1667888	10522057	1979067161	482127
14827022088	3227828	20	8	3516671	12190617	1667957	10522660	1979111683	482127
14827912477	3227989	21	8	3516840	12191314	1668033	10523281	1979157523	482127
14828923757	3228147	30	8	3517015	12191986	1668092	10523894	1979202198	482127
14830063689	3228313	26	8	3517194	12192699	1668161	10524538	1979255312	482127
14830848523	3228471	23	8	3517367	12193369	1668237	10525132	1979300159	482128
14831741755	3228630	26	8	3517538	12194085	1668317	10525768	1979347473	482128
14832625176	3228789	22	8	3517707	12194756	1668381	10526375	1979391854	482128
14833671520	3228948	24	8	3517877	12195456	1668459	10526997	1979437889	482128
14834679857	3229103	25	8	3518047	12196139	1668526	10527613	1979483047	482128
14835609986	3229270	23	8	3518230	12196874	1668607	10528267	1979531220	482128
14836315409	3229429	22	8	3518413	12197569	1668685	10528884	1979577403	482128
14837277138	3229585	28	8	3518595	12198261	1668762	10529499	1979627620	482128
14838271942	3229739	26	8	3518769	12198928	1668826	10530102	1979672406	482129
14839386250	3229901	24	8	3518946	12199627	1668892	10530735	1979718408	482129
14840274903	3230060	21	8	3519122	12200308	1668950	10531358	1979763546	482129
14841265293	3230218	23	8	3519295	12201007	1669014	10531993	1979809389	482129
14842373585	3230374	21	8	3519468	12201687	1669085	10532602	1979854576	482129
14843401669	3230532	26	8	3519634	12202386	1669168	10533218	1979900307	482129
14844239705	3230692	25	8	3519803	12203062	1669225	10533837	1979944875	482129
14844992044	3230855	27	8	3519977	12203737	1669295	10534442	1979991937	482130
14845728222	3231019	20	8	3520156	12204435	1669369	10535066	1980038093	482130
14846641086	3231178	23	8	3520326	12205119	1669430	10535689	1980082991	482130
14847659907	3231332	31	8	3520496	12205812	1669512	10536300	1980128705	482130
14848454821	3231494	20	8	3520685	12206525	1669589	10536936	1980176175	482130
14849280180	3231654	24	8	3520860	12207213	1669656	10537557	1980221776	482130
14850196958	3231818	23	8	3521038	12207908	1669729	10538179	1980292578	482133
14851162069	3231983	21	8	3521227	12208639	1669816	10538823	1980396889	482132
14852267409	3232142	21	8	3521397	12209330	1669892	10539438	1980442336	482132
14853252980	3232298	20	8	3521564	12210000	1669964	10540036	1980492616	482132
14853970908	3232456	21	8	3521734	12210656	1670025	10540631	1980536251	482132
14854892639	3232614	24	8	3521897	12211328	1670090	10541238	1980580412	482132
14855654484	3232776	20	8	3522072	12212012	1670158	10541854	1980625704	482132
14856504810	3232933	25	8	3522243	12212691	1670238	10542453	1980671059	482132
14857410799	3233093	24	8	3522422	12213383	1670304	10543079	1980717055	482132
14858311736	3233251	25	8	3522595	12214087	1670376	10543711	1980763088	482132
14859166134	3233413	23	8	3522777	12214805	1670453	10544352	1980810358	482132
14859953838	3233571	25	8	3522948	12215482	1670518	10544964	1980855341	482132
14860838707	3233733	25	8	3523121	12216178	1670587	10545591	1980901104	482132
14861781098	3233892	30	8	3523299	12216893	1670665	10546228	1980948171	482132
14862708228	3234050	24	8	3523474	12217571	1670727	10546844	1980993135	482132
14863522283	3234216	25	8	3523651	12218270	1670803	10547467	1981039335	482132
14864405190	3234375	19	8	3523831	12218965	1670872	10548093	1981085688	482132
14865419222	3234535	28	8	3524006	12219672	1670947	10548725	1981132457	482132
14866244138	3234693	24	8	3524180	12220373	1671033	10549340	1981178895	482132
14867079535	3234850	27	8	3524363	12221062	1671094	10549968	1981224727	482132
14867807298	3235022	24	8	3524553	12221783	1671174	10550609	1981272967	482134
14868611740	3235180	25	8	3524722	12222466	1671249	10551217	1981318069	482134
14869578319	3235343	19	8	3524902	12223155	1671319	10551836	1981364082	482134
14870442510	3235499	25	8	3525072	12223830	1671392	10552438	1981408954	482134
14871297314	3235663	22	8	3525253	12224528	1671465	10553063	1981455368	482136
14872320448	3235819	26	8	3525423	12225218	1671539	10553679	1981500584	482136
14873343820	3235981	19	8	3525591	12225892	1671606	10554286	1981545342	482136
14874091900	3236140	23	8	3525760	12226576	1671677	10554899	1981590361	482136
14874941371	3236301	20	8	3525936	12227251	1671736	10555515	1981635123	482136
14875925575	3236459	28	8	3526101	12227925	1671798	10556127	1981679328	482137
14876928463	3236621	22	8	3526284	12228622	1671867	10556755	1981725918	482137
14877748180	3236780	26	8	3526469	12229323	1671938	10557385	1981772705	482137
14878744624	3236941	24	8	3526647	12230000	1672008	10557992	1981817867	482137
14879662662	3237100	23	8	3526819	12230696	1672090	10558606	1981873956	482140
14880852655	3237256	21	8	3526987	12231347	1672151	10559196	1981917168	482140
14881695672	3237407	22	8	3527147	12231984	1672201	10559783	1981959084	482140
14882584203	3237562	18	8	3527319	12232646	1672271	10560375	1982003092	482140
14883404292	3237721	28	8	3527491	12233320	1672344	10560976	1982057131	482142
14884429359	3237874	21	8	3527654	12233975	1672405	10561570	1982100230	482142
14885406228	3238028	21	8	3527832	12234660	1672472	10562188	1982145720	482142
14886493463	3238181	22	8	3528004	12235319	1672534	10562785	1982189572	482142
14887231429	3238329	23	8	3528161	12235951	1672598	10563353	1982262368	482143
14888071584	3238486	21	8	3528339	12236629	1672671	10563958	1982307539	482143
14888905843	3238640	26	8	3528516	12237300	1672737	10564563	1982352282	482143
14889877167	3238797	24	8	3528686	12237967	1672806	10565161	1982396411	482143
14890587954	3238955	16	8	3528866	12238647	1672878	10565769	1982441762	482143
14891544086	3239107	21	8	3529035	12239314	1672943	10566371	1982486061	482143
14892437940	3239258	22	8	3529203	12239979	1673013	10566966	1982530034	482143
14893320238	3239413	22	8	3529367	12240655	1673086	10567569	1982592633	482143
14894209972	3239567	20	8	3529533	12241316	1673157	10568159	1982636488	482143
14895141730	3239719	19	8	3529700	12241977	1673222	10568755	1982680120	482143
14896019037	3239874	19	8	3529882	12242652	1673287	10569365	1982728346	482144
14896674402	3240024	24	8	3530043	12243289	1673345	10569944	1982770844	482144
14897635118	3240183	22	8	3530223	12243949	1673394	10570555	1982814922	482144
14898405453	3240338	23	8	3530395	12244630	1673463	10571167	1982893527	482144
14899280541	3240493	20	8	3530564	12245277	1673520	10571757	1982936945	482143
14900129360	3240645	24	8	3530737	12245943	1673583	10572360	1982981449	482143
14901006975	3240796	24	8	3530905	12246610	1673648	10572962	1983025451	482143
14901849879	3240949	23	8	3531075	12247285	1673726	10573559	1983069835	482143
14902715096	3241104	22	8	3531240	12247963	1673803	10574160	1983114434	482143
14903596581	3241261	23	8	3531410	12248629	1673869	10574760	1983165596	482143
14904462685	3241418	20	8	3531578	12249298	1673933	10575365	1983209736	482143
14905316118	3241569	26	8	3531751	12249960	1673990	10575970	1983253649	482143
14906312584	3241727	25	8	3531921	12250650	1674068	10576582	1983299411	482143
14907211519	3241881	27	8	3532092	12251308	1674132	10577176	1983343226	482143
14908127071	3242032	27	8	3532248	12251960	1674192	10577768	1983385930	482143
14909119836	3242181	30	8	3532413	12252591	1674251	10578340	1983428029	482143
14910219149	3242341	22	8	3532586	12253271	1674313	10578958	1983472885	482143
14910955077	3242493	21	8	3532755	12253926	1674378	10579548	1983516141	482143
14911938680	3242647	22	8	3532925	12254611	1674451	10580160	1983561623	482143
14912757162	3242795	23	8	3533088	12255267	1674525	10580742	1983619991	482143
14913680391	3242952	21	8	3533264	12255946	1674588	10581358	1983664935	482143
14914317639	3243103	23	8	3533428	12256583	1674657	10581926	1983707346	482143
14915337947	3243258	27	8	3533592	12257265	1674717	10582548	1983751823	482143
14916351930	3243414	19	8	3533760	12257914	1674771	10583143	1983794733	482143
14917330521	3243570	23	8	3533926	12258572	1674830	10583742	1983838271	482143
14918253838	3243722	20	8	3534087	12259221	1674905	10584316	1983881318	482143
14919274602	3243869	20	8	3534237	12259850	1674963	10584887	1983922456	482143
14920227585	3244024	23	8	3534404	12260511	1675028	10585483	1983966165	482143
14921137390	3244178	23	8	3534574	12261179	1675094	10586085	1984010465	482143
14922113219	3244328	23	8	3534735	12261831	1675167	10586664	1984053589	482143
14923003814	3244484	16	8	3534908	12262513	1675242	10587271	1984099031	482143
14923918668	3244632	22	8	3535076	12263151	1675297	10587854	1984141559	482143
14924604239	3244789	23	8	3535241	12263798	1675361	10588437	1984184573	482143
14925326489	3244940	23	8	3535412	12264456	1675432	10589024	1984228460	482143
14926054192	3245098	20	8	3535580	12265122	1675498	10589624	1984272516	482143
14926710011	3245252	19	8	3535754	12265772	1675566	10590206	1984316059	482143
14927637517	3245411	18	8	3535927	12266470	1675638	10590832	1984361850	482143
14928538750	3245561	21	8	3536092	12267126	1675708	10591418	1984405378	482143
14929523361	3245715	23	8	3536267	12267803	1675777	10592026	1984450335	482143
14930246762	3245869	25	8	3536436	12268449	1675841	10592608	1984507221	482143
14931036319	3246027	18	8	3536611	12269105	1675902	10593203	1984551034	482143
14931997797	3246181	22	8	3536780	12269769	1675963	10593806	1984594971	482143
14932857009	3246335	22	8	3536957	12270431	1676029	10594402	1984639451	482143
14933571182	3246478	25	8	3537120	12271054	1676091	10594963	1984680868	482143
14934391520	3246635	21	8	3537301	12271735	1676171	10595564	1984726368	482143
14935286752	3246787	26	8	3537476	12272416	1676247	10596169	1984771578	482143
14936172401	3246940	21	8	3537644	12273110	1676317	10596793	1984817484	482143
14936881448	3247090	25	8	3537805	12273747	1676377	10597370	1984859872	482143
14937840384	3247247	23	8	3537974	12274411	1676444	10597967	1984903837	482143
14938620239	3247398	24	8	3538136	12275060	1676516	10598544	1984946864	482143
14939546320	3247556	23	8	3538307	12275748	1676594	10599154	1984992285	482143
14940586835	3247710	23	8	3538484	12276414	1676657	10599757	1985036511	482143
14941302380	3247865	20	8	3538650	12277060	1676715	10600345	1985079324	482143
14942291033	3248014	22	8	3538815	12277697	1676762	10600935	1985121785	482143
14943058310	3248173	22	8	3538987	12278373	1676832	10601541	1985166401	482143
14943865392	3248326	21	8	3539157	12279026	1676905	10602121	1985210105	482143
14944610528	3248482	16	8	3539325	12279669	1676953	10602716	1985252834	482143
14945624400	3248633	23	8	3539493	12280320	1677011	10603309	1985296013	482143
14946404813	3248792	24	8	3539672	12280998	1677073	10603925	1985341111	482143
14947329754	3248945	24	8	3539842	12281683	1677150	10604533	1985386152	482143
14948331043	3249099	19	8	3540009	12282337	1677215	10605122	1985429506	482143
14949236647	3249250	23	8	3540177	12283006	1677289	10605717	1985474011	482143
14950065597	3249405	21	8	3540345	12283670	1677355	10606315	1985517915	482143
14951102706	3249561	21	8	3540513	12284336	1677409	10606927	1985561708	482143
14951757847	3249718	18	8	3540684	12284993	1677473	10607520	1985605300	482143
14952598027	3249867	22	8	3540850	12285636	1677530	10608106	1985647993	482143
14953405528	3250021	22	8	3541015	12286287	1677595	10608692	1985691230	482143
14954292941	3250176	19	8	3541182	12286965	1677663	10609302	1985735635	482143
14955138007	3250330	17	8	3541346	12287608	1677716	10609892	1985778161	482143
14955724777	3250481	23	8	3541511	12288255	1677784	10610471	1985821188	482143
14956378427	3250638	20	8	3541690	12288906	1677843	10611063	1985865852	482144
14957126442	3250790	25	8	3541848	12289571	1677910	10611661	1985909270	482144
14957786230	3250942	23	8	3542023	12290240	1677970	10612270	1985953769	482144
14958638146	3251097	25	8	3542191	12290927	1678054	10612873	1985998886	482144
14959413618	3251252	23	8	3542366	12291599	1678125	10613474	1986043544	482144
14960436112	3251408	19	8	3542538	12292264	1678186	10614078	1986087672	482144
14961337626	3251560	17	8	3542713	12292923	1678246	10614677	1986131491	482144
14962272590	3251705	19	8	3542872	12293541	1678299	10615242	1986172539	482144
14963239638	3251859	22	8	3543036	12294186	1678358	10615828	1986215169	482144
14964126478	3252012	25	8	3543209	12294857	1678419	10616438	1986262486	482144
14964989374	3252170	22	8	3543378	12295537	1678490	10617047	1986307283	482144
14965901488	3252323	27	8	3543554	12296211	1678565	10617646	1986352329	482144
14966756298	3252479	23	8	3543721	12296855	1678623	10618232	1986395059	482144
14967532735	3252630	25	8	3543887	12297512	1678686	10618826	1986446132	482144
14968470090	3252782	22	8	3544048	12298173	1678748	10619425	1986489558	482144
14969423789	3252934	26	8	3544211	12298849	1678815	10620034	1986533726	482144
14970315480	3253095	22	8	3544384	12299507	1678875	10620632	1986595907	482144
14971200336	3253247	16	8	3544558	12300168	1678935	10621233	1986646549	482144
14971931824	3253403	17	8	3544723	12300826	1679007	10621819	1986690121	482144
14972942379	3253554	22	8	3544897	12301518	1679090	10622428	1986735877	482144
14973911699	3253709	21	8	3545067	12302204	1679168	10623036	1986780957	482144
14974790974	3253864	18	8	3545227	12302868	1679232	10623636	1986824221	482144
14975556735	3254017	15	8	3545392	12303525	1679291	10624234	1986883174	482144
14976402839	3254166	21	8	3545559	12304185	1679354	10624831	1986926826	482144
14977528907	3254318	22	8	3545727	12304850	1679413	10625437	1986970517	482144
14978287320	3254470	25	8	3545890	12305508	1679475	10626033	1987015965	482145
14979435122	3254624	25	8	3546057	12306169	1679540	10626629	1987059622	482145
14980356867	3254775	27	8	3546230	12306830	1679608	10627222	1987103680	482145
14981110047	3254933	21	8	3546403	12307486	1679674	10627812	1987147408	482145
14982031912	3255085	24	8	3546569	12308149	1679748	10628401	1987191279	482145
14982801265	3255239	18	8	3546734	12308818	1679818	10629000	1987235453	482145
14983705189	3255394	20	8	3546902	12309499	1679886	10629613	1987280058	482145
14984658361	3255549	20	8	3547068	12310155	1679954	10630201	1987323478	482145
14985877420	3255701	24	8	3547234	12310800	1680003	10630797	1987366274	482145
14986918462	3255856	20	8	3547410	12311485	1680082	10631403	1987419678	482147
14987598412	3256012	24	8	3547579	12312153	1680150	10632003	1987464075	482147
14988511091	3256166	25	8	3547750	12312816	1680212	10632604	1987508216	482147
14989549247	3256319	22	8	3547916	12313491	1680281	10633210	1987552732	482147
14990451923	3256473	20	8	3548089	12314174	1680349	10633825	1987625220	482147
14991254591	3256626	22	8	3548255	12314821	1680404	10634417	1987668140	482147
14992068694	3256778	21	8	3548416	12315476	1680481	10634995	1987711394	482147
14993189927	3256938	27	8	3548590	12316157	1680548	10635609	1987762046	482147
14993891854	3257087	22	8	3548754	12316790	1680603	10636187	1987804018	482147
14994752671	3257245	23	8	3548933	12317480	1680676	10636804	1987849651	482147
14995445031	3257396	23	8	3549096	12318136	1680747	10637389	1987892925	482147
14996259554	3257550	24	8	3549255	12318796	1680814	10637982	1987936265	482147
14997154730	3257703	21	8	3549428	12319455	1680879	10638576	1987980147	482147
14998017386	3257857	25	8	3549594	12320119	1680951	10639168	1988024122	482147
14998914513	3258008	20	8	3549763	12320784	1681006	10639778	1988067771	482147
14999703978	3258165	20	8	3549937	12321459	1681078	10640381	1988112532	482147
15000726891	3258323	24	8	3550107	12322148	1681141	10641007	1988195632	482147
15001609072	3258476	22	8	3550289	12322826	1681203	10641623	1988240846	482147
15002678827	3258627	21	8	3550463	12323521	1681284	10642237	1988286601	482147
15003627927	3258782	20	8	3550638	12324193	1681349	10642844	1988331217	482147
15004460374	3258934	19	8	3550812	12324841	1681401	10643440	1988374384	482147
15005345511	3259090	22	8	3550984	12325535	1681481	10644054	1988420099	482147
15006129526	3259238	25	8	3551156	12326201	1681556	10644645	1988464331	482147
15006631940	3259396	21	8	3551342	12326882	1681627	10645255	1988510137	482147
15007265104	3259550	18	8	3551518	12327533	1681685	10645848	1988553719	482148
15008313487	3259707	22	8	3551686	12328223	1681756	10646467	1988630992	482150
15009212172	3259856	25	8	3551853	12328874	1681809	10647065	1988674040	482150
15009913505	3260015	25	8	3552030	12329579	1681885	10647694	1988764448	482151
15010645407	3260172	22	8	3552209	12330248	1681948	10648300	1988808969	482151
15011513532	3260320	24	8	3552376	12330905	1682018	10648887	1988852572	482151
15012558767	3260476	22	8	3552535	12331566	1682076	10649490	1988896100	482153
15013391968	3260635	21	8	3552713	12332242	1682145	10650097	1988941156	482153
15014095309	3260785	24	8	3552876	12332914	1682222	10650692	1988985381	482153
15014943743	3260940	23	8	3553041	12333581	1682291	10651290	1989029381	482153
15016066363	3261093	23	8	3553206	12334245	1682340	10651905	1989072683	482153
15016897367	3261249	22	8	3553380	12334923	1682407	10652516	1989117527	482153
15017798055	3261400	24	8	3553553	12335576	1682466	10653110	1989161183	482153
15018609647	3261556	27	8	3553728	12336265	1682545	10653720	1989206892	482153
15019445054	3261711	18	8	3553903	12336928	1682615	10654313	1989272138	482153
15020324113	3261866	24	8	3554076	12337605	1682689	10654916	1989316901	482153
15021195438	3262022	22	8	3554243	12338261	1682757	10655504	1989360298	482153
15022252286	3262171	19	8	3554405	12338904	1682821	10656083	1989402812	482153
15023159944	3262325	20	8	3554585	12339585	1682891	10656694	1989448173	482153
15024135988	3262477	19	8	3554749	12340242	1682946	10657296	1989491437	482153
15025072945	3262631	23	8	3554918	12340911	1683005	10657906	1989546771	482154
15025995419	3262785	21	8	3555095	12341575	1683066	10658509	1989591036	482154
15026687207	3262936	23	8	3555266	12342253	1683153	10659100	1989635960	482154
15027559415	3263091	23	8	3555436	12342931	1683224	10659707	1989680552	482154
15028429235	3263248	22	8	3555607	12343605	1683294	10660311	1989725215	482154
15029294660	3263410	23	8	3555780	12344308	1683366	10660942	1989823011	482155
15030405880	3263569	20	8	3555954	12344999	1683438	10661561	1989931248	482155
15031215106	3263724	20	8	3556126	12345675	1683508	10662167	1989975913	482155
15032252003	3263878	24	8	3556295	12346360	1683578	10662782	1990020990	482155
15033281855	3264028	21	8	3556462	12346996	1683636	10663360	1990063234	482155
15034313343	3264178	25	8	3556621	12347665	1683698	10663967	1990107235	482155
15035112687	3264330	25	8	3556807	12348331	1683757	10664574	1990152118	482155
15035946029	3264486	24	8	3556980	12349009	1683817	10665192	1990196639	482155
15036904535	3264638	22	8	3557149	12349672	1683874	10665798	1990240478	482155
15037834902	3264795	24	8	3557324	12350350	1683946	10666404	1990285491	482155
15038958666	3264950	19	8	3557492	12351015	1684005	10667010	1990329267	482155
15039829091	3265101	22	8	3557655	12351665	1684070	10667595	1990372303	482155
15040615435	3265255	21	8	3557821	12352311	1684128	10668183	1990415145	482155
15041348211	3265410	21	8	3557992	12352972	1684195	10668777	1990459053	482155
15042130231	3265565	20	8	3558153	12353626	1684259	10669367	1990502163	482155
15042967103	3265718	24	8	3558321	12354300	1684324	10669976	1990546430	482155
15043878496	3265875	21	8	3558498	12354967	1684381	10670586	1990590838	482155
15044648881	3266027	26	8	3558659	12355630	1684455	10671175	1990634515	482155
15045433891	3266180	23	8	3558822	12356275	1684514	10671761	1990677196	482155
15046213612	3266329	26	8	3558982	12356927	1684591	10672336	1990720302	482155
15047179806	3266490	18	8	3559157	12357610	1684662	10672948	1990765380	482155
15048024621	3266640	26	8	3559317	12358259	1684734	10673525	1990808449	482157
15049039341	3266797	23	8	3559489	12358933	1684793	10674140	1990854514	482157
15049901427	3266949	22	8	3559663	12359598	1684858	10674740	1990898776	482157
15050787354	3267108	23	8	3559838	12360283	1684928	10675355	1990944098	482157
15051427077	3267265	25	8	3560006	12360960	1685012	10675948	1990988833	482157
15052421207	3267417	22	8	3560167	12361603	1685074	10676529	1991031547	482157
15053538586	3267569	21	8	3560330	12362264	1685142	10677122	1991074950	482157
15054568614	3267725	19	8	3560495	12362935	1685211	10677724	1991119614	482157
15055697035	3267879	20	8	3560666	12363618	1685282	10678336	1991164542	482157
15056537003	3268036	21	8	3560837	12364280	1685343	10678937	1991208281	482157
15057211850	3268184	21	8	3561011	12364930	1685410	10679520	1991251751	482157
15058027784	3268341	22	8	3561190	12365611	1685478	10680133	1991297101	482157
15058797580	3268492	27	8	3561363	12366271	1685545	10680726	1991341050	482157
15059668560	3268647	22	8	3561535	12366934	1685600	10681334	1991385056	482157
15060540022	3268796	25	8	3561698	12367586	1685670	10681916	1991428442	482157
15061340023	3268953	24	8	3561872	12368248	1685740	10682508	1991472604	482157
15062375367	3269103	29	8	3562042	12368919	1685803	10683116	1991517003	482157
15063125429	3269258	23	8	3562211	12369562	1685869	10683693	1991560015	482157
15063987399	3269411	25	8	3562372	12370216	1685942	10684274	1991603183	482157
15064809219	3269567	21	8	3562537	12370876	1686007	10684869	1991646724	482157
15065939714	3269716	28	8	3562699	12371542	1686072	10685470	1991690619	482157
15066740732	3269872	24	8	3562874	12372200	1686144	10686056	1991734594	482157
15067553333	3270037	25	8	3563053	12372878	1686223	10686655	1991815800	482163
15068505204	3270195	22	8	3563226	12373569	1686307	10687262	1991861481	482163
15069469773	3270348	20	8	3563394	12374231	1686382	10687849	1991905413	482163
15070399372	3270504	19	8	3563568	12374919	1686455	10688464	1991950776	482163
15071336602	3270658	20	8	3563747	12375595	1686538	10689057	1991996039	482163
15072547710	3270809	23	8	3563921	12376286	1686609	10689677	1992041546	482163
15073561007	3270963	22	8	3564091	12376967	1686679	10690288	1992086365	482163
15074357472	3271119	20	8	3564266	12377624	1686736	10690888	1992130325	482163
15075150279	3271274	21	8	3564434	12378287	1686800	10691487	1992174202	482163
15076235941	3271426	21	8	3564597	12378951	1686866	10692085	1992217966	482163
15077232441	3271579	27	8	3564763	12379612	1686931	10692681	1992261594	482163
15078024418	3271729	22	8	3564925	12380247	1686995	10693252	1992303766	482163
15079071034	3271878	30	8	3565084	12380900	1687058	10693842	1992346793	482163
15080183851	3272030	24	8	3565251	12381558	1687113	10694445	1992390015	482163
15081125349	3272183	22	8	3565418	12382238	1687184	10695054	1992434484	482163
15082022605	3272340	21	8	3565591	12382906	1687243	10695663	1992478788	482163
15082966817	3272496	19	8	3565763	12383590	1687313	10696277	1992550595	482165
15083704683	3272647	19	8	3565923	12384222	1687377	10696845	1992592520	482165
