bytes_written	total_items	curr_connections	threads	cmd_set	cmd_get	get_misses	get_hits	bytes_read
12391399112	684413	20	8	686547	7884891	1615119	6269772	1919791439	366021
12391959337	684418	25	8	686552	7885352	1615190	6270162	1919850128	366025
12392573298	684418	22	8	686552	7885794	1615251	6270543	1919895411	366025
12393238395	684418	28	8	686552	7886258	1615312	6270946	1919941168	366025
12393823668	684418	23	8	686552	7886728	1615380	6271348	1919988374	366025
12394584993	684420	29	8	686554	7887219	1615452	6271767	1920043616	366025
12395447620	684426	22	8	686560	7887699	1615534	6272165	1920124622	366028
12396357751	684426	26	8	686560	7888167	1615600	6272567	1920171312	366028
12397219667	684426	22	8	686560	7888627	1615670	6272957	1920218505	366028
12397879276	684428	24	8	686562	7889100	1615754	6273346	1920265367	366029
12398668476	684428	20	8	686562	7889557	1615815	6273742	1920311245	366029
12399326011	684428	21	8	686562	7890027	1615879	6274148	1920357315	366029
12400059967	684428	21	8	686562	7890505	1615954	6274551	1920404831	366029
12400965657	684429	19	8	686563	7890985	1616032	6274953	1920454701	366029
12401660490	684429	24	8	686563	7891446	1616105	6275341	1920501239	366029
12402388501	684429	19	8	686563	7891887	1616173	6275714	1920545325	366029
12403134946	684433	21	8	686567	7892380	1616247	6276133	1920608761	366029
12403971891	684436	23	8	686570	7892833	1616308	6276525	1920665335	366030
12404600740	684438	22	8	686572	7893302	1616381	6276921	1920737076	366030
12405483427	684443	23	8	686577	7893779	1616459	6277320	1920802813	366031
12406364013	684443	22	8	686577	7894248	1616531	6277717	1920849495	366031
12407119302	684443	24	8	686577	7894710	1616599	6278111	1920896279	366031
12408114486	684443	15	8	686577	7895176	1616670	6278506	1920943242	366031
12409000483	684445	23	8	686579	7895667	1616737	6278930	1921024873	366031
12410038380	684447	25	8	686581	7896143	1616805	6279338	1921075512	366032
12410883302	684452	24	8	686586	7896618	1616871	6279747	1921138371	366033
12411849092	684453	23	8	686587	7897104	1616940	6280164	1921186224	366033
12412455965	684458	24	8	686592	7897566	1617015	6280551	1921247144	366036
12413104648	684459	22	8	686593	7898024	1617076	6280948	1921293621	366035
12413888067	684470	23	8	686604	7898521	1617156	6281365	1921342348	366046
12414772186	684484	18	8	686618	7899007	1617247	6281760	1921460865	366055
12415610848	684486	23	8	686620	7899489	1617318	6282171	1921513634	366055
12416363788	684488	24	8	686622	7899992	1617394	6282598	1921568019	366056
12417124313	684490	27	8	686624	7900473	1617478	6282995	1921617787	366056
12418157802	684490	25	8	686624	7900944	1617549	6283395	1921664477	366056
12419024492	684491	24	8	686625	7901429	1617620	6283809	1921720846	366056
12420044641	684492	22	8	686626	7901919	1617693	6284226	1921788100	366057
12420966752	684497	25	8	686631	7902390	1617763	6284627	1921834823	366059
12421753886	684497	19	8	686631	7902863	1617829	6285034	1921881733	366059
12422331762	684498	25	8	686632	7903331	1617897	6285434	1921932297	366059
12423468843	684499	20	8	686633	7903815	1617972	6285843	1921979739	366059
12424248978	684499	25	8	686633	7904284	1618044	6286240	1922026241	366059
12425010745	684507	23	8	686641	7904765	1618124	6286641	1922096104	366064
12425850484	684510	22	8	686644	7905240	1618201	6287039	1922153482	366067
12426903158	684510	22	8	686644	7905718	1618274	6287444	1922200298	366067
12427773049	684510	26	8	686644	7906192	1618337	6287855	1922247351	366067
12428427551	684511	26	8	686645	7906637	1618406	6288231	1922318001	366067
12429201876	684512	22	8	686646	7907109	1618481	6288628	1922365996	366067
12430108053	684512	20	8	686646	7907564	1618550	6289014	1922411408	366067
12431383818	684512	25	8	686646	7908052	1618614	6289438	1922459099	366067
12432350257	684513	24	8	686647	7908530	1618683	6289847	1922505982	366067
12433045958	684513	26	8	686647	7908968	1618747	6290221	1922550952	366067
12433795808	684513	24	8	686647	7909428	1618808	6290620	1922596956	366067
12434675565	684522	27	8	686656	7909924	1618889	6291035	1922666043	366075
12435283173	684522	24	8	686656	7910402	1618968	6291434	1922713777	366075
12436205706	684523	25	8	686657	7910886	1619025	6291861	1922761480	366075
12437072594	684523	21	8	686657	7911362	1619099	6292263	1922808092	366075
12437931593	684524	24	8	686658	7911840	1619173	6292667	1922866612	366075
12438617735	684524	24	8	686658	7912303	1619242	6293061	1922913223	366075
12439411861	684525	25	8	686659	7912789	1619315	6293474	1922961132	366075
12440433769	684525	23	8	686659	7913288	1619388	6293900	1923008868	366075
12441198010	684525	23	8	686659	7913758	1619461	6294297	1923055624	366075
12442301497	684526	24	8	686660	7914238	1619521	6294717	1923129799	366075
12442947359	684526	24	8	686660	7914712	1619598	6295114	1923177027	366075
12443965336	684526	25	8	686660	7915164	1619662	6295502	1923223520	366075
12444980368	684528	21	8	686662	7915646	1619723	6295923	1923270801	366077
12445641330	684530	29	8	686664	7916092	1619783	6296309	1923334639	366078
12446506253	684543	25	8	686677	7916586	1619867	6296719	1923409400	366085
12447291078	684545	28	8	686679	7917047	1619937	6297110	1923461910	366085
12448039642	684548	26	8	686682	7917496	1620008	6297488	1923513167	366085
12448782442	684550	23	8	686684	7917980	1620086	6297894	1923576808	366085
12449646129	684551	20	8	686685	7918468	1620157	6298311	1923625129	366085
12450568253	684551	21	8	686685	7918930	1620221	6298709	1923670870	366085
12451531716	684554	22	8	686688	7919430	1620306	6299124	1923727701	366088
12452051743	684554	24	8	686688	7919894	1620381	6299513	1923774282	366088
12452852358	684554	24	8	686688	7920369	1620459	6299910	1923821784	366088
12453612671	684555	25	8	686689	7920834	1620532	6300302	1923868154	366087
12454377186	684555	23	8	686689	7921295	1620606	6300689	1923914831	366087
12455161462	684560	25	8	686694	7921757	1620677	6301080	1923976686	366088
12456497976	684560	22	8	686694	7922239	1620748	6301491	1924024333	366088
12457384414	684560	19	8	686694	7922686	1620802	6301884	1924069665	366088
12458328558	684560	20	8	686694	7923155	1620873	6302282	1924116631	366088
12459132293	684560	23	8	686694	7923630	1620950	6302680	1924162883	366088
12459877401	684561	25	8	686695	7924095	1621033	6303062	1924209122	366087
12460822523	684562	22	8	686696	7924557	1621108	6303449	1924255624	366087
12461708339	684562	26	8	686696	7925028	1621178	6303850	1924302373	366087
12462353030	684562	20	8	686696	7925500	1621241	6304259	1924349470	366087
12462955219	684564	19	8	686698	7925987	1621316	6304671	1924412381	366087
12463531675	684564	18	8	686698	7926456	1621386	6305070	1924458627	366087
12464239423	684565	19	8	686699	7926911	1621464	6305447	1924504035	366087
12465072044	684566	22	8	686700	7927410	1621552	6305858	1924551152	366088
12465829951	684567	21	8	686701	7927844	1621619	6306225	1924604991	366089
12466638535	684570	23	8	686704	7928301	1621686	6306615	1924651060	366092
12467314506	684570	26	8	686704	7928789	1621759	6307030	1924698188	366092
12468022587	684570	20	8	686704	7929243	1621831	6307412	1924743723	366092
12468644517	684570	21	8	686704	7929690	1621900	6307790	1924788611	366092
12469363097	684570	23	8	686704	7930148	1621964	6308184	1924833747	366092
12470129133	684575	25	8	686709	7930612	1622041	6308571	1924906773	366095
12470771344	684575	28	8	686709	7931067	1622113	6308954	1924952124	366095
12471634963	684575	22	8	686709	7931515	1622177	6309338	1924997220	366095
12472622280	684575	24	8	686709	7931984	1622256	6309728	1925043296	366095
12473657050	684575	22	8	686709	7932449	1622320	6310129	1925088586	366095
12474518044	684577	22	8	686711	7932922	1622401	6310521	1925146396	366095
12475127428	684577	21	8	686711	7933377	1622464	6310913	1925191080	366095
12475848417	684579	22	8	686713	7933810	1622525	6311285	1925245071	366096
12476823418	684580	24	8	686714	7934281	1622599	6311682	1925291186	366096
12477544864	684586	26	8	686720	7934753	1622672	6312081	1925361567	366101
12478224916	684588	22	8	686722	7935232	1622735	6312497	1925449890	366101
12478857253	684588	23	8	686722	7935697	1622806	6312891	1925495335	366101
12479692160	684588	21	8	686722	7936156	1622869	6313287	1925541389	366101
12480470831	684594	22	8	686728	7936648	1622952	6313696	1925588777	366107
12481228898	684594	24	8	686728	7937118	1623024	6314094	1925635107	366107
12481891305	684595	19	8	686729	7937571	1623090	6314481	1925680286	366107
12482896760	684597	20	8	686731	7938037	1623156	6314881	1925739009	366107
12483879304	684597	22	8	686731	7938499	1623224	6315275	1925784322	366107
12484827334	684601	22	8	686735	7938985	1623297	6315688	1925844674	366108
12485490354	684602	23	8	686736	7939443	1623370	6316073	1925891603	366108
12486224069	684602	21	8	686736	7939915	1623457	6316458	1925938348	366108
12487007870	684605	24	8	686739	7940396	1623529	6316867	1925993395	366109
12487538281	684606	21	8	686740	7940833	1623586	6317247	1926050513	366109
12488235027	684610	23	8	686744	7941273	1623648	6317625	1926148051	366111
12489299100	684610	19	8	686744	7941766	1623723	6318043	1926195772	366111
12490072223	684610	24	8	686744	7942231	1623794	6318437	1926241660	366111
12491111570	684610	22	8	686744	7942699	1623857	6318842	1926287915	366111
12491864604	684610	22	8	686744	7943158	1623919	6319239	1926333087	366111
12492688586	684610	23	8	686744	7943638	1624002	6319636	1926380021	366111
12493491050	684610	28	8	686744	7944090	1624066	6320024	1926424854	366111
12494398751	684611	21	8	686745	7944551	1624132	6320419	1926474688	366111
12495057174	684611	20	8	686745	7945002	1624209	6320793	1926519498	366111
12495700144	684611	21	8	686745	7945468	1624278	6321190	1926565552	366111
12496592256	684620	23	8	686754	7945944	1624358	6321586	1926616438	366119
12497317810	684620	22	8	686754	7946400	1624428	6321972	1926662198	366119
12498208514	684620	24	8	686754	7946877	1624497	6322380	1926708690	366119
12499038533	684620	22	8	686754	7947329	1624559	6322770	1926753886	366119
12499852101	684620	26	8	686754	7947786	1624630	6323156	1926798461	366119
12501070220	684620	20	8	686754	7948262	1624696	6323566	1926844927	366119
12501986629	684620	24	8	686754	7948732	1624761	6323971	1926890973	366119
12502744582	684621	20	8	686755	7949184	1624823	6324361	1926951247	366119
12503457479	684621	25	8	686755	7949639	1624901	6324738	1926996359	366119
12504411228	684623	20	8	686757	7950087	1624973	6325114	1927043788	366121
12505126153	684623	27	8	686757	7950565	1625048	6325517	1927090321	366121
12506029684	684630	20	8	686764	7951038	1625126	6325912	1927173725	366128
12506979856	684633	22	8	686767	7951501	1625194	6326307	1927220826	366129
12507766242	684639	22	8	686773	7951971	1625266	6326705	1927290313	366133
12508530681	684639	28	8	686773	7952457	1625343	6327114	1927337652	366133
12509475543	684639	20	8	686773	7952918	1625408	6327510	1927383348	366133
12510137793	684640	26	8	686774	7953392	1625478	6327914	1927429689	366133
12510808189	684640	24	8	686774	7953843	1625540	6328303	1927474634	366133
12511700676	684665	28	8	686799	7954359	1625633	6328726	1927525116	366157
12512311462	684670	22	8	686804	7954807	1625690	6329117	1927570770	366162
12513128492	684670	22	8	686804	7955260	1625750	6329510	1927616088	366162
12513726649	684670	18	8	686804	7955741	1625843	6329898	1927662576	366162
12514412975	684675	24	8	686809	7956213	1625909	6330304	1927720460	366165
12515259703	684680	23	8	686814	7956691	1625973	6330718	1927788864	366169
12516007936	684702	22	8	686836	7957190	1626073	6331117	1927876671	366188
12517045577	684703	21	8	686837	7957651	1626126	6331525	1927922313	366188
12518094472	684703	23	8	686837	7958124	1626193	6331931	1927968205	366188
12518847490	684703	21	8	686837	7958594	1626262	6332332	1928013825	366188
12519561186	684712	22	8	686846	7959058	1626338	6332720	1928061414	366197
12520602696	684712	21	8	686846	7959535	1626419	6333116	1928107295	366197
12521355043	684712	20	8	686846	7960006	1626497	6333509	1928153773	366197
12522168509	684712	18	8	686846	7960452	1626554	6333898	1928197871	366197
12522768338	684714	22	8	686848	7960913	1626637	6334276	1928249634	366198
12523458105	684714	20	8	686848	7961374	1626713	6334661	1928294935	366198
12524355673	684715	22	8	686849	7961832	1626778	6335054	1928344012	366198
12525047500	684715	25	8	686849	7962296	1626837	6335459	1928389616	366198
12526002715	684720	26	8	686854	7962778	1626925	6335853	1928452376	366202
12527042181	684720	24	8	686854	7963228	1626992	6336236	1928496600	366202
12527870094	684721	21	8	686855	7963691	1627064	6336627	1928557519	366203
12528445971	684721	19	8	686855	7964140	1627130	6337010	1928602631	366203
12529298444	684721	23	8	686855	7964613	1627189	6337424	1928648780	366203
12530164540	684721	21	8	686855	7965065	1627249	6337816	1928693871	366203
12531145117	684722	23	8	686856	7965558	1627324	6338234	1928753564	366203
12531833756	684722	23	8	686856	7965995	1627385	6338610	1928797927	366203
12532617987	684722	23	8	686856	7966478	1627459	6339019	1928845177	366203
12533371957	684722	20	8	686856	7966967	1627525	6339442	1928891458	366203
12533955480	684724	25	8	686858	7967464	1627600	6339864	1928955787	366203
12534503809	684729	24	8	686863	7967941	1627669	6340272	1929013795	366207
12535363157	684729	26	8	686863	7968409	1627743	6340666	1929060204	366207
12536155205	684729	20	8	686863	7968876	1627811	6341065	1929106408	366207
12536914584	684732	25	8	686866	7969353	1627889	6341464	1929172424	366208
12537561143	684732	23	8	686866	7969835	1627972	6341863	1929219126	366208
12538198799	684736	23	8	686870	7970301	1628040	6342261	1929287369	366207
12539203152	684737	25	8	686871	7970759	1628103	6342656	1929332784	366207
12539813370	684737	24	8	686871	7971214	1628170	6343044	1929378013	366207
12540639424	684737	25	8	686871	7971668	1628238	6343430	1929422933	366207
12541557348	684745	24	8	686879	7972149	1628320	6343829	1929481997	366213
12542230235	684745	24	8	686879	7972599	1628385	6344214	1929526973	366213
12543002867	684745	23	8	686879	7973047	1628450	6344597	1929571773	366213
12543589870	684745	23	8	686879	7973488	1628514	6344974	1929616043	366213
12544194396	684748	24	8	686882	7973947	1628576	6345371	1929662345	366212
12544905235	684749	17	8	686883	7974396	1628642	6345754	1929707313	366211
12545620791	684751	24	8	686885	7974871	1628715	6346156	1929754165	366213
12546376558	684751	24	8	686885	7975358	1628790	6346568	1929801031	366213
12546897547	684751	23	8	686885	7975812	1628856	6346956	1929846143	366213
12547681322	684753	22	8	686887	7976295	1628922	6347373	1929892385	366213
12548418133	684753	23	8	686887	7976761	1629002	6347759	1929938663	366213
12549274284	684754	20	8	686888	7977233	1629061	6348172	1929984672	366213
12550156531	684754	23	8	686888	7977703	1629125	6348578	1930030955	366213
12550856810	684754	19	8	686888	7978171	1629191	6348980	1930076692	366213
12551623165	684754	24	8	686888	7978644	1629266	6349378	1930122559	366213
12552447938	684756	26	8	686890	7979132	1629336	6349796	1930177521	366213
12553142951	684757	23	8	686891	7979581	1629408	6350173	1930266564	366213
12553890757	684760	25	8	686894	7980033	1629488	6350545	1930316914	366215
12554612816	684760	26	8	686894	7980500	1629566	6350934	1930362810	366215
12555499281	684760	23	8	686894	7980949	1629637	6351312	1930407942	366215
12556303563	684761	22	8	686895	7981414	1629707	6351707	1930453892	366215
12557285031	684763	22	8	686897	7981887	1629773	6352114	1930499477	366215
12558199964	684765	23	8	686899	7982356	1629845	6352511	1930550504	366216
12559046195	684766	23	8	686900	7982813	1629906	6352907	1930595622	366216
12559891898	684768	24	8	686902	7983274	1629972	6353302	1930641495	366216
12560334722	684772	21	8	686906	7983748	1630059	6353689	1930706646	366219
12560989572	684772	20	8	686906	7984203	1630127	6354076	1930751917	366219
12561742402	684772	25	8	686906	7984686	1630199	6354487	1930798311	366219
12562354303	684772	22	8	686906	7985145	1630266	6354879	1930844849	366219
12563269893	684773	24	8	686907	7985621	1630347	6355274	1930899919	366219
12563929822	684775	24	8	686909	7986069	1630411	6355658	1930956372	366219
12564950787	684775	23	8	686909	7986548	1630494	6356054	1931002800	366219
12565829694	684776	24	8	686910	7987048	1630578	6356470	1931056593	366219
12566599343	684777	25	8	686911	7987524	1630654	6356870	1931111979	366220
12567340538	684779	25	8	686913	7987996	1630743	6357253	1931163420	366221
12568202910	684779	26	8	686913	7988458	1630808	6357650	1931208555	366221
12568864823	684781	23	8	686915	7988943	1630898	6358045	1931259058	366221
12569859374	684782	23	8	686916	7989401	1630966	6358435	1931304779	366221
12570540617	684782	18	8	686916	7989847	1631030	6358817	1931349800	366221
12571179126	684782	21	8	686916	7990289	1631092	6359197	1931394658	366221
12572258316	684782	23	8	686916	7990764	1631152	6359612	1931440965	366221
12572955513	684782	23	8	686916	7991238	1631228	6360010	1931487584	366221
12573545409	684786	19	8	686920	7991706	1631305	6360401	1931545737	366223
12574259932	684795	22	8	686929	7992201	1631382	6360819	1931608889	366231
12575269749	684795	23	8	686929	7992665	1631439	6361226	1931654762	366231
12576074080	684795	25	8	686929	7993120	1631512	6361608	1931699980	366231
12576923380	684796	24	8	686930	7993582	1631586	6361996	1931748139	366232
12577800330	684798	20	8	686932	7994042	1631658	6362384	1931848224	366233
12578560446	684798	20	8	686932	7994500	1631717	6362783	1931893335	366233
12579489479	684800	23	8	686934	7994965	1631796	6363169	1931967832	366233
12580370502	684800	19	8	686934	7995439	1631860	6363579	1932013868	366233
12581038322	684800	24	8	686934	7995907	1631930	6363977	1932059399	366233
12581741831	684801	23	8	686935	7996357	1631996	6364361	1932105168	366233
12582536100	684801	26	8	686935	7996799	1632062	6364737	1932149972	366233
12583192822	684801	23	8	686935	7997263	1632126	6365137	1932195556	366233
12583979450	684803	21	8	686937	7997719	1632201	6365518	1932250192	366233
12584970546	684803	21	8	686937	7998189	1632268	6365921	1932296148	366233
12585713900	684803	25	8	686937	7998680	1632355	6366325	1932343906	366233
12586394396	684803	22	8	686937	7999119	1632413	6366706	1932388460	366233
12587127417	684805	21	8	686939	7999581	1632485	6367096	1932434585	366234
12587822595	684805	20	8	686939	8000048	1632562	6367486	1932480437	366234
12588567082	684805	23	8	686939	8000519	1632631	6367888	1932526453	366234
12589273140	684805	22	8	686939	8000970	1632691	6368279	1932571718	366234
12590146716	684805	26	8	686939	8001432	1632768	6368664	1932616892	366234
12591042772	684806	24	8	686940	8001892	1632827	6369065	1932664559	366235
12592097081	684808	24	8	686942	8002362	1632910	6369452	1932711252	366235
12592846711	684809	22	8	686943	8002830	1632976	6369854	1932779387	366235
12593508895	684809	26	8	686943	8003300	1633051	6370249	1932825427	366235
12594284391	684834	21	8	686968	8003794	1633148	6370646	1932924573	366256
12595057536	684835	24	8	686969	8004240	1633207	6371033	1932971618	366257
12595976703	684839	20	8	686973	8004686	1633268	6371418	1933028107	366260
12596787938	684839	25	8	686973	8005157	1633340	6371817	1933074235	366260
12597426171	684839	23	8	686973	8005604	1633413	6372191	1933119324	366260
12598339787	684851	24	8	686985	8006111	1633499	6372612	1933168875	366267
12599114729	684851	21	8	686985	8006581	1633576	6373005	1933214451	366267
12599706818	684851	23	8	686985	8007028	1633636	6373392	1933259844	366267
12600543070	684851	21	8	686985	8007486	1633702	6373784	1933305067	366267
12601431065	684851	22	8	686985	8007966	1633759	6374207	1933351596	366267
12602252354	684852	21	8	686986	8008423	1633836	6374587	1933400441	366267
12602992645	684857	23	8	686991	8008887	1633909	6374978	1933474658	366271
12603728524	684863	21	8	686997	8009334	1633984	6375350	1933546184	366275
12604609448	684865	17	8	686999	8009815	1634068	6375747	1933593367	366276
12605396731	684867	20	8	687001	8010254	1634124	6376130	1933639436	366276
12606175139	684867	28	8	687001	8010710	1634194	6376516	1933684822	366276
12606852074	684872	20	8	687006	8011159	1634258	6376901	1933729885	366281
12607803754	684883	21	8	687017	8011626	1634330	6377296	1933815724	366291
12608427322	684883	23	8	687017	8012083	1634393	6377690	1933860447	366291
12609162634	684883	23	8	687017	8012547	1634453	6378094	1933906435	366291
12609960973	684883	21	8	687017	8012999	1634520	6378479	1933952070	366291
12610789764	684884	22	8	687018	8013475	1634596	6378879	1933998827	366290
12611638407	684884	25	8	687018	8013949	1634673	6379276	1934045554	366290
12612301269	684885	21	8	687019	8014429	1634751	6379678	1934092536	366290
12613102925	684886	21	8	687020	8014898	1634835	6380063	1934150595	366290
12613988281	684886	24	8	687020	8015362	1634900	6380462	1934195884	366290
12614845427	684907	19	8	687041	8015824	1634976	6380848	1934397128	366310
12615510429	684907	21	8	687041	8016296	1635050	6381246	1934443359	366310
12616334297	684907	19	8	687041	8016756	1635120	6381636	1934488800	366310
12617309770	684907	23	8	687041	8017228	1635201	6382027	1934534478	366310
12618028748	684907	22	8	687041	8017672	1635267	6382405	1934579164	366310
12618946808	684909	22	8	687043	8018141	1635349	6382792	1934624574	366310
12619500515	684911	22	8	687045	8018604	1635418	6383186	1934670656	366310
12620259369	684911	26	8	687045	8019060	1635482	6383578	1934715721	366310
12621110172	684911	23	8	687045	8019513	1635550	6383963	1934760972	366310
12621820545	684911	22	8	687045	8019964	1635616	6384348	1934806073	366310
12622397641	684911	26	8	687045	8020429	1635681	6384748	1934852156	366310
12623023175	684911	22	8	687045	8020881	1635748	6385133	1934897172	366310
12623753583	684911	23	8	687045	8021336	1635811	6385525	1934942494	366310
12624611625	684912	20	8	687046	8021822	1635889	6385933	1934989244	366310
12625495074	684912	25	8	687046	8022287	1635957	6386330	1935034627	366310
12626325791	684913	21	8	687047	8022750	1636039	6386711	1935080750	366310
12627105560	684914	27	8	687048	8023195	1636104	6387091	1935127240	366310
12627908270	684914	23	8	687048	8023665	1636182	6387483	1935173009	366310
12628835134	684914	23	8	687048	8024125	1636251	6387874	1935218629	366310
12629833041	684914	23	8	687048	8024596	1636327	6388269	1935264732	366310
12630884182	684914	25	8	687048	8025049	1636383	6388666	1935309649	366310
12631825983	684914	23	8	687048	8025504	1636457	6389047	1935354411	366310
12632429282	684914	21	8	687048	8025945	1636520	6389425	1935398346	366310
12633122204	684914	27	8	687048	8026404	1636592	6389812	1935444461	366310
12633739764	684914	20	8	687048	8026851	1636658	6390193	1935489417	366310
12634475921	684914	24	8	687048	8027322	1636726	6390596	1935535003	366310
12635118740	684914	22	8	687048	8027788	1636798	6390990	1935580942	366310
12635953065	684915	29	8	687049	8028254	1636861	6391393	1935636304	366310
12636613069	684917	23	8	687051	8028730	1636946	6391784	1935682184	366310
12637173936	684921	15	8	687055	8029157	1637014	6392143	1935731170	366311
12638108008	684921	22	8	687055	8029625	1637074	6392551	1935777089	366311
12638951399	684924	22	8	687058	8030094	1637141	6392953	1935823860	366313
12639679342	684924	21	8	687058	8030554	1637217	6393337	1935869441	366313
12640589125	684925	19	8	687059	8031015	1637288	6393727	1935927096	366313
12641454398	684925	21	8	687059	8031509	1637372	6394137	1935974048	366313
12642359742	684930	22	8	687064	8032001	1637450	6394551	1936041599	366314
12643267049	684930	27	8	687064	8032459	1637524	6394935	1936086997	366314
12644247200	684931	26	8	687065	8032929	1637581	6395348	1936133595	366314
12644842421	684931	23	8	687065	8033370	1637642	6395728	1936177635	366314
12645487063	684931	22	8	687065	8033838	1637713	6396125	1936223554	366314
12646216964	684931	25	8	687065	8034302	1637791	6396511	1936268481	366314
12646856962	684931	23	8	687065	8034755	1637863	6396892	1936313535	366314
12647709030	684931	23	8	687065	8035233	1637940	6397293	1936360158	366314
12648530991	684931	26	8	687065	8035685	1638006	6397679	1936405206	366314
12649364061	684932	23	8	687066	8036135	1638074	6398061	1936455016	366314
12650111903	684932	23	8	687066	8036602	1638132	6398470	1936500793	366314
12650835481	684932	22	8	687066	8037057	1638207	6398850	1936546215	366314
12651427503	684932	27	8	687066	8037530	1638284	6399246	1936592155	366314
12652278059	684932	20	8	687066	8037990	1638361	6399629	1936637925	366314
12653100822	684932	22	8	687066	8038463	1638435	6400028	1936684531	366314
12653850910	684932	20	8	687066	8038926	1638506	6400420	1936729677	366314
12654633851	684935	23	8	687069	8039399	1638580	6400819	1936789515	366315
12655159173	684937	25	8	687071	8039856	1638651	6401205	1936845308	366315
12656006302	684939	22	8	687073	8040323	1638734	6401589	1936891871	366316
12656746591	684940	19	8	687074	8040780	1638796	6401984	1936944857	366316
12657533452	684940	22	8	687074	8041273	1638872	6402401	1936991754	366316
12658391694	684940	23	8	687074	8041742	1638950	6402792	1937037658	366316
12659029633	684940	21	8	687074	8042184	1639011	6403173	1937082064	366316
12659979674	684940	22	8	687074	8042640	1639075	6403565	1937127615	366316
12660731420	684941	19	8	687075	8043103	1639142	6403961	1937173869	366316
12661578687	684941	24	8	687075	8043571	1639212	6404359	1937219993	366316
12662081468	684941	21	8	687075	8044019	1639272	6404747	1937264855	366316
12662604733	684941	25	8	687075	8044483	1639343	6405140	1937310360	366316
12663552463	684951	21	8	687085	8044973	1639442	6405531	1937369939	366325
12664376093	684951	19	8	687085	8045422	1639506	6405916	1937414656	366325
12665092879	684951	21	8	687085	8045908	1639597	6406311	1937461983	366325
12665961516	684961	26	8	687095	8046400	1639682	6406718	1937520065	366333
12666901247	684961	21	8	687095	8046879	1639758	6407121	1937566659	366333
12668025275	684961	25	8	687095	8047352	1639825	6407527	1937612228	366333
12668692646	684961	20	8	687095	8047828	1639898	6407930	1937659133	366333
12669576152	684963	20	8	687097	8048271	1639957	6408314	1937703531	366333
12670299363	684964	23	8	687098	8048737	1640032	6408705	1937749454	366333
12671015295	684966	21	8	687100	8049208	1640094	6409114	1937807796	366334
12672023046	684968	21	8	687102	8049679	1640167	6409512	1937880514	366334
12672789892	684969	22	8	687103	8050155	1640240	6409915	1937926458	366334
12673604773	684969	24	8	687103	8050590	1640315	6410275	1937970245	366334
12674312889	684972	21	8	687106	8051035	1640381	6410654	1938017508	366334
12674778720	684972	19	8	687106	8051481	1640452	6411029	1938062171	366334
12675423973	684972	21	8	687106	8051948	1640536	6411412	1938108426	366334
12676039206	684972	21	8	687106	8052407	1640607	6411800	1938153629	366334
12676954227	684972	24	8	687106	8052884	1640669	6412215	1938199918	366334
12677788852	684974	20	8	687108	8053356	1640742	6412614	1938258914	366334
12678554023	684978	22	8	687112	8053860	1640812	6413048	1938306618	366334
12679324508	684978	23	8	687112	8054308	1640879	6413429	1938350998	366334
12680370921	684978	24	8	687112	8054784	1640942	6413842	1938397747	366334
12681146390	684978	22	8	687112	8055234	1641012	6414222	1938442854	366334
12682089916	684978	24	8	687112	8055686	1641071	6414615	1938487738	366334
12683045008	684978	20	8	687112	8056146	1641143	6415003	1938532905	366334
12683471302	684978	28	8	687112	8056591	1641206	6415385	1938577631	366334
12684207372	684978	23	8	687112	8057056	1641277	6415779	1938622609	366334
12685047021	684979	26	8	687113	8057539	1641353	6416186	1938668952	366334
12685711311	684981	21	8	687115	8057995	1641428	6416567	1938714937	366333
12686522960	684981	20	8	687115	8058450	1641490	6416960	1938760167	366333
12687251030	684986	23	8	687120	8058922	1641570	6417352	1938806771	366338
12688126820	684986	23	8	687120	8059374	1641634	6417740	1938851612	366338
12688761858	684986	20	8	687120	8059833	1641693	6418140	1938896934	366338
12689518387	684986	20	8	687120	8060290	1641760	6418530	1938942425	366338
12690296349	684987	20	8	687121	8060747	1641829	6418918	1938988121	366338
12691125017	684988	23	8	687122	8061217	1641899	6419318	1939033675	366339
12692002241	684988	18	8	687122	8061639	1641965	6419674	1939077118	366339
12692738870	684988	21	8	687122	8062098	1642035	6420063	1939122127	366339
12693819750	684988	19	8	687122	8062585	1642118	6420467	1939169239	366339
12694676144	684989	22	8	687123	8063055	1642190	6420865	1939223911	366339
12695181080	684989	21	8	687123	8063490	1642254	6421236	1939268444	366339
12696123067	684990	25	8	687124	8063940	1642325	6421615	1939313547	366338
12696806715	684994	21	8	687128	8064432	1642397	6422035	1939370956	366339
12697657880	685024	26	8	687158	8064943	1642497	6422446	1939422294	366366
12698558797	685025	25	8	687159	8065401	1642553	6422848	1939467791	366367
12699316554	685026	25	8	687160	8065847	1642617	6423230	1939512290	366367
12700146378	685028	20	8	687162	8066297	1642685	6423612	1939573302	366368
12700929337	685028	20	8	687162	8066738	1642750	6423988	1939617347	366368
12701954543	685028	23	8	687162	8067200	1642818	6424382	1939663215	366368
12702732946	685033	24	8	687167	8067667	1642898	6424769	1939731740	366371
12703701823	685033	22	8	687167	8068129	1642963	6425166	1939778267	366371
12704463252	685034	22	8	687168	8068577	1643026	6425551	1939823543	366370
12705375683	685034	20	8	687168	8069037	1643094	6425943	1939868552	366370
12705965058	685034	23	8	687168	8069479	1643152	6426327	1939913077	366370
12706760392	685038	21	8	687172	8069952	1643224	6426728	1939987228	366371
12707555358	685039	22	8	687173	8070414	1643294	6427120	1940054957	366371
12708209666	685039	18	8	687173	8070870	1643365	6427505	1940099693	366371
12708790122	685040	20	8	687174	8071350	1643438	6427912	1940146596	366370
12709528927	685043	20	8	687177	8071835	1643522	6428313	1940194931	366369
12710385043	685045	22	8	687179	8072304	1643601	6428703	1940255432	366369
12711198814	685045	22	8	687179	8072763	1643671	6429092	1940300736	366369
12712090102	685045	22	8	687179	8073233	1643740	6429493	1940346666	366369
12712793480	685047	22	8	687181	8073691	1643807	6429884	1940394453	366369
12713689215	685048	21	8	687182	8074169	1643892	6430277	1940441093	366369
12714471150	685049	22	8	687183	8074628	1643968	6430660	1940486331	366368
12715239154	685049	24	8	687183	8075085	1644027	6431058	1940531550	366368
12715867420	685049	19	8	687183	8075526	1644083	6431443	1940575623	366368
12716859790	685049	24	8	687183	8076003	1644158	6431845	1940622310	366368
12717363552	685049	24	8	687183	8076457	1644236	6432221	1940666918	366368
12717998252	685052	24	8	687186	8076922	1644294	6432628	1940712687	366368
12718717544	685058	22	8	687192	8077382	1644369	6433013	1940780988	366372
12719532199	685058	20	8	687192	8077837	1644435	6433402	1940826518	366372
12720445263	685058	20	8	687192	8078293	1644492	6433801	1940871274	366372
12721074945	685058	27	8	687192	8078765	1644566	6434199	1940917689	366372
12721778843	685058	24	8	687192	8079213	1644631	6434582	1940963016	366372
12722488240	685058	24	8	687192	8079656	1644696	6434960	1941008406	366372
12723224598	685058	25	8	687192	8080111	1644771	6435340	1941052691	366372
12723882353	685059	23	8	687193	8080568	1644840	6435728	1941098695	366372
12724668352	685060	21	8	687194	8081030	1644912	6436118	1941143862	366372
12725403537	685060	25	8	687194	8081495	1644980	6436515	1941189688	366372
12726088299	685060	25	8	687194	8081950	1645046	6436904	1941234385	366372
12726924723	685060	21	8	687194	8082397	1645106	6437291	1941280517	366372
12727591655	685060	22	8	687194	8082834	1645171	6437663	1941324241	366372
12728354072	685060	21	8	687194	8083297	1645240	6438057	1941370299	366372
12729064889	685060	20	8	687194	8083732	1645296	6438436	1941414028	366372
12729811460	685061	25	8	687195	8084180	1645350	6438830	1941458519	366372
12730603323	685061	23	8	687195	8084621	1645416	6439205	1941502534	366372
12731301896	685061	24	8	687195	8085061	1645477	6439584	1941547038	366372
12731962503	685061	20	8	687195	8085508	1645545	6439963	1941591443	366372
12732677704	685061	24	8	687195	8085979	1645617	6440362	1941637846	366372
12733188247	685061	25	8	687195	8086443	1645685	6440758	1941683758	366372
12733710986	685061	22	8	687195	8086891	1645752	6441139	1941728977	366372
12734400297	685065	23	8	687199	8087333	1645821	6441512	1941778465	366375
12735261955	685067	25	8	687201	8087836	1645896	6441940	1941838039	366376
12735920639	685067	22	8	687201	8088291	1645963	6442328	1941882792	366376
12736886749	685067	23	8	687201	8088739	1646021	6442718	1941928255	366376
12737577747	685067	25	8	687201	8089186	1646083	6443103	1941972798	366376
12738460462	685067	23	8	687201	8089647	1646148	6443499	1942018696	366376
12739265483	685067	19	8	687201	8090086	1646212	6443874	1942062836	366376
12740254203	685068	25	8	687202	8090539	1646271	6444268	1942109079	366377
12741171995	685071	26	8	687205	8090997	1646347	6444650	1942153856	366379
12741911692	685071	21	8	687205	8091478	1646425	6445053	1942200399	366379
12742427075	685073	20	8	687207	8091922	1646495	6445427	1942251319	366379
12743032450	685073	23	8	687207	8092380	1646562	6445818	1942296808	366379
12743645746	685073	22	8	687207	8092828	1646627	6446201	1942341322	366379
12744374693	685073	26	8	687207	8093267	1646691	6446576	1942385249	366379
12745036539	685073	25	8	687207	8093717	1646760	6446957	1942430768	366379
12745980257	685074	24	8	687208	8094177	1646814	6447363	1942480457	366379
12746720344	685074	22	8	687208	8094621	1646885	6447736	1942525547	366379
12747384782	685076	22	8	687210	8095072	1646947	6448125	1942573225	366380
12748040666	685076	23	8	687210	8095507	1647012	6448495	1942617242	366380
12748994384	685076	24	8	687210	8095975	1647086	6448889	1942663199	366380
12749701681	685076	26	8	687210	8096440	1647147	6449293	1942709051	366380
12750574890	685085	24	8	687219	8096912	1647223	6449689	1942781182	366388
12751260716	685085	22	8	687219	8097367	1647299	6450068	1942826528	366388
12752087567	685085	20	8	687219	8097823	1647368	6450455	1942871616	366388
12752867032	685085	21	8	687219	8098284	1647440	6450844	1942916342	366388
12753598266	685085	22	8	687219	8098726	1647505	6451221	1942961103	366388
12754374867	685085	23	8	687219	8099185	1647570	6451615	1943006055	366388
12755277534	685085	22	8	687219	8099651	1647642	6452009	1943052175	366388
12755855205	685085	25	8	687219	8100122	1647712	6452410	1943097743	366388
12756590534	685085	22	8	687219	8100587	1647786	6452801	1943144108	366388
12757385245	685085	25	8	687219	8101034	1647849	6453185	1943188904	366388
12758084480	685085	21	8	687219	8101489	1647922	6453567	1943234489	366388
12758886516	685085	27	8	687219	8101981	1648000	6453981	1943281676	366388
12759697576	685085	24	8	687219	8102437	1648064	6454373	1943326999	366388
12760479341	685085	25	8	687219	8102876	1648130	6454746	1943371495	366388
12761364240	685085	24	8	687219	8103342	1648217	6455125	1943417754	366388
12762173811	685086	23	8	687220	8103813	1648291	6455522	1943463984	366388
12762868897	685086	23	8	687220	8104287	1648371	6455916	1943510200	366388
12763566042	685086	26	8	687220	8104762	1648435	6456327	1943556460	366388
12764370519	685089	25	8	687223	8105228	1648508	6456720	1943604760	366388
12765263441	685089	27	8	687223	8105699	1648586	6457113	1943650678	366388
12765930239	685094	21	8	687228	8106171	1648659	6457512	1943737909	366392
12766698343	685094	23	8	687228	8106645	1648737	6457908	1943784327	366392
12767452534	685094	20	8	687228	8107122	1648817	6458305	1943830450	366392
12768240165	685094	23	8	687228	8107595	1648891	6458704	1943875967	366392
12768950273	685100	22	8	687234	8108062	1648969	6459093	1943930162	366398
12769594776	685100	22	8	687234	8108520	1649044	6459476	1943975125	366398
12770428496	685100	21	8	687234	8108989	1649121	6459868	1944021338	366398
12771209730	685100	22	8	687234	8109448	1649184	6460264	1944066883	366398
12772029581	685100	20	8	687234	8109914	1649253	6460661	1944112884	366398
12772748917	685102	28	8	687236	8110374	1649328	6461046	1944163578	366399
12773324240	685102	23	8	687236	8110815	1649389	6461426	1944208212	366399
12774303683	685102	26	8	687236	8111274	1649453	6461821	1944254435	366399
12775019666	685102	22	8	687236	8111712	1649512	6462200	1944298769	366399
12775582257	685109	22	8	687243	8112148	1649583	6462565	1944343131	366405
12776348941	685109	18	8	687243	8112579	1649641	6462938	1944385875	366405
12777027417	685110	24	8	687244	8113021	1649721	6463300	1944429831	366405
12777714330	685110	19	8	687244	8113453	1649794	6463659	1944473286	366405
12778309426	685116	23	8	687250	8113886	1649859	6464027	1944522574	366411
12778980990	685116	20	8	687250	8114351	1649943	6464408	1944567156	366411
12779628980	685116	23	8	687250	8114796	1650002	6464794	1944611396	366411
12780471105	685116	22	8	687250	8115248	1650070	6465178	1944655610	366411
12781142138	685118	23	8	687252	8115701	1650133	6465568	1944699023	366412
12781981893	685118	21	8	687252	8116157	1650198	6465959	1944743471	366412
12782895059	685118	23	8	687252	8116608	1650267	6466341	1944788490	366412
12783638384	685118	20	8	687252	8117051	1650329	6466722	1944832109	366412
12784384931	685118	14	8	687252	8117492	1650389	6467103	1944875853	366412
12784947901	685123	21	8	687257	8117938	1650457	6467481	1944943475	366414
12785727809	685123	19	8	687257	8118382	1650521	6467861	1944987572	366414
12786276053	685123	20	8	687257	8118816	1650580	6468236	1945030698	366414
12787125254	685123	19	8	687257	8119252	1650637	6468615	1945073989	366414
12787754498	685123	19	8	687257	8119710	1650716	6468994	1945118585	366414
12788454829	685124	20	8	687258	8120146	1650774	6469372	1945167042	366415
12789403963	685126	22	8	687260	8120596	1650835	6469761	1945216814	366415
12790116332	685126	19	8	687260	8121046	1650905	6470141	1945262007	366415
12791028384	685126	22	8	687260	8121530	1650975	6470555	1945307813	366415
12791861437	685128	23	8	687262	8121973	1651052	6470921	1945387464	366416
12792463646	685130	23	8	687264	8122413	1651113	6471300	1945440528	366416
12793206767	685130	23	8	687264	8122866	1651186	6471680	1945484380	366416
12794162843	685130	22	8	687264	8123291	1651251	6472040	1945527821	366416
12794867527	685130	19	8	687264	8123726	1651311	6472415	1945571435	366416
12795636941	685130	25	8	687264	8124168	1651365	6472803	1945615243	366416
12796213761	685130	19	8	687264	8124620	1651438	6473182	1945659631	366416
12796990419	685130	26	8	687264	8125077	1651511	6473566	1945704257	366416
12797775480	685130	25	8	687264	8125511	1651572	6473939	1945747798	366416
12798294901	685131	26	8	687265	8125939	1651635	6474304	1945791281	366416
12799095844	685136	28	8	687270	8126401	1651712	6474689	1945851227	366421
12799646208	685138	28	8	687272	8126863	1651798	6475065	1945900696	366421
12800276261	685138	22	8	687272	8127319	1651874	6475445	1945945684	366421
12801157007	685138	22	8	687272	8127757	1651940	6475817	1945988878	366421
12801861293	685138	23	8	687272	8128220	1652002	6476218	1946033802	366421
12802411040	685138	23	8	687272	8128637	1652058	6476579	1946076017	366421
12803335065	685138	22	8	687272	8129079	1652125	6476954	1946120081	366421
12804016262	685138	21	8	687272	8129525	1652204	6477321	1946164028	366421
12804820602	685138	26	8	687272	8129972	1652273	6477699	1946208547	366421
12805580712	685138	17	8	687272	8130400	1652338	6478062	1946251562	366421
12806387767	685138	24	8	687272	8130861	1652413	6478448	1946296673	366421
12807174385	685138	19	8	687272	8131294	1652469	6478825	1946339246	366421
12807955985	685138	22	8	687272	8131719	1652527	6479192	1946381707	366421
12808709194	685138	22	8	687272	8132174	1652603	6479571	1946426399	366421
12809455714	685139	23	8	687273	8132605	1652669	6479936	1946469875	366420
12810090114	685139	23	8	687273	8133030	1652738	6480292	1946512507	366420
12810755602	685140	21	8	687274	8133464	1652810	6480654	1946555749	366420
12811615347	685140	22	8	687274	8133909	1652880	6481029	1946599765	366420
12812314669	685140	21	8	687274	8134369	1652952	6481417	1946644219	366420
12813359406	685140	22	8	687274	8134829	1653021	6481808	1946688705	366420
12814100549	685140	22	8	687274	8135296	1653105	6482191	1946734541	366420
12814864544	685140	21	8	687274	8135737	1653167	6482570	1946778368	366420
12815587792	685140	20	8	687274	8136180	1653227	6482953	1946822336	366420
12816297727	685140	23	8	687274	8136616	1653291	6483325	1946865920	366420
12817000414	685141	21	8	687275	8137031	1653346	6483685	1946908962	366420
12817922505	685142	24	8	687276	8137488	1653416	6484072	1946953713	366420
12818757630	685142	18	8	687276	8137945	1653490	6484455	1946998141	366420
12819345622	685142	24	8	687276	8138396	1653555	6484841	1947042198	366420
12820181000	685142	20	8	687276	8138835	1653616	6485219	1947085823	366420
12820830764	685143	23	8	687277	8139240	1653686	6485554	1947127031	366419
12821737533	685143	16	8	687277	8139685	1653745	6485940	1947170261	366419
12822607223	685143	24	8	687277	8140148	1653819	6486329	1947214779	366419
12823305575	685143	24	8	687277	8140602	1653887	6486715	1947259408	366419
12824209281	685144	24	8	687278	8141072	1653962	6487110	1947304325	366419
12825235908	685144	22	8	687278	8141525	1654028	6487497	1947348898	366419
12826129890	685144	24	8	687278	8141975	1654098	6487877	1947393013	366419
12826620382	685144	21	8	687278	8142410	1654163	6488247	1947436981	366419
12827565709	685144	20	8	687278	8142842	1654215	6488627	1947479521	366419
12828364294	685144	21	8	687278	8143300	1654296	6489004	1947524483	366419
12829065046	685144	22	8	687278	8143738	1654367	6489371	1947568064	366419
12829851676	685146	19	8	687280	8144189	1654425	6489764	1947614655	366418
12830664700	685146	21	8	687280	8144638	1654487	6490151	1947658729	366418
12831513270	685146	18	8	687280	8145088	1654556	6490532	1947703404	366418
12832275817	685146	23	8	687280	8145529	1654623	6490906	1947747072	366418
12833224133	685146	21	8	687280	8145985	1654694	6491291	1947792196	366418
12833795615	685149	19	8	687283	8146404	1654763	6491641	1947835092	366418
12834452148	685149	21	8	687283	8146831	1654822	6492009	1947878060	366418
12834994887	685149	22	8	687283	8147274	1654890	6492384	1947921575	366418
12835782728	685149	21	8	687283	8147714	1654956	6492758	1947965692	366418
12836656161	685149	23	8	687283	8148180	1655028	6493152	1948011059	366418
12837461829	685149	19	8	687283	8148613	1655099	6493514	1948054555	366418
12838274306	685149	20	8	687283	8149067	1655174	6493893	1948098716	366418
12839013151	685149	20	8	687283	8149508	1655235	6494273	1948142317	366418
12839939826	685149	18	8	687283	8149967	1655308	6494659	1948186540	366418
12840534337	685149	19	8	687283	8150420	1655383	6495037	1948230932	366418
12841550710	685149	25	8	687283	8150889	1655447	6495442	1948275942	366418
12842642377	685149	22	8	687283	8151335	1655528	6495807	1948320061	366418
12843307931	685150	23	8	687284	8151767	1655603	6496164	1948365935	366418
12844103865	685150	24	8	687284	8152230	1655677	6496553	1948410778	366418
12844930426	685150	25	8	687284	8152666	1655744	6496922	1948454188	366418
12845591021	685150	20	8	687284	8153110	1655812	6497298	1948498798	366418
12846332440	685150	19	8	687284	8153565	1655892	6497673	1948543132	366418
12847138011	685150	19	8	687284	8154014	1655965	6498049	1948587028	366418
12847721691	685150	23	8	687284	8154436	1656031	6498405	1948628731	366418
12848539308	685150	24	8	687284	8154888	1656108	6498780	1948673185	366418
12849184093	685151	27	8	687285	8155314	1656173	6499141	1948716221	366417
12849904277	685151	22	8	687285	8155750	1656241	6499509	1948760407	366417
12850735926	685151	23	8	687285	8156204	1656312	6499892	1948805213	366417
12851487193	685151	23	8	687285	8156646	1656374	6500272	1948848746	366417
12852361585	685151	22	8	687285	8157079	1656426	6500653	1948891117	366417
12853163898	685151	23	8	687285	8157529	1656490	6501039	1948936064	366417
12853865676	685151	27	8	687285	8157970	1656553	6501417	1948979936	366417
12854526535	685152	21	8	687286	8158404	1656632	6501772	1949023737	366417
12855080433	685153	20	8	687287	8158830	1656703	6502127	1949066850	366417
12855764921	685153	19	8	687287	8159292	1656769	6502523	1949111558	366417
12856452263	685153	21	8	687287	8159709	1656832	6502877	1949153900	366417
12857176404	685153	19	8	687287	8160141	1656890	6503251	1949197454	366417
12857864871	685153	18	8	687287	8160590	1656958	6503632	1949241573	366417
12858727647	685154	19	8	687288	8161044	1657024	6504020	1949286118	366417
12859540858	685154	21	8	687288	8161489	1657090	6504399	1949329701	366417
12860261195	685154	22	8	687288	8161928	1657150	6504778	1949372852	366417
12861147119	685155	26	8	687289	8162361	1657219	6505142	1949421080	366418
12862018340	685155	24	8	687289	8162812	1657282	6505530	1949465450	366418
12862886694	685155	26	8	687289	8163264	1657353	6505911	1949509229	366418
12863550568	685155	19	8	687289	8163702	1657427	6506275	1949552970	366418
12864222369	685155	24	8	687289	8164137	1657497	6506640	1949596527	366418
12864977977	685156	20	8	687290	8164580	1657557	6507023	1949640836	366418
12866092224	685156	19	8	687290	8165025	1657628	6507397	1949684937	366418
12866854749	685156	19	8	687290	8165447	1657690	6507757	1949727461	366418
12867590083	685156	22	8	687290	8165906	1657766	6508140	1949772805	366418
12868365601	685160	22	8	687294	8166345	1657842	6508503	1949825913	366418
12869026613	685161	24	8	687295	8166789	1657911	6508878	1949870402	366418
12869934882	685165	20	8	687299	8167245	1657977	6509268	1949972047	366419
12870631444	685165	24	8	687299	8167682	1658041	6509641	1950015546	366419
12871465516	685165	22	8	687299	8168159	1658106	6510053	1950061219	366419
12872389258	685165	22	8	687299	8168605	1658188	6510417	1950106020	366419
12873597055	685165	22	8	687299	8169083	1658260	6510823	1950151567	366419
12874218990	685165	23	8	687299	8169515	1658332	6511183	1950195615	366419
12875132767	685165	22	8	687299	8169977	1658413	6511564	1950239915	366419
12876112940	685165	21	8	687299	8170444	1658488	6511956	1950285128	366419
12876793141	685165	21	8	687299	8170876	1658544	6512332	1950327924	366419
12877424462	685168	24	8	687302	8171330	1658614	6512716	1950376558	366420
12878096401	685168	21	8	687302	8171759	1658679	6513080	1950419312	366420
12878852563	685168	22	8	687302	8172197	1658745	6513452	1950462832	366420
12879519978	685168	20	8	687302	8172633	1658814	6513819	1950506211	366420
12880186658	685168	22	8	687302	8173067	1658876	6514191	1950550394	366420
12880821980	685171	20	8	687305	8173537	1658936	6514601	1950595569	366418
12881712162	685171	19	8	687305	8173985	1659000	6514985	1950639737	366418
12882546861	685171	21	8	687305	8174406	1659048	6515358	1950681905	366418
12883399049	685171	22	8	687305	8174858	1659125	6515733	1950726948	366418
12884307749	685171	23	8	687305	8175301	1659197	6516104	1950770169	366418
12885036454	685171	22	8	687305	8175736	1659260	6516476	1950814296	366418
12885761622	685171	26	8	687305	8176182	1659324	6516858	1950858326	366418
12886656354	685171	22	8	687305	8176640	1659399	6517241	1950903241	366418
12887277530	685172	23	8	687306	8177085	1659471	6517614	1950947259	366418
12887879781	685173	22	8	687307	8177517	1659536	6517981	1950990750	366418
12888527286	685173	24	8	687307	8177948	1659613	6518335	1951033963	366418
12889193356	685179	24	8	687313	8178415	1659686	6518729	1951109530	366420
12889820706	685179	21	8	687313	8178837	1659746	6519091	1951151832	366420
12890713149	685179	25	8	687313	8179288	1659811	6519477	1951195588	366420
12891421540	685181	23	8	687315	8179750	1659888	6519862	1951263606	366420
12892311975	685181	22	8	687315	8180218	1659961	6520257	1951308888	366420
12893027568	685181	24	8	687315	8180667	1660039	6520628	1951352907	366420
12893717503	685181	25	8	687315	8181108	1660099	6521009	1951397096	366420
12894482893	685181	24	8	687315	8181566	1660178	6521388	1951441645	366420
12895541717	685181	20	8	687315	8182006	1660245	6521761	1951485941	366420
12896132885	685181	24	8	687315	8182460	1660318	6522142	1951530322	366420
12896836354	685181	23	8	687315	8182898	1660395	6522503	1951573760	366420
12897532463	685181	18	8	687315	8183333	1660461	6522872	1951617383	366420
12898255021	685185	21	8	687319	8183781	1660527	6523254	1951674891	366419
12898884964	685185	21	8	687319	8184236	1660603	6523633	1951719405	366419
12899604084	685185	18	8	687319	8184660	1660675	6523985	1951762000	366419
12900628923	685185	20	8	687319	8185114	1660737	6524377	1951806388	366419
12901322379	685185	23	8	687319	8185551	1660798	6524753	1951849948	366419
12902138802	685185	22	8	687319	8185999	1660867	6525132	1951893921	366419
12902840914	685185	21	8	687319	8186424	1660919	6525505	1951936910	366419
12903488658	685185	22	8	687319	8186831	1660973	6525858	1951978513	366419
12904357315	685185	22	8	687319	8187268	1661036	6526232	1952022976	366419
12905162860	685186	22	8	687320	8187717	1661105	6526612	1952067483	366419
12905763896	685194	23	8	687328	8188169	1661172	6526997	1952112611	366419
12906679892	685194	21	8	687328	8188608	1661237	6527371	1952156601	366419
12907404383	685194	20	8	687328	8189040	1661302	6527738	1952199875	366419
12908312539	685194	23	8	687328	8189508	1661375	6528133	1952245385	366419
12908884964	685194	22	8	687328	8189910	1661437	6528473	1952286199	366419
12909545223	685195	26	8	687329	8190367	1661501	6528866	1952367790	366419
12910052251	685195	25	8	687329	8190803	1661568	6529235	1952411435	366419
12910768981	685197	21	8	687331	8191241	1661641	6529600	1952494103	366420
12911703060	685197	23	8	687331	8191695	1661713	6529982	1952538861	366420
12912396907	685197	23	8	687331	8192134	1661781	6530353	1952582606	366420
12912985183	685197	23	8	687331	8192599	1661859	6530740	1952627533	366420
12913798995	685198	19	8	687332	8193049	1661926	6531123	1952671935	366419
12914586906	685198	19	8	687332	8193500	1661990	6531510	1952715947	366419
12915257345	685198	23	8	687332	8193964	1662070	6531894	1952761343	366419
12916125567	685198	20	8	687332	8194408	1662130	6532278	1952805356	366419
12916833901	685198	19	8	687332	8194842	1662189	6532653	1952849240	366419
12917772868	685199	20	8	687333	8195316	1662265	6533051	1952899407	366419
12918538946	685199	23	8	687333	8195749	1662325	6533424	1952942961	366419
12919162133	685199	23	8	687333	8196179	1662386	6533793	1952986376	366419
12919831817	685199	27	8	687333	8196629	1662456	6534173	1953029829	366419
12920499194	685199	20	8	687333	8197056	1662512	6534544	1953073167	366419
12921452909	685206	26	8	687340	8197505	1662576	6534929	1953144890	366425
12922257333	685207	20	8	687341	8197948	1662651	6535297	1953189361	366424
12922837112	685207	23	8	687341	8198390	1662718	6535672	1953232544	366424
12923655862	685207	19	8	687341	8198839	1662784	6536055	1953277578	366424
12924435529	685207	21	8	687341	8199271	1662847	6536424	1953321102	366424
12925247458	685207	22	8	687341	8199749	1662923	6536826	1953366495	366424
12926071329	685207	24	8	687341	8200196	1662986	6537210	1953409897	366424
12926894872	685207	22	8	687341	8200646	1663046	6537600	1953455032	366424
12927599516	685207	21	8	687341	8201070	1663114	6537956	1953497528	366424
12928172483	685207	21	8	687341	8201516	1663194	6538322	1953542135	366424
12928962547	685207	21	8	687341	8201959	1663266	6538693	1953585585	366424
12929756500	685208	20	8	687342	8202380	1663325	6539055	1953628269	366424
12930664748	685208	24	8	687342	8202834	1663389	6539445	1953672496	366424
12931279589	685208	21	8	687342	8203282	1663463	6539819	1953717070	366424
12931741355	685208	25	8	687342	8203709	1663527	6540182	1953760180	366424
12932663269	685208	23	8	687342	8204166	1663601	6540565	1953804602	366424
12933460905	685208	28	8	687342	8204607	1663656	6540951	1953847780	366424
12934264842	685208	22	8	687342	8205050	1663722	6541328	1953891481	366424
12935180125	685208	24	8	687342	8205489	1663776	6541713	1953934886	366424
12935901671	685208	23	8	687342	8205932	1663844	6542088	1953979231	366424
12936531588	685208	28	8	687342	8206380	1663914	6542466	1954023007	366424
12937326072	685208	24	8	687342	8206826	1663975	6542851	1954067245	366424
12938296161	685211	25	8	687345	8207274	1664039	6543235	1954111174	366426
12939118073	685211	21	8	687345	8207708	1664100	6543608	1954155390	366426
12939904925	685212	18	8	687346	8208160	1664171	6543989	1954199543	366426
12940729490	685212	20	8	687346	8208602	1664232	6544370	1954243226	366426
12941644363	685212	18	8	687346	8209033	1664298	6544735	1954286231	366426
12942328750	685212	24	8	687346	8209478	1664364	6545114	1954329793	366426
12943047080	685212	23	8	687346	8209928	1664431	6545497	1954374191	366426
12943601164	685212	22	8	687346	8210380	1664509	6545871	1954418825	366426
12944504389	685212	20	8	687346	8210823	1664575	6546248	1954462875	366426
12945367352	685214	23	8	687348	8211273	1664649	6546624	1954512006	366426
12946267140	685214	25	8	687348	8211698	1664708	6546990	1954554705	366426
12947076562	685214	25	8	687348	8212133	1664780	6547353	1954598064	366426
12947704518	685214	28	8	687348	8212584	1664856	6547728	1954642487	366426
12948278417	685214	24	8	687348	8212994	1664913	6548081	1954684109	366426
12948951562	685214	24	8	687348	8213412	1664966	6548446	1954726929	366426
12949811969	685214	21	8	687348	8213858	1665032	6548826	1954771133	366426
12950566192	685216	22	8	687350	8214312	1665112	6549200	1954816110	366427
12951198888	685216	18	8	687350	8214756	1665177	6549579	1954858851	366427
