0.446666666617
0.446666666617
0.463333333532
0.456666667014
0.440000000099
0.453333333135
0.440000000099
0.456666667014
0.463333333532
0.453333333135
0.433333333582
0.449999999255
0.483333333085
0.430000000944
0.453333333135
0.459999999652
0.43333333234
0.46666666617
0.473333332688
0.440000000099
0.429999999702
0.440000000099
0.486666666965
0.466666667412
0.449999999255
0.440000000099
0.429999999702
0.433333333582
0.446666666617
0.453333333135
0.456666667014
0.443333333979
0.459999999652
0.446666667859
0.460000000894
0.416666666667
0.476666666567
0.436666667461
0.426666665822
0.43666666622
0.463333333532
0.496666667362
0.43666666622
0.446666666617
0.443333333979
0.446666666617
0.466666667412
0.493333333482
0.420000000546
0.43666666622
0.476666666567
0.483333333085
0.460000000894
0.483333333085
0.446666666617
0.446666666617
0.476666666567
0.453333333135
0.460000000894
0.456666667014
0.436666667461
0.473333332688
0.47000000005
0.446666666617
0.46333333229
0.506666666518
0.459999999652
0.473333333929
0.47000000005
0.456666667014
0.456666667014
0.473333333929
0.50333333388
0.466666667412
0.47000000005
0.43666666622
0.443333332737
0.456666667014
0.456666665773
0.443333332737
0.456666667014
0.449999999255
0.449999999255
0.453333333135
0.433333333582
0.463333333532
0.453333333135
0.440000000099
0.456666667014
0.463333333532
0.453333333135
0.450000000497
0.429999999702
0.476666666567
0.440000000099
0.509999999156
0.453333333135
0.460000000894
0.459999999652
0.483333333085
0.46333333229
0.463333333532
0.449999999255
0.459999999652
0.446666666617
0.483333333085
0.513333333035
0.400000000993
0.440000000099
0.483333333085
0.483333333085
0.416666666667
0.43666666622
0.46666666617
0.420000000546
0.449999999255
0.443333332737
0.43666666622
0.5
0.483333333085
0.460000000894
0.460000000894
0.450000000497
0.46333333229
0.456666665773
0.456666665773
0.443333333979
0.473333333929
0.429999999702
0.489999999603
0.473333332688
0.453333333135
0.47000000005
0.456666665773
0.463333333532
0.473333333929
0.453333333135
0.456666667014
0.459999999652
0.450000000497
0.419999999305
0.479999999205
0.443333332737
0.436666667461
0.450000000497
0.456666667014
0.46666666617
0.443333333979
0.453333333135
0.433333333582
0.459999999652
0.47000000005
0.443333333979
0.436666667461
0.433333333582
0.459999999652
0.429999999702
0.433333333582
0.459999999652
0.450000000497
0.449999999255
0.463333333532
0.433333333582
0.439999998858
0.460000000894
0.450000000497
0.453333333135
0.440000000099
0.426666665822
0.476666667809
0.47000000005
0.426666665822
0.440000000099
0.506666666518
0.413333334029
0.430000000944
0.43666666622
0.453333333135
0.43666666622
0.453333333135
0.433333333582
0.450000000497
0.450000000497
0.473333333929
0.463333333532
0.426666665822
0.459999999652
0.440000000099
0.420000000546
0.46666666617
0.446666666617
0.459999999652
0.456666667014
0.49666666612
0.420000000546
0.476666666567
0.443333333979
0.506666666518
0.516666665673
0.459999999652
0.463333333532
0.506666667759
0.476666666567
0.443333332737
0.433333333582
0.410000000149
0.443333333979
0.440000000099
0.423333333184
0.47000000005
0.459999999652
0.453333333135
0.450000000497
0.456666667014
0.473333332688
0.483333333085
0.46666666617
0.463333333532
0.449999999255
0.43666666622
0.473333332688
0.479999999205
0.429999999702
0.47000000005
0.47000000005
0.476666666567
0.46333333229
0.453333333135
0.436666667461
0.430000000944
0.456666665773
0.440000000099
0.46666666617
0.456666667014
0.419999999305
0.446666666617
0.493333333482
0.443333333979
0.473333332688
0.456666665773
0.426666665822
0.453333334376
0.456666667014
0.429999999702
0.426666665822
0.459999999652
0.43333333234
0.473333333929
0.460000000894
0.490000000844
0.466666667412
0.453333333135
0.476666666567
0.489999999603
0.43666666622
0.43333333234
0.480000000447
0.446666666617
0.456666667014
0.433333333582
0.490000000844
0.523333333433
0.46666666617
0.423333333184
0.466666667412
0.450000000497
0.423333333184
0.443333332737
0.456666667014
0.443333332737
0.453333333135
0.480000000447
0.479999999205
0.459999999652
0.433333333582
0.480000000447
0.440000000099
0.443333333979
0.449999999255
0.453333334376
0.53333333383
0.43666666622
0.456666665773
0.463333333532
0.446666666617
0.419999999305
0.43666666622
0.429999999702
0.426666667064
0.440000000099
0.446666666617
0.416666666667
0.453333333135
0.43666666622
0.440000000099
0.43666666622
0.419999999305
0.429999999702
0.489999999603
0.46666666617
0.450000000497
0.443333332737
0.440000000099
0.420000000546
0.466666667412
0.449999999255
0.466666667412
0.443333333979
0.423333333184
0.436666667461
0.453333333135
0.473333332688
0.476666666567
0.456666667014
0.459999999652
0.443333333979
0.423333333184
0.456666665773
0.46666666617
0.450000000497
0.433333333582
0.453333333135
0.463333333532
0.463333333532
0.443333332737
0.450000000497
0.47000000005
0.453333333135
0.426666667064
0.453333334376
0.429999999702
0.426666665822
0.423333333184
0.440000000099
0.43666666622
0.456666667014
0.493333333482
0.423333334426
0.440000000099
0.456666665773
0.463333333532
0.466666667412
0.47000000005
0.439999998858
0.453333333135
0.486666666965
0.453333333135
0.453333333135
0.516666666915
0.43333333234
0.43666666622
0.413333334029
0.423333333184
0.449999999255
0.423333333184
0.463333333532
0.426666667064
0.426666665822
0.453333333135
0.426666667064
0.453333333135
0.459999999652
0.463333333532
0.453333333135
0.46666666617
0.493333333482
0.479999999205
0.456666667014
0.490000000844
0.443333332737
0.459999999652
0.423333333184
0.459999999652
0.479999999205
0.473333332688
0.443333333979
0.47000000005
0.440000000099
0.459999999652
0.449999999255
0.46666666617
0.419999999305
0.483333333085
0.480000000447
0.480000000447
0.446666666617
0.450000000497
0.433333333582
0.47000000005
0.426666665822
0.459999999652
0.456666667014
0.453333333135
0.443333332737
0.463333333532
0.423333333184
0.483333333085
0.456666665773
0.456666665773
0.460000000894
0.446666666617
0.456666667014
0.476666666567
0.440000000099
0.459999999652
0.443333333979
0.473333333929
0.446666666617
0.476666666567
0.423333333184
0.479999999205
0.426666665822
0.460000000894
0.440000000099
0.43333333234
0.423333333184
0.433333333582
0.446666666617
0.47000000005
0.47000000005
0.460000000894
0.453333333135
0.473333333929
0.430000000944
0.456666667014
0.419999999305
0.439999998858
0.473333333929
0.420000000546
0.426666667064
0.459999999652
0.446666666617
0.463333333532
0.463333333532
0.440000000099
0.419999999305
0.453333333135
0.459999999652
0.493333333482
0.443333332737
0.456666667014
0.459999999652
0.466666667412
0.413333334029
0.506666667759
0.433333333582
0.446666666617
0.413333332787
0.456666667014
0.440000000099
0.466666667412
0.423333333184
0.476666666567
0.43666666622
0.450000000497
0.436666667461
0.429999999702
0.446666666617
0.480000000447
0.49666666612
0.429999999702
0.443333333979
0.440000000099
0.456666667014
0.440000000099
0.5
0.449999999255
0.460000000894
0.453333333135
0.459999999652
0.463333333532
0.543333332986
0.423333333184
0.446666666617
0.443333333979
0.423333333184
0.443333333979
0.440000000099
0.416666666667
0.456666667014
0.440000000099
0.433333333582
0.43333333234
0.480000000447
0.429999999702
0.46666666617
0.463333333532
0.453333333135
0.473333333929
0.443333333979
0.446666666617
0.496666667362
0.420000000546
0.456666665773
0.443333333979
0.423333333184
0.413333332787
0.429999999702
0.453333333135
0.440000000099
0.413333332787
0.440000000099
0.419999999305
0.426666665822
0.456666667014
0.433333333582
0.43666666622
0.443333333979
0.493333333482
0.47000000005
0.486666666965
0.443333332737
0.453333333135
0.463333333532
0.410000000149
0.456666665773
0.446666666617
0.473333333929
0.473333333929
0.463333333532
0.459999999652
0.440000000099
0.446666666617
0.446666666617
0.456666667014
0.483333333085
0.440000000099
0.476666667809
0.416666666667
0.43666666622
0.446666666617
0.416666666667
0.463333333532
0.476666666567
0.433333333582
0.443333333979
0.440000000099
0.443333333979
0.453333333135
0.419999999305
0.460000000894
0.496666667362
0.473333332688
0.440000000099
0.450000000497
0.450000000497
0.47000000005
0.443333332737
0.450000000497
0.426666667064
0.449999999255
0.423333333184
0.443333333979
0.443333332737
0.449999999255
0.450000000497
0.486666666965
0.416666666667
0.47000000005
0.440000000099
0.450000000497
0.456666667014
0.440000000099
0.459999999652
0.440000000099
0.446666666617
0.420000000546
0.433333333582
0.433333333582
0.456666667014
0.429999999702
0.443333333979
0.459999999652
0.443333333979
0.476666666567
0.420000000546
0.43666666622
0.429999999702
0.449999999255
0.456666667014
0.43666666622
0.440000000099
0.433333333582
0.419999999305
0.486666666965
0.456666667014
0.449999999255
0.456666667014
0.453333333135
0.423333333184
0.440000000099
0.446666666617
0.423333333184
0.453333334376
0.463333333532
0.443333333979
0.413333334029
0.463333333532
0.446666666617
0.443333332737
0.416666666667
0.436666667461
0.440000000099
0.476666666567
0.459999999652
0.440000000099
0.450000000497
0.400000000993
0.450000000497
0.443333333979
0.443333333979
0.456666665773
0.450000000497
0.46333333229
0.433333333582
0.429999999702
0.453333333135
0.456666667014
0.426666667064
0.459999999652
0.433333333582
0.46333333229
0.473333333929
0.466666667412
0.419999999305
0.433333333582
0.480000000447
0.46333333229
0.416666666667
0.433333333582
0.436666667461
0.46333333229
0.46333333229
0.476666667809
0.426666667064
0.440000000099
0.449999999255
0.47000000005
0.423333334426
0.456666667014
0.456666667014
0.429999999702
0.430000000944
0.480000000447
0.47000000005
0.466666667412
0.456666667014
0.456666667014
0.416666666667
0.459999999652
0.456666667014
0.456666665773
0.453333333135
0.486666666965
0.440000000099
0.456666665773
0.506666666518
0.456666667014
0.473333333929
0.459999999652
0.446666666617
0.446666666617
0.426666667064
0.459999999652
0.440000000099
0.46666666617
0.453333334376
0.423333334426
0.446666666617
0.483333333085
0.453333333135
0.456666667014
0.456666665773
0.416666666667
0.446666666617
0.466666667412
0.440000000099
0.463333333532
0.443333332737
0.5
0.43666666622
0.443333332737
0.406666667511
0.433333333582
0.446666666617
0.419999999305
0.473333333929
0.433333333582
0.439999998858
0.463333333532
0.430000000944
0.420000000546
0.489999999603
0.450000000497
0.429999999702
0.486666665723
0.420000000546
0.419999999305
0.440000000099
0.443333332737
0.46333333229
0.433333333582
0.433333333582
0.429999999702
0.443333332737
0.426666667064
0.450000000497
0.43333333234
0.453333334376
0.456666667014
0.449999999255
0.450000000497
0.453333333135
0.409999998907
0.433333333582
0.453333334376
0.46333333229
0.410000000149
0.453333334376
0.456666667014
0.453333333135
0.429999999702
0.456666667014
0.456666667014
0.523333333433
0.46666666617
0.47000000005
0.473333333929
0.436666667461
0.473333333929
0.456666665773
0.433333333582
0.453333333135
0.420000000546
0.456666665773
0.429999999702
0.453333333135
0.47000000005
0.426666667064
0.450000000497
0.426666667064
0.429999999702
0.446666666617
0.446666666617
0.440000000099
0.433333333582
0.453333333135
0.459999999652
0.47000000005
0.459999999652
0.46333333229
0.523333333433
0.453333334376
0.46666666617
0.47000000005
0.463333333532
0.50333333388
0.506666666518
0.450000000497
0.430000000944
0.439999998858
0.443333333979
0.459999999652
0.450000000497
0.453333333135
0.456666667014
0.446666667859
0.463333333532
0.453333333135
0.426666665822
0.436666667461
0.446666666617
0.476666666567
0.450000000497
0.46666666617
0.446666666617
0.466666667412
0.456666665773
0.483333334327
0.476666666567
0.459999999652
0.436666667461
0.429999999702
0.473333333929
0.446666666617
0.47000000005
0.449999999255
0.440000000099
0.493333333482
0.426666665822
0.460000000894
0.449999999255
0.453333334376
0.47000000005
0.463333333532
0.483333334327
0.46666666617
0.433333333582
0.456666665773
0.443333332737
0.429999999702
0.453333333135
0.486666665723
0.440000000099
0.426666667064
0.440000000099
0.443333332737
0.473333333929
0.47000000005
0.426666665822
0.419999999305
0.460000000894
0.416666666667
0.439999998858
0.453333333135
0.426666667064
0.426666665822
0.459999999652
0.493333333482
0.440000000099
0.426666667064
0.46333333229
0.479999999205
0.476666666567
0.453333334376
0.443333332737
0.486666665723
0.486666666965
0.429999999702
0.473333332688
0.460000000894
0.453333333135
0.473333333929
0.463333333532
0.419999999305
0.460000000894
0.440000000099
0.486666665723
0.429999999702
0.473333333929
0.446666666617
0.460000000894
0.463333333532
0.429999999702
0.420000000546
0.46666666617
0.456666667014
0.456666667014
0.459999999652
0.450000000497
0.459999999652
0.423333333184
0.436666667461
0.443333333979
0.426666667064
0.440000000099
0.450000000497
0.433333333582
0.406666666269
0.486666665723
0.43666666622
0.449999999255
0.440000000099
0.446666666617
0.459999999652
0.453333333135
0.426666665822
0.456666667014
0.450000000497
0.459999999652
0.419999999305
0.46666666617
0.413333334029
0.446666666617
0.473333332688
0.429999999702
0.440000000099
0.419999999305
0.480000000447
0.483333333085
0.486666666965
0.483333333085
0.459999999652
0.459999999652
0.426666667064
0.449999999255
0.476666666567
0.453333334376
0.456666667014
0.426666667064
0.446666666617
0.426666667064
0.429999999702
0.46666666617
0.433333333582
0.459999999652
0.459999999652
0.446666666617
0.450000000497
0.456666667014
0.453333333135
0.420000000546
0.440000000099
0.440000000099
0.473333332688
0.453333333135
0.433333333582
0.459999999652
0.486666666965
0.406666666269
0.46333333229
0.423333333184
0.449999999255
0.450000000497
0.466666667412
0.466666667412
0.440000000099
0.486666666965
0.40333333239
0.473333333929
0.5
0.460000000894
0.433333333582
0.449999999255
0.459999999652
0.456666667014
0.440000000099
0.47000000005
0.426666665822
0.419999999305
0.436666667461
0.449999999255
0.463333333532
0.446666666617
0.43666666622
0.446666666617
0.440000000099
0.449999999255
0.433333333582
0.443333333979
0.413333332787
0.453333333135
0.423333333184
0.419999999305
0.446666666617
0.433333333582
0.460000000894
0.43666666622
0.43666666622
0.47000000005
0.47000000005
0.446666666617
0.443333332737
0.436666667461
0.449999999255
0.446666666617
0.47000000005
0.506666666518
0.453333333135
0.460000000894
0.439999998858
0.440000000099
0.43666666622
0.456666667014
0.446666666617
0.46666666617
0.430000000944
0.483333333085
0.439999998858
0.473333333929
0.463333333532
0.483333333085
0.473333333929
0.463333333532
0.449999999255
0.440000000099
0.453333333135
0.476666666567
0.450000000497
0.46666666617
0.453333333135
0.433333333582
0.480000000447
0.453333333135
0.483333333085
0.453333333135
0.453333333135
0.433333333582
0.43666666622
0.473333332688
0.463333333532
0.47000000005
0.473333332688
0.450000000497
0.453333333135
0.46666666617
0.460000000894
0.453333333135
0.450000000497
0.423333333184
0.486666666965
0.483333333085
0.479999999205
0.446666666617
0.473333332688
0.496666667362
0.456666665773
0.46666666617
0.446666666617
0.416666666667
0.453333333135
0.453333333135
0.480000000447
0.433333333582
0.410000000149
0.443333333979
0.446666666617
0.446666666617
0.440000000099
0.403333333631
0.450000000497
0.436666667461
0.450000000497
0.449999999255
0.423333333184
0.449999999255
0.406666666269
0.433333333582
0.440000000099
0.456666665773
0.453333333135
0.449999999255
0.453333333135
0.446666666617
0.47000000005
0.440000000099
0.486666666965
0.476666666567
0.46333333229
0.47000000005
0.480000000447
0.449999999255
0.449999999255
0.446666666617
0.443333332737
0.416666666667
0.440000000099
0.423333333184
0.440000000099
0.473333333929
0.453333333135
0.446666666617
0.433333333582
0.460000000894
0.453333333135
0.446666667859
0.43666666622
0.446666666617
0.446666666617
0.456666665773
0.460000000894
0.47000000005
0.479999999205
0.446666666617
0.460000000894
0.480000000447
0.456666665773
0.556666667263
0.490000000844
0.480000000447
0.440000000099
0.483333333085
0.459999999652
0.446666666617
0.436666667461
0.449999999255
0.416666666667
0.440000000099
0.433333333582
0.413333334029
0.429999999702
0.446666666617
0.423333333184
0.459999999652
0.443333332737
0.429999999702
0.443333333979
0.436666667461
0.440000000099
0.489999999603
0.47000000005
0.463333333532
0.466666667412
0.456666667014
0.440000000099
0.453333334376
0.460000000894
0.463333333532
0.446666666617
0.473333332688
0.419999999305
0.46666666617
0.433333333582
0.446666666617
0.459999999652
0.440000000099
0.453333333135
0.450000000497
0.440000000099
0.440000000099
0.460000000894
0.440000000099
0.436666667461
0.453333333135
0.476666666567
0.47000000005
0.440000000099
0.423333333184
0.423333333184
0.423333333184
0.453333334376
0.433333333582
0.423333333184
0.453333333135
0.433333333582
0.47000000005
0.510000000397
0.449999999255
0.440000000099
0.459999999652
0.46666666617
0.450000000497
0.46666666617
0.443333333979
0.46666666617
0.449999999255
0.433333333582
0.436666667461
0.446666666617
0.419999999305
0.456666667014
0.440000000099
0.47000000005
0.446666666617
0.459999999652
0.449999999255
0.47000000005
0.47000000005
0.46666666617
0.459999999652
0.486666666965
0.433333333582
0.459999999652
0.446666666617
0.443333332737
0.453333333135
0.453333333135
0.420000000546
0.449999999255
0.463333333532
0.453333333135
0.453333333135
0.443333333979
0.466666667412
0.463333333532
0.473333332688
0.443333333979
0.463333333532
0.416666666667
0.426666665822
0.440000000099
0.463333333532
0.433333333582
0.443333333979
0.426666667064
0.429999999702
0.450000000497
0.433333333582
0.459999999652
0.459999999652
0.450000000497
0.456666667014
0.483333333085
0.413333334029
0.459999999652
0.433333333582
0.456666667014
0.46666666617
0.463333333532
0.446666666617
0.43666666622
0.496666667362
0.46666666617
0.419999999305
0.426666667064
0.429999999702
0.47000000005
0.459999999652
0.453333333135
0.463333333532
0.443333332737
0.446666666617
0.503333332638
0.489999999603
0.420000000546
0.43666666622
0.420000000546
0.419999999305
0.443333333979
0.426666665822
0.446666666617
0.483333333085
0.440000000099
0.453333333135
0.409999998907
0.423333333184
0.446666666617
0.440000000099
0.47000000005
0.43666666622
0.416666666667
0.440000000099
0.419999999305
0.47000000005
0.430000000944
0.440000000099
0.446666666617
0.413333332787
0.459999999652
0.456666667014
0.476666666567
0.476666666567
0.43666666622
0.433333333582
0.459999999652
0.460000000894
0.446666666617
0.506666666518
0.423333333184
0.449999999255
0.459999999652
0.456666667014
0.446666666617
0.460000000894
0.453333333135
0.463333333532
0.443333333979
0.443333333979
0.446666666617
0.429999999702
0.446666667859
0.476666666567
0.459999999652
0.433333333582
0.453333334376
0.433333333582
0.446666666617
0.410000000149
0.429999999702
0.46666666617
0.459999999652
0.443333332737
0.47000000005
0.453333333135
0.47000000005
0.456666667014
0.420000000546
0.473333333929
0.410000000149
0.476666666567
0.433333333582
0.43333333234
0.429999999702
0.463333333532
0.429999999702
0.466666667412
0.456666665773
0.459999999652
0.480000000447
0.406666666269
0.49666666612
0.540000000348
0.433333333582
0.43666666622
0.43666666622
0.466666667412
0.493333333482
0.440000000099
0.440000000099
0.459999999652
0.410000000149
0.426666667064
0.480000000447
0.453333333135
0.446666666617
0.473333333929
0.423333333184
0.446666666617
0.429999999702
0.466666667412
0.47000000005
0.429999999702
0.429999999702
0.406666667511
0.436666667461
0.446666666617
0.453333333135
0.43666666622
0.473333333929
0.443333332737
0.446666666617
0.453333333135
0.46666666617
0.426666667064
0.466666667412
0.426666667064
0.453333334376
0.449999999255
0.459999999652
0.456666667014
0.480000000447
0.413333332787
0.406666666269
0.459999999652
0.550000000745
0.480000000447
0.456666667014
0.443333333979
0.449999999255
0.453333333135
0.420000000546
0.426666665822
0.423333333184
0.453333333135
0.473333333929
0.420000000546
0.506666666518
0.553333333383
0.433333333582
0.423333333184
0.489999999603
0.510000000397
0.400000000993
0.450000000497
0.436666667461
0.423333333184
0.426666665822
0.433333333582
0.440000000099
0.443333333979
0.440000000099
0.46666666617
0.413333334029
0.446666666617
0.43666666622
0.443333333979
0.453333333135
0.423333333184
0.523333333433
0.496666667362
0.430000000944
0.43666666622
0.449999999255
0.46666666617
0.436666667461
0.460000000894
0.440000000099
0.453333333135
0.423333333184
0.459999999652
0.433333333582
0.440000000099
0.453333333135
0.486666666965
0.463333333532
0.456666665773
0.47000000005
0.430000000944
0.433333333582
0.429999999702
0.463333333532
0.503333332638
0.506666666518
0.413333334029
0.419999999305
0.450000000497
0.46333333229
0.456666667014
0.47000000005
0.446666666617
0.459999999652
0.47000000005
0.463333333532
0.440000000099
0.440000000099
0.456666667014
0.456666667014
0.446666666617
0.433333333582
0.43666666622
0.426666667064
0.426666667064
0.433333333582
0.440000000099
0.413333332787
0.480000000447
0.443333333979
0.456666667014
0.446666666617
0.429999999702
0.429999999702
0.440000000099
0.47000000005
0.406666666269
0.403333333631
0.446666666617
0.456666667014
0.453333333135
0.423333333184
0.416666666667
0.423333333184
0.483333333085
0.446666666617
0.449999999255
0.453333333135
0.446666666617
0.490000000844
0.459999999652
0.463333333532
0.439999998858
0.426666667064
0.440000000099
0.569999999056
0.466666667412
0.413333334029
0.433333333582
0.423333333184
0.513333334277
0.433333333582
0.416666666667
0.449999999255
0.493333333482
0.410000000149
0.443333333979
0.426666665822
0.433333333582
0.440000000099
0.52999999995
0.440000000099
0.429999999702
0.526666666071
0.510000000397
0.446666666617
0.420000000546
0.433333333582
0.523333333433
0.450000000497
0.43666666622
0.453333334376
0.426666667064
0.436666667461
0.52999999995
0.466666667412
0.456666667014
0.429999999702
0.450000000497
0.443333333979
0.463333333532
0.446666666617
0.450000000497
0.419999999305
0.413333334029
0.456666665773
0.483333334327
0.573333332936
0.426666667064
0.416666666667
0.436666667461
0.443333333979
0.473333332688
0.440000000099
0.440000000099
0.429999999702
0.446666666617
0.456666667014
0.453333333135
0.456666665773
0.506666666518
0.426666667064
0.433333333582
0.423333333184
0.446666666617
0.456666667014
0.450000000497
0.426666665822
0.449999999255
0.476666667809
0.496666667362
0.459999999652
0.459999999652
0.433333333582
0.47000000005
0.443333332737
0.413333332787
0.440000000099
0.443333333979
0.480000000447
0.456666667014
0.443333332737
0.426666667064
0.426666665822
0.416666666667
0.426666667064
0.449999999255
0.433333333582
0.493333333482
0.430000000944
0.459999999652
0.413333332787
0.43666666622
0.423333333184
0.433333333582
0.450000000497
0.440000000099
0.416666666667
0.433333333582
0.429999999702
0.446666666617
0.47000000005
0.510000000397
0.440000000099
0.413333332787
0.429999999702
0.47000000005
0.463333333532
0.410000000149
0.46666666617
0.419999999305
0.423333333184
0.456666667014
0.49666666612
0.463333333532
0.443333332737
0.459999999652
0.566666666418
0.453333334376
0.446666666617
0.559999999901
0.440000000099
0.439999998858
0.493333333482
0.440000000099
0.46333333229
0.423333333184
0.396666665872
0.426666667064
0.523333333433
0.453333333135
0.406666666269
0.423333333184
0.443333333979
0.423333333184
0.420000000546
0.419999999305
0.419999999305
0.416666666667
0.419999999305
0.523333333433
0.46666666617
0.440000000099
0.433333333582
0.523333333433
0.433333333582
0.403333333631
0.429999999702
0.433333333582
0.423333333184
0.493333333482
0.479999999205
0.463333333532
0.549999999503
0.450000000497
0.476666666567
0.433333333582
0.433333333582
0.423333333184
0.423333333184
0.493333333482
0.406666666269
0.496666667362
0.456666667014
0.443333333979
0.426666667064
0.443333332737
0.43666666622
0.413333332787
0.406666666269
0.413333334029
0.563333332539
0.443333332737
0.443333333979
0.429999999702
0.40333333239
0.436666667461
0.423333333184
0.440000000099
0.456666667014
0.433333333582
0.443333332737
0.553333333383
0.473333332688
0.453333333135
0.479999999205
0.426666665822
0.413333332787
0.466666667412
0.443333333979
0.456666665773
0.480000000447
0.406666666269
0.47000000005
0.483333334327
0.420000000546
0.413333332787
0.419999999305
0.449999999255
0.440000000099
0.436666667461
0.443333332737
0.496666667362
0.426666665822
0.426666667064
0.459999999652
0.440000000099
0.406666666269
0.419999999305
0.433333333582
0.420000000546
0.443333333979
0.519999999553
0.459999999652
0.456666665773
0.410000000149
0.423333333184
0.429999999702
0.456666667014
0.420000000546
0.423333333184
0.446666666617
0.413333332787
0.519999999553
0.429999999702
0.43666666622
0.450000000497
0.429999999702
0.416666666667
0.426666667064
0.429999999702
0.43666666622
0.456666667014
0.426666665822
0.506666666518
0.459999999652
0.420000000546
0.433333333582
0.423333333184
0.436666667461
0.430000000944
0.420000000546
0.486666665723
0.433333333582
0.460000000894
0.450000000497
0.433333333582
0.439999998858
0.446666666617
0.47000000005
0.463333333532
0.443333332737
0.463333333532
0.440000000099
0.433333333582
0.446666666617
0.493333333482
0.513333334277
0.440000000099
0.416666666667
0.426666667064
0.419999999305
0.420000000546
0.430000000944
0.426666667064
0.443333333979
0.490000000844
0.423333333184
0.430000000944
0.426666665822
0.453333333135
0.443333332737
0.47000000005
0.416666666667
0.510000000397
0.563333332539
0.446666667859
0.52999999995
0.459999999652
0.496666667362
0.456666665773
0.440000000099
0.420000000546
0.416666666667
0.440000000099
0.420000000546
0.440000000099
0.429999999702
0.416666666667
0.506666666518
0.430000000944
0.426666667064
0.420000000546
0.423333333184
0.43666666622
0.459999999652
0.52999999995
0.416666666667
0.440000000099
0.449999999255
0.519999999553
0.423333333184
0.450000000497
0.406666666269
0.419999999305
0.433333333582
0.480000000447
0.463333333532
0.47000000005
0.533333332588
0.433333333582
0.423333333184
0.570000000298
0.453333333135
0.463333333532
0.47000000005
0.473333332688
0.459999999652
0.446666666617
0.453333333135
0.43666666622
0.443333333979
0.40333333239
0.430000000944
0.443333332737
0.52999999995
0.440000000099
0.503333332638
0.479999999205
0.523333333433
0.423333333184
0.443333332737
0.433333333582
0.446666666617
0.463333333532
0.429999999702
0.423333333184
0.483333333085
0.426666665822
0.456666667014
0.46666666617
0.439999998858
0.440000000099
0.429999999702
0.440000000099
0.443333333979
0.420000000546
0.433333333582
0.479999999205
0.443333333979
0.420000000546
0.416666666667
0.440000000099
0.440000000099
0.43666666622
0.443333332737
0.436666667461
0.5
0.420000000546
0.456666665773
0.456666667014
0.429999999702
0.410000000149
0.430000000944
0.47000000005
0.46333333229
0.426666665822
0.446666666617
0.489999999603
0.456666667014
0.443333332737
0.423333333184
0.553333333383
0.453333333135
0.486666666965
0.466666667412
0.440000000099
0.476666666567
0.480000000447
0.423333333184
0.436666667461
0.440000000099
0.443333333979
0.513333333035
0.479999999205
0.416666666667
0.430000000944
0.516666665673
0.47000000005
0.436666667461
0.446666666617
0.409999998907
0.410000000149
0.416666666667
0.433333333582
0.5
0.416666666667
0.436666667461
0.459999999652
0.439999998858
0.490000000844
0.443333332737
0.420000000546
0.443333333979
0.43666666622
0.50333333388
0.463333333532
0.503333332638
0.423333333184
0.419999999305
0.429999999702
0.43666666622
0.413333332787
0.426666667064
0.43333333234
0.443333333979
0.420000000546
0.43666666622
0.423333333184
0.459999999652
0.456666667014
0.43666666622
0.453333334376
0.406666667511
0.456666665773
0.443333333979
0.446666666617
0.536666666468
0.476666666567
0.446666666617
0.443333333979
0.416666666667
0.420000000546
0.453333333135
0.43666666622
0.423333333184
0.423333333184
0.433333333582
0.456666667014
0.463333333532
0.453333333135
0.459999999652
0.420000000546
0.409999998907
0.483333334327
0.47000000005
0.460000000894
0.420000000546
0.43333333234
0.420000000546
0.423333334426
0.453333333135
0.446666666617
0.436666667461
0.440000000099
0.513333333035
0.450000000497
0.446666666617
0.546666666865
0.413333332787
0.420000000546
0.453333333135
0.429999999702
0.429999999702
0.443333333979
0.459999999652
0.429999999702
0.426666667064
0.426666665822
0.486666666965
0.450000000497
0.413333334029
0.413333332787
0.416666666667
0.429999999702
0.423333333184
0.516666665673
0.416666666667
0.406666667511
0.410000000149
0.43333333234
0.446666666617
0.426666667064
0.420000000546
0.416666666667
0.426666667064
0.440000000099
0.443333333979
0.426666667064
0.410000000149
0.413333334029
0.406666666269
0.459999999652
0.453333333135
0.556666666021
0.456666667014
0.440000000099
0.419999999305
0.446666666617
0.446666666617
0.456666667014
0.413333334029
0.5
0.426666665822
0.473333332688
0.406666667511
0.403333333631
0.419999999305
0.433333333582
0.419999999305
0.479999999205
0.429999999702
0.433333333582
0.416666666667
0.420000000546
0.420000000546
0.420000000546
0.416666666667
0.429999999702
0.406666666269
0.426666667064
0.43666666622
0.43333333234
0.426666667064
0.416666666667
0.423333333184
0.439999998858
0.446666666617
0.423333333184
0.473333333929
0.453333334376
0.46333333229
0.46666666617
0.456666667014
0.426666667064
0.423333333184
0.413333332787
0.440000000099
0.443333332737
0.443333332737
0.476666666567
0.440000000099
0.43666666622
0.5
0.450000000497
0.409999998907
0.403333333631
0.416666666667
0.413333332787
0.703333334376
0.413333334029
0.413333332787
0.420000000546
0.446666666617
0.526666666071
0.440000000099
0.410000000149
0.400000000993
0.399999999752
0.413333332787
0.49666666612
0.440000000099
0.473333333929
0.443333332737
0.423333333184
0.430000000944
0.446666666617
0.453333333135
0.433333333582
0.430000000944
0.440000000099
0.426666667064
0.413333334029
0.43333333234
0.446666666617
0.440000000099
0.413333332787
0.426666667064
0.426666665822
0.413333332787
0.5
0.53333333383
0.429999999702
0.456666667014
0.436666667461
0.426666665822
0.410000000149
0.43666666622
0.416666666667
0.399999999752
0.47000000005
0.426666667064
0.433333333582
0.40333333239
0.420000000546
0.413333334029
0.403333333631
0.43333333234
0.426666667064
0.416666666667
0.413333332787
0.406666666269
0.436666667461
0.453333333135
0.433333333582
0.420000000546
0.479999999205
0.453333334376
0.449999999255
0.423333333184
0.450000000497
0.493333333482
0.433333333582
0.453333334376
0.416666666667
0.446666666617
0.459999999652
0.436666667461
0.426666667064
0.539999999106
0.410000000149
0.439999998858
0.406666667511
0.426666667064
0.449999999255
0.426666667064
0.443333332737
0.406666667511
0.413333332787
0.483333333085
0.443333332737
0.413333332787
0.416666666667
0.433333333582
0.43666666622
0.463333333532
0.440000000099
0.489999999603
0.426666667064
0.429999999702
0.47000000005
0.443333333979
0.440000000099
0.423333333184
0.413333332787
0.459999999652
0.453333334376
0.443333333979
0.413333334029
0.43333333234
0.416666666667
0.426666667064
0.419999999305
0.426666667064
0.449999999255
0.406666666269
0.446666667859
0.489999999603
0.453333334376
0.436666667461
0.47000000005
0.413333332787
0.426666667064
0.423333333184
0.456666667014
0.456666667014
0.490000000844
0.426666667064
0.413333334029
0.43333333234
0.423333333184
0.406666666269
0.406666666269
0.413333332787
0.446666666617
0.473333333929
0.406666666269
0.446666666617
0.443333333979
0.43666666622
0.459999999652
0.440000000099
0.453333333135
0.506666666518
0.463333333532
0.440000000099
0.416666666667
0.419999999305
0.453333333135
0.433333333582
0.43666666622
0.429999999702
0.456666665773
0.506666666518
0.416666666667
0.476666666567
0.43666666622
0.446666666617
0.440000000099
0.416666666667
0.446666666617
0.429999999702
0.496666667362
0.423333333184
0.440000000099
0.406666666269
0.406666667511
0.406666667511
0.423333333184
0.40333333239
0.443333333979
0.413333334029
0.440000000099
0.410000000149
0.456666667014
0.410000000149
0.440000000099
0.430000000944
0.443333333979
0.43666666622
0.446666667859
0.416666666667
0.429999999702
0.416666666667
0.413333334029
0.403333333631
0.440000000099
0.416666666667
0.409999998907
0.413333332787
0.413333334029
0.413333332787
0.413333332787
0.410000000149
0.423333333184
0.426666667064
0.416666666667
0.423333334426
0.420000000546
0.423333333184
0.403333333631
0.413333334029
0.399999999752
0.443333333979
0.446666666617
0.419999999305
0.406666666269
0.433333333582
0.47000000005
0.413333332787
0.443333332737
0.410000000149
0.406666666269
0.426666665822
0.399999999752
0.419999999305
0.540000000348
0.429999999702
0.420000000546
0.410000000149
0.406666666269
0.416666666667
0.46666666617
0.413333332787
0.416666666667
0.410000000149
0.423333333184
0.423333333184
0.473333333929
0.416666666667
0.449999999255
0.406666666269
0.399999999752
0.450000000497
0.446666666617
0.443333333979
0.449999999255
0.413333334029
0.426666667064
0.493333333482
0.449999999255
0.493333333482
0.429999999702
0.459999999652
0.419999999305
0.413333334029
0.410000000149
0.443333333979
0.446666666617
0.493333333482
0.406666667511
0.410000000149
0.453333333135
0.413333332787
0.456666667014
0.47000000005
0.433333333582
0.519999999553
0.419999999305
0.406666667511
0.526666666071
0.399999999752
0.426666667064
0.436666667461
0.426666665822
0.433333333582
0.476666666567
0.420000000546
0.426666665822
0.450000000497
0.419999999305
0.413333332787
0.429999999702
0.53333333383
0.446666666617
0.43666666622
0.456666665773
0.403333333631
0.416666666667
0.413333332787
0.410000000149
0.416666666667
0.456666665773
0.423333333184
0.420000000546
0.406666666269
0.416666666667
0.456666667014
0.423333333184
0.433333333582
0.493333333482
0.40333333239
0.423333333184
0.43666666622
0.43666666622
0.426666665822
0.443333332737
0.459999999652
0.426666665822
0.403333333631
0.47000000005
0.440000000099
0.410000000149
0.453333333135
0.420000000546
0.486666666965
0.413333332787
0.403333333631
0.416666666667
0.423333333184
0.413333332787
0.40333333239
0.49666666612
0.403333333631
0.459999999652
0.433333333582
0.423333333184
0.426666667064
0.413333332787
0.49666666612
0.416666666667
0.423333333184
0.446666666617
0.419999999305
0.423333333184
0.426666665822
0.443333333979
0.413333334029
0.426666665822
0.429999999702
0.416666666667
0.406666666269
0.460000000894
0.463333333532
0.460000000894
0.453333333135
0.430000000944
0.533333332588
0.406666667511
0.416666666667
0.426666665822
0.403333333631
0.473333333929
0.426666667064
0.466666667412
0.446666666617
0.413333334029
0.406666666269
0.429999999702
0.399999999752
0.483333333085
0.403333333631
0.47000000005
0.440000000099
0.429999999702
0.453333333135
0.443333333979
