0.406666666269
0.383333334078
0.376666667561
0.383333332837
0.390000000596
0.429999999702
0.403333333631
0.386666666716
0.380000000199
0.380000000199
0.389999999354
0.386666666716
0.396666667114
0.390000000596
0.399999999752
0.366666667163
0.373333332439
0.360000000646
0.383333334078
0.383333332837
0.389999999354
0.380000000199
0.380000000199
0.410000000149
0.393333333234
0.34666666761
0.390000000596
0.373333332439
0.376666666319
0.376666666319
0.386666666716
0.386666666716
0.369999999801
0.399999999752
0.353333332886
0.393333333234
0.409999998907
0.393333333234
0.43666666622
0.386666665475
0.390000000596
0.390000000596
0.413333332787
0.440000000099
0.399999999752
0.386666666716
0.396666667114
0.363333333284
0.383333332837
0.389999999354
0.369999999801
0.380000000199
0.386666666716
0.376666666319
0.373333333681
0.396666665872
0.363333333284
0.376666666319
0.373333333681
0.369999999801
0.380000000199
0.386666666716
0.393333333234
0.386666666716
0.386666666716
0.373333332439
0.396666667114
0.393333333234
0.386666666716
0.383333332837
0.376666667561
0.373333333681
0.373333333681
0.380000000199
0.396666665872
0.399999999752
0.380000000199
0.383333332837
0.386666666716
0.389999999354
0.386666666716
0.416666666667
0.363333333284
0.399999999752
0.373333333681
0.413333332787
0.376666667561
0.376666667561
0.366666665922
0.47000000005
0.383333334078
0.389999999354
0.396666665872
0.376666667561
0.40333333239
0.370000001043
0.380000000199
0.376666666319
0.383333334078
0.370000001043
0.383333334078
0.373333332439
0.363333333284
0.353333334128
0.386666666716
0.376666667561
0.383333334078
0.383333332837
0.383333332837
0.393333333234
0.393333333234
0.393333333234
0.390000000596
0.383333334078
0.353333332886
0.440000000099
0.383333334078
0.376666666319
0.333333333333
0.410000000149
0.380000000199
0.376666667561
0.359999999404
0.389999999354
0.416666666667
0.396666667114
0.393333333234
0.380000000199
0.369999999801
0.393333333234
0.399999999752
0.366666665922
0.386666666716
0.373333333681
0.393333333234
0.386666666716
0.373333333681
0.373333333681
0.363333333284
0.386666666716
0.366666667163
0.386666666716
0.363333333284
0.376666667561
0.386666666716
0.393333333234
0.383333334078
0.399999999752
0.366666665922
0.369999999801
0.346666666369
0.363333333284
0.359999999404
0.369999999801
0.380000000199
0.380000000199
0.366666667163
0.366666667163
0.366666665922
0.376666667561
0.406666666269
0.390000000596
0.376666667561
0.376666666319
0.360000000646
0.360000000646
0.393333333234
0.373333332439
0.390000000596
0.366666665922
0.393333333234
0.376666667561
0.386666666716
0.373333333681
0.350000000248
0.369999999801
0.366666667163
0.380000000199
0.413333332787
0.380000000199
0.363333333284
0.383333334078
0.383333334078
0.410000000149
0.369999999801
0.339999999851
0.400000000993
0.373333333681
0.390000000596
0.386666666716
0.370000001043
0.426666665822
0.386666666716
0.390000000596
0.363333333284
0.400000000993
0.373333332439
0.396666667114
0.373333333681
0.380000000199
0.359999999404
0.379999998957
0.373333332439
0.399999999752
0.376666667561
0.376666666319
0.386666666716
0.363333333284
0.403333333631
0.399999999752
0.410000000149
0.363333333284
0.380000000199
0.366666665922
0.396666665872
0.386666666716
0.380000000199
0.403333333631
0.386666666716
0.370000001043
0.386666666716
0.366666667163
0.380000000199
0.386666666716
0.390000000596
0.376666666319
0.393333334476
0.406666667511
0.383333332837
0.369999999801
0.369999999801
0.389999999354
0.369999999801
0.373333333681
0.366666665922
0.383333334078
0.380000000199
0.390000000596
0.390000000596
0.389999999354
0.359999999404
0.373333333681
0.443333332737
0.380000000199
0.453333334376
0.406666666269
0.379999998957
0.393333333234
0.386666666716
0.383333334078
0.419999999305
0.396666667114
0.396666667114
0.390000000596
0.390000000596
0.376666666319
0.389999999354
0.383333332837
0.380000000199
0.393333333234
0.376666667561
0.346666666369
0.366666667163
0.373333333681
0.383333332837
0.376666666319
0.410000000149
0.376666667561
0.386666666716
0.419999999305
0.376666666319
0.386666666716
0.393333333234
0.383333332837
0.406666667511
0.393333333234
0.396666665872
0.353333332886
0.383333332837
0.366666665922
0.373333333681
0.373333332439
0.413333332787
0.369999999801
0.329999999454
0.403333333631
0.363333333284
0.390000000596
0.386666666716
0.376666666319
0.380000000199
0.403333333631
0.369999999801
0.390000000596
0.383333332837
0.363333333284
0.399999999752
0.406666666269
0.373333333681
0.373333332439
0.390000000596
0.376666666319
0.393333333234
0.389999999354
0.393333334476
0.369999999801
0.383333332837
0.383333332837
0.393333333234
0.380000000199
0.366666665922
0.393333333234
0.373333332439
0.363333333284
0.366666667163
0.373333333681
0.376666666319
0.380000000199
0.363333333284
0.403333333631
0.399999999752
0.393333333234
0.383333332837
0.390000000596
0.389999999354
0.380000000199
0.383333334078
0.369999999801
0.409999998907
0.393333333234
0.386666666716
0.426666667064
0.383333334078
0.373333333681
0.380000000199
0.386666666716
0.373333332439
0.383333334078
0.380000000199
0.396666667114
0.380000000199
0.386666666716
0.386666666716
0.376666667561
0.399999999752
0.369999999801
0.390000000596
0.380000000199
0.396666665872
0.393333333234
0.413333332787
0.396666667114
0.376666666319
0.386666666716
0.386666666716
0.396666665872
0.410000000149
0.386666666716
0.376666666319
0.353333332886
0.376666666319
0.383333334078
0.386666666716
0.393333333234
0.393333333234
0.380000000199
0.380000000199
0.386666666716
0.373333332439
0.369999999801
0.379999998957
0.389999999354
0.393333333234
0.356666666766
0.396666667114
0.386666666716
0.399999999752
0.366666667163
0.386666666716
0.380000000199
0.380000000199
0.380000000199
0.380000000199
0.396666667114
0.383333334078
0.373333332439
0.390000000596
0.366666667163
0.396666667114
0.376666666319
0.389999999354
0.399999999752
0.386666666716
0.393333333234
0.389999999354
0.396666667114
0.366666667163
0.416666666667
0.366666667163
0.386666666716
0.376666666319
0.363333333284
0.366666667163
0.369999999801
0.389999999354
0.390000000596
0.386666666716
0.376666666319
0.40333333239
0.376666667561
0.369999999801
0.373333333681
0.383333332837
0.379999998957
0.370000001043
0.393333333234
0.403333333631
0.399999999752
0.370000001043
0.383333332837
0.339999999851
0.353333334128
0.400000000993
0.410000000149
0.369999999801
0.373333332439
0.423333333184
0.350000000248
0.386666666716
0.373333333681
0.373333332439
0.383333332837
0.393333333234
0.380000000199
0.399999999752
0.396666665872
0.353333332886
0.34666666761
0.359999999404
0.386666666716
0.376666666319
0.373333332439
0.373333333681
0.410000000149
0.396666667114
0.380000000199
0.393333333234
0.366666665922
0.386666666716
0.380000000199
0.380000000199
0.389999999354
0.396666665872
0.389999999354
0.386666666716
0.386666666716
0.389999999354
0.426666667064
0.40333333239
0.423333333184
0.413333334029
0.373333333681
0.389999999354
0.399999999752
0.356666666766
0.380000000199
0.356666666766
0.410000000149
0.389999999354
0.386666666716
0.383333334078
0.383333332837
0.419999999305
0.380000000199
0.390000000596
0.356666665524
0.396666667114
0.353333334128
0.389999999354
0.396666665872
0.403333333631
0.399999999752
0.386666666716
0.413333332787
0.399999999752
0.379999998957
0.376666667561
0.386666666716
0.393333333234
0.366666667163
0.363333333284
0.353333332886
0.360000000646
0.353333334128
0.376666667561
0.403333333631
0.383333334078
0.389999999354
0.386666666716
0.386666666716
0.396666667114
0.410000000149
0.390000000596
0.366666665922
0.390000000596
0.353333334128
0.360000000646
0.389999999354
0.369999999801
0.386666666716
0.396666667114
0.389999999354
0.400000000993
0.386666666716
0.369999999801
0.399999999752
0.386666666716
0.386666666716
0.366666667163
0.360000000646
0.389999999354
0.380000000199
0.383333332837
0.386666666716
0.396666667114
0.393333333234
0.400000000993
0.406666666269
0.356666666766
0.386666666716
0.373333332439
0.359999999404
0.376666666319
0.383333334078
0.393333333234
0.396666665872
0.399999999752
0.393333333234
0.376666667561
0.376666667561
0.386666666716
0.366666667163
0.383333334078
0.386666666716
0.393333333234
0.406666667511
0.363333333284
0.403333333631
0.386666666716
0.380000000199
0.390000000596
0.390000000596
0.386666666716
0.386666666716
0.389999999354
0.366666667163
0.356666666766
0.373333332439
0.380000000199
0.386666666716
0.386666666716
0.440000000099
0.383333332837
0.380000000199
0.34666666761
0.376666666319
0.383333334078
0.369999999801
0.396666667114
0.360000000646
0.389999999354
0.383333334078
0.380000000199
0.390000000596
0.363333333284
0.369999999801
0.353333334128
0.369999999801
0.359999999404
0.376666667561
0.369999999801
0.416666666667
0.386666666716
0.393333333234
0.359999999404
0.389999999354
0.393333333234
0.383333332837
0.376666666319
0.369999999801
0.359999999404
0.386666666716
0.376666667561
0.363333333284
0.376666666319
0.376666667561
0.399999999752
0.363333333284
0.389999999354
0.386666666716
0.383333334078
0.370000001043
0.393333333234
0.386666666716
0.383333332837
0.390000000596
0.383333332837
0.403333333631
0.436666667461
0.379999998957
0.400000000993
0.403333333631
0.376666666319
0.390000000596
0.386666666716
0.356666666766
0.383333332837
0.373333333681
0.386666666716
0.376666666319
0.396666667114
0.376666666319
0.396666667114
0.356666666766
0.360000000646
0.403333333631
0.373333333681
0.366666667163
0.379999998957
0.386666666716
0.369999999801
0.393333333234
0.399999999752
0.400000000993
0.376666666319
0.366666667163
0.363333333284
0.363333333284
0.376666666319
0.396666667114
0.373333333681
0.399999999752
0.390000000596
0.406666667511
0.393333333234
0.399999999752
0.390000000596
0.416666666667
0.413333332787
0.396666667114
0.383333332837
0.413333334029
0.416666666667
0.376666666319
0.416666666667
0.380000000199
0.376666666319
0.380000000199
0.399999999752
0.380000000199
0.406666666269
0.516666666915
0.5
0.373333332439
0.356666666766
0.366666665922
0.393333333234
0.396666665872
0.383333334078
0.373333333681
0.416666666667
0.396666667114
0.366666667163
0.380000000199
0.373333333681
0.366666665922
0.443333332737
0.390000000596
0.349999999007
0.339999999851
0.380000000199
0.390000000596
0.363333333284
0.403333333631
0.386666666716
0.380000000199
0.383333332837
0.356666666766
0.376666667561
0.369999999801
0.380000000199
0.383333334078
0.413333334029
0.376666666319
0.399999999752
0.373333333681
0.383333334078
0.383333332837
0.399999999752
0.386666666716
0.390000000596
0.376666666319
0.376666667561
0.386666666716
0.366666667163
0.373333333681
0.393333333234
0.376666666319
0.380000000199
0.369999999801
0.373333333681
0.386666666716
0.359999999404
0.389999999354
0.399999999752
0.399999999752
0.440000000099
0.389999999354
0.369999999801
0.390000000596
0.376666666319
0.369999999801
0.376666666319
0.376666666319
0.40333333239
0.373333333681
0.380000000199
0.366666667163
0.373333333681
0.393333333234
0.403333333631
0.383333332837
0.379999998957
0.390000000596
0.440000000099
0.426666667064
0.383333334078
0.386666666716
0.376666666319
0.410000000149
0.400000000993
0.379999998957
0.403333333631
0.386666666716
0.356666666766
0.406666666269
0.383333332837
0.366666665922
0.399999999752
0.360000000646
0.393333333234
0.380000000199
0.356666666766
0.369999999801
0.363333333284
0.369999999801
0.429999999702
0.396666667114
0.363333333284
0.40333333239
0.380000000199
0.399999999752
0.366666665922
0.399999999752
0.386666666716
0.383333334078
0.389999999354
0.380000000199
0.386666666716
0.413333334029
0.416666666667
0.386666666716
0.386666666716
0.373333332439
0.366666667163
0.350000000248
0.386666666716
0.363333333284
0.413333332787
0.370000001043
0.369999999801
0.363333333284
0.396666667114
0.393333333234
0.376666666319
0.376666666319
0.426666667064
0.393333333234
0.386666666716
0.356666666766
0.376666667561
0.396666665872
0.369999999801
0.373333333681
0.380000000199
0.363333333284
0.383333332837
0.379999998957
0.396666665872
0.350000000248
0.356666666766
0.376666666319
0.426666667064
0.43333333234
0.403333333631
0.383333332837
0.363333333284
0.386666666716
0.359999999404
0.386666666716
0.393333333234
0.386666666716
0.399999999752
0.413333332787
0.410000000149
0.393333333234
0.413333332787
0.386666666716
0.429999999702
0.409999998907
0.410000000149
0.413333334029
0.380000000199
0.356666666766
0.386666666716
0.380000000199
0.373333333681
0.389999999354
0.386666666716
0.366666667163
0.399999999752
0.399999999752
0.390000000596
0.396666665872
0.410000000149
0.376666667561
0.383333332837
0.373333333681
0.366666665922
0.423333334426
0.403333333631
0.379999998957
0.363333333284
0.396666667114
0.376666666319
0.383333334078
0.386666666716
0.366666665922
0.386666666716
0.393333334476
0.403333333631
0.376666666319
0.383333334078
0.393333333234
0.380000000199
0.379999998957
0.399999999752
0.393333333234
0.389999999354
0.380000000199
0.406666667511
0.373333333681
0.393333333234
0.369999999801
0.383333332837
0.383333332837
0.363333333284
0.363333333284
0.386666666716
0.383333332837
0.403333333631
0.393333333234
0.369999999801
0.383333334078
0.373333333681
0.373333332439
0.366666665922
0.393333333234
0.386666666716
0.383333334078
0.396666667114
0.353333334128
0.386666666716
0.383333332837
0.366666667163
0.373333332439
0.353333332886
0.370000001043
0.373333333681
0.353333332886
0.386666666716
0.426666667064
0.376666666319
0.366666665922
0.396666667114
0.386666666716
0.5
0.366666667163
0.373333333681
0.369999999801
0.373333333681
0.363333333284
0.360000000646
0.373333333681
0.383333332837
0.356666666766
0.383333332837
0.393333334476
0.409999998907
0.393333333234
0.376666666319
0.396666667114
0.390000000596
0.399999999752
0.396666667114
0.413333332787
0.393333334476
0.396666667114
0.386666666716
0.399999999752
0.360000000646
0.363333333284
0.369999999801
0.373333333681
0.363333333284
0.403333333631
0.376666666319
0.383333334078
0.383333332837
0.396666667114
0.383333332837
0.366666667163
0.363333333284
0.393333333234
0.369999999801
0.389999999354
0.376666666319
0.380000000199
0.389999999354
0.399999999752
0.40333333239
0.350000000248
0.386666666716
0.389999999354
0.390000000596
0.366666667163
0.380000000199
0.373333332439
0.340000001093
0.366666665922
0.416666666667
0.390000000596
0.373333333681
0.380000000199
0.369999999801
0.380000000199
0.360000000646
0.373333332439
0.383333332837
0.40333333239
0.350000000248
0.353333332886
0.380000000199
0.376666666319
0.369999999801
0.366666667163
0.393333333234
0.393333334476
0.380000000199
0.376666666319
0.353333332886
0.356666666766
0.363333333284
0.380000000199
0.40333333239
0.403333333631
0.390000000596
0.383333332837
0.369999999801
0.396666667114
0.399999999752
0.403333333631
0.373333332439
0.376666667561
0.383333332837
0.383333332837
0.366666667163
0.383333332837
0.366666665922
0.353333332886
0.376666666319
0.350000000248
0.380000000199
0.413333334029
0.380000000199
0.413333332787
0.376666666319
0.359999999404
0.389999999354
0.396666665872
0.376666667561
0.393333333234
0.426666667064
0.393333333234
0.399999999752
0.396666665872
0.383333332837
0.413333334029
0.380000000199
0.389999999354
0.410000000149
0.383333334078
0.40333333239
0.366666667163
0.396666665872
0.399999999752
0.393333333234
0.403333333631
0.376666666319
0.363333333284
0.383333332837
0.376666666319
0.373333333681
0.363333333284
0.366666667163
0.390000000596
0.383333334078
0.389999999354
0.410000000149
0.380000000199
0.380000000199
0.376666667561
0.380000000199
0.369999999801
0.373333333681
0.396666667114
0.376666666319
0.386666666716
0.389999999354
0.380000000199
0.366666665922
0.363333333284
0.350000000248
0.359999999404
0.366666667163
0.373333332439
0.393333333234
0.366666667163
0.386666665475
0.406666666269
0.386666665475
0.363333333284
0.366666667163
0.366666667163
0.366666665922
0.386666666716
0.369999999801
0.350000000248
0.360000000646
0.360000000646
0.376666666319
0.373333333681
0.40333333239
0.386666666716
0.376666667561
0.380000000199
0.366666665922
0.366666667163
0.356666666766
0.386666666716
0.363333333284
0.380000000199
0.380000000199
0.359999999404
0.366666667163
0.376666666319
0.410000000149
0.346666666369
0.396666665872
0.383333334078
0.383333334078
0.389999999354
0.380000000199
0.369999999801
0.366666665922
0.380000000199
0.369999999801
0.393333333234
0.393333333234
0.403333333631
0.363333333284
0.376666666319
0.386666666716
0.356666666766
0.389999999354
0.370000001043
0.389999999354
0.426666667064
0.380000000199
0.363333333284
0.346666666369
0.383333332837
0.383333334078
0.369999999801
0.406666666269
0.386666666716
0.376666667561
0.393333333234
0.383333332837
0.389999999354
0.356666665524
0.373333333681
0.390000000596
0.403333333631
0.363333333284
0.349999999007
0.353333334128
0.393333333234
0.389999999354
0.396666667114
0.373333333681
0.333333333333
0.373333332439
0.386666666716
0.380000000199
0.383333334078
0.369999999801
0.383333332837
0.373333333681
0.396666665872
0.380000000199
0.423333334426
0.380000000199
0.366666665922
0.376666666319
0.386666666716
0.383333332837
0.403333333631
0.389999999354
0.393333333234
0.386666666716
0.413333334029
0.383333332837
0.389999999354
0.369999999801
0.386666666716
0.360000000646
0.376666666319
0.383333332837
0.350000000248
0.373333332439
0.34666666761
0.369999999801
0.386666666716
0.370000001043
0.360000000646
0.393333333234
0.380000000199
0.380000000199
0.360000000646
0.360000000646
0.456666667014
0.343333333731
0.339999999851
0.386666666716
0.396666667114
0.389999999354
0.373333333681
0.399999999752
0.376666666319
0.363333333284
0.403333333631
0.383333332837
0.380000000199
0.373333333681
0.386666666716
0.396666667114
0.380000000199
0.40333333239
0.390000000596
0.399999999752
0.373333333681
0.376666666319
0.386666666716
0.383333332837
0.396666667114
0.43666666622
0.399999999752
0.390000000596
0.380000000199
0.363333333284
0.363333333284
0.34666666761
0.363333333284
0.383333332837
0.336666667213
0.393333333234
0.396666665872
0.376666667561
0.353333332886
0.366666667163
0.403333333631
0.350000000248
0.403333333631
0.399999999752
0.373333333681
0.383333332837
0.336666667213
0.386666666716
0.386666666716
0.383333332837
0.396666667114
0.383333332837
0.389999999354
0.380000000199
0.363333334525
0.363333333284
0.363333333284
0.379999998957
0.350000000248
0.360000000646
0.386666666716
0.393333334476
0.389999999354
0.373333333681
0.386666666716
0.419999999305
0.383333334078
0.383333332837
0.390000000596
0.373333332439
0.400000000993
0.330000000695
0.383333332837
0.386666666716
0.406666667511
0.366666667163
0.380000000199
0.369999999801
0.356666666766
0.383333334078
0.386666666716
0.396666665872
0.373333332439
0.380000000199
0.393333333234
0.369999999801
0.376666667561
0.373333332439
0.373333332439
0.366666667163
0.373333332439
0.416666666667
0.383333334078
0.376666666319
0.413333332787
0.373333333681
0.389999999354
0.380000000199
0.399999999752
0.373333333681
0.386666666716
0.389999999354
0.363333333284
0.386666666716
0.383333332837
0.383333334078
0.410000000149
0.383333332837
0.380000000199
0.410000000149
0.393333333234
0.386666666716
0.369999999801
0.376666666319
0.393333333234
0.376666666319
0.390000000596
0.396666667114
0.383333332837
0.380000000199
0.356666666766
0.376666667561
0.376666666319
0.363333333284
0.380000000199
0.366666665922
0.420000000546
0.393333333234
0.393333333234
0.403333333631
0.390000000596
0.399999999752
0.403333333631
0.363333333284
0.383333332837
0.369999999801
0.386666666716
0.366666667163
0.370000001043
0.369999999801
0.376666666319
0.389999999354
0.370000001043
0.376666667561
0.369999999801
0.373333332439
0.380000000199
0.363333333284
0.380000000199
0.353333332886
0.403333333631
0.380000000199
0.373333332439
0.369999999801
0.386666666716
0.373333333681
0.383333332837
0.376666666319
0.393333333234
0.369999999801
0.386666666716
0.390000000596
0.369999999801
0.383333334078
0.363333333284
0.360000000646
0.363333334525
0.386666665475
0.380000000199
0.399999999752
0.376666666319
0.393333333234
0.403333333631
0.376666666319
0.376666666319
0.393333333234
0.359999999404
0.363333333284
0.389999999354
0.380000000199
0.373333333681
0.393333333234
0.383333332837
0.380000000199
0.366666667163
0.386666666716
0.383333332837
0.383333334078
0.383333332837
0.383333334078
0.380000000199
0.390000000596
0.380000000199
0.366666667163
0.376666666319
0.386666666716
0.399999999752
0.406666667511
0.403333333631
0.403333333631
0.373333332439
0.383333332837
0.386666666716
0.406666666269
0.396666667114
0.380000000199
0.389999999354
0.386666666716
0.393333333234
0.380000000199
0.366666667163
0.380000000199
0.380000000199
0.380000000199
0.356666666766
0.356666666766
0.383333334078
0.393333334476
0.363333333284
0.379999998957
0.383333332837
0.403333333631
0.376666666319
0.373333332439
0.406666666269
0.373333333681
0.380000000199
0.356666666766
0.380000000199
0.373333333681
0.393333333234
0.386666666716
0.376666667561
0.389999999354
0.380000000199
0.389999999354
0.380000000199
0.399999999752
0.393333333234
0.380000000199
0.383333332837
0.386666666716
0.383333334078
0.366666665922
0.416666666667
0.383333334078
0.389999999354
0.399999999752
0.359999999404
0.386666666716
0.393333333234
0.376666666319
0.366666667163
0.380000000199
0.380000000199
0.403333333631
0.369999999801
0.40333333239
0.383333334078
0.363333333284
0.366666667163
0.376666666319
0.376666667561
0.379999998957
0.363333333284
0.386666666716
0.359999999404
0.380000000199
0.383333334078
0.396666667114
0.40333333239
0.369999999801
0.359999999404
0.386666666716
0.386666666716
0.369999999801
0.386666666716
0.373333333681
0.40333333239
0.376666666319
0.393333334476
0.366666665922
0.389999999354
0.369999999801
0.383333332837
0.383333334078
0.386666666716
0.389999999354
0.390000000596
0.393333333234
0.373333332439
0.389999999354
0.360000000646
0.376666666319
0.369999999801
0.413333334029
0.380000000199
0.406666666269
0.40333333239
0.356666666766
0.380000000199
0.366666665922
0.366666667163
0.393333333234
0.373333333681
0.369999999801
0.390000000596
0.359999999404
0.360000000646
0.393333333234
0.366666665922
0.380000000199
0.420000000546
0.406666667511
0.370000001043
0.356666666766
0.363333333284
0.339999999851
0.376666666319
0.376666666319
0.360000000646
0.383333332837
0.379999998957
0.363333333284
0.373333333681
0.380000000199
0.399999999752
0.360000000646
0.393333333234
0.383333332837
0.350000000248
0.393333333234
0.386666666716
0.369999999801
0.383333334078
0.376666667561
0.366666667163
0.389999999354
0.380000000199
0.393333333234
0.399999999752
0.386666666716
0.383333334078
0.406666666269
0.386666666716
0.383333334078
0.380000000199
0.380000000199
0.366666665922
0.396666665872
0.393333334476
0.400000000993
0.383333332837
0.399999999752
0.429999999702
0.403333333631
0.393333333234
0.396666665872
0.399999999752
0.389999999354
0.390000000596
0.410000000149
0.423333333184
0.396666667114
0.383333334078
0.386666666716
0.386666666716
0.380000000199
0.440000000099
0.393333333234
0.396666667114
0.390000000596
0.363333333284
0.386666666716
0.369999999801
0.403333333631
0.403333333631
0.393333333234
0.343333333731
0.356666666766
0.380000000199
0.379999998957
0.413333334029
0.389999999354
0.383333332837
0.373333333681
0.366666667163
0.379999998957
0.399999999752
0.380000000199
0.363333333284
0.369999999801
0.356666666766
0.393333334476
0.366666665922
0.389999999354
0.396666667114
0.406666666269
0.399999999752
0.353333334128
0.363333333284
0.380000000199
0.373333332439
0.373333333681
0.396666665872
0.393333333234
0.383333334078
0.393333333234
0.363333333284
0.369999999801
0.359999999404
0.383333332837
0.360000000646
0.396666665872
0.373333333681
0.386666666716
0.380000000199
0.386666666716
0.40333333239
0.376666666319
0.353333332886
0.386666666716
0.386666666716
0.386666666716
0.410000000149
0.390000000596
0.419999999305
0.380000000199
0.373333333681
0.399999999752
0.380000000199
0.406666666269
0.390000000596
0.383333334078
0.403333333631
0.369999999801
0.346666666369
0.406666667511
0.383333332837
0.359999999404
0.363333333284
0.360000000646
0.393333333234
0.379999998957
0.383333332837
0.406666667511
0.389999999354
0.34666666761
0.396666665872
0.369999999801
0.350000000248
0.386666666716
0.380000000199
0.396666667114
0.369999999801
0.379999998957
0.363333333284
0.356666666766
0.383333332837
0.380000000199
0.376666666319
0.373333333681
0.373333333681
0.396666665872
0.373333333681
0.373333333681
0.383333332837
0.423333333184
0.380000000199
0.410000000149
0.380000000199
0.343333333731
0.400000000993
0.366666665922
0.393333333234
0.393333333234
0.373333333681
0.369999999801
0.373333332439
0.363333333284
0.376666666319
0.393333334476
0.376666667561
0.383333332837
0.366666667163
0.369999999801
0.356666666766
0.376666666319
0.380000000199
0.373333332439
0.380000000199
0.399999999752
0.380000000199
0.360000000646
0.393333333234
0.350000000248
0.373333333681
0.353333334128
0.366666667163
0.383333332837
0.399999999752
0.390000000596
0.506666666518
0.373333333681
0.373333333681
0.396666667114
0.379999998957
0.350000000248
0.340000001093
0.346666666369
0.373333333681
0.399999999752
0.386666666716
0.399999999752
0.380000000199
0.396666667114
0.423333334426
0.373333332439
0.413333332787
0.369999999801
0.339999999851
0.366666665922
0.380000000199
0.396666667114
0.366666665922
0.376666666319
0.433333333582
0.380000000199
0.363333333284
0.383333332837
0.393333333234
