bytes_written	total_items	curr_connections	threads	cmd_set	cmd_get	get_misses	get_hits	bytes_read
18801340429	672955	19	8	671482	12267097	2126687	10140410	1810350086	386247
18801807262	672955	18	8	671482	12267458	2126736	10140722	1810368632	386247
18802234207	672955	14	8	671482	12267803	2126780	10141023	1810386431	386247
18802784538	672955	19	8	671482	12268169	2126830	10141339	1810405370	386247
18803479343	672955	18	8	671482	12268533	2126882	10141651	1810424094	386247
18804055849	672955	19	8	671482	12268878	2126927	10141951	1810441928	386247
18804511556	672955	16	8	671482	12269230	2126978	10142252	1810460205	386247
18805112104	672955	16	8	671482	12269603	2127036	10142567	1810479492	386247
18805697017	672955	19	8	671482	12269939	2127079	10142860	1810496827	386247
18806184583	672955	19	8	671482	12270286	2127127	10143159	1810515032	386247
18806662546	672955	19	8	671482	12270638	2127178	10143460	1810533267	386247
18807068116	672955	18	8	671482	12271009	2127236	10143773	1810552360	386247
18807684634	672955	19	8	671482	12271375	2127287	10144088	1810571195	386247
18808135644	672957	20	8	671484	12271738	2127338	10144400	1810592949	386246
18808715139	672957	18	8	671484	12272106	2127391	10144715	1810611865	386246
18809266168	672957	17	8	671484	12272467	2127440	10145027	1810630377	386246
18809961633	672957	17	8	671484	12272819	2127486	10145333	1810648637	386246
18810634537	672957	17	8	671484	12273179	2127529	10145650	1810667036	386246
18811288138	672957	16	8	671484	12273538	2127587	10145951	1810685711	386246
18811977633	672957	20	8	671484	12273914	2127641	10146273	1810705152	386246
18812764844	672957	18	8	671484	12274283	2127696	10146587	1810724268	386246
18813405094	672957	19	8	671484	12274669	2127750	10146919	1810744114	386246
18814064785	672957	18	8	671484	12275039	2127813	10147226	1810763184	386246
18814676048	672957	16	8	671484	12275395	2127859	10147536	1810781484	386246
18815193999	672957	22	8	671484	12275757	2127912	10147845	1810800198	386246
18815707729	672957	19	8	671484	12276127	2127963	10148164	1810819376	386246
18816363396	672957	14	8	671484	12276466	2128000	10148466	1810836635	386246
18816850947	672957	19	8	671484	12276806	2128038	10148768	1810854149	386246
18817607613	672957	21	8	671484	12277179	2128086	10149093	1810873284	386246
18818131114	672957	17	8	671484	12277508	2128132	10149376	1810890223	386246
18818723776	672957	18	8	671484	12277835	2128174	10149661	1810907141	386246
18819178146	672957	18	8	671484	12278178	2128219	10149959	1810924693	386246
18819720311	672957	15	8	671484	12278533	2128261	10150272	1810942930	386246
18820212981	672957	16	8	671484	12278869	2128312	10150557	1810960251	386246
18821006443	672957	22	8	671484	12279209	2128345	10150864	1810977420	386246
18821842505	672957	17	8	671484	12279551	2128387	10151164	1810995185	386246
18822404193	672957	13	8	671484	12279891	2128437	10151454	1811012914	386246
18823016526	672957	17	8	671484	12280228	2128483	10151745	1811030244	386246
18823463309	672957	22	8	671484	12280564	2128528	10152036	1811047599	386246
18823997071	672957	18	8	671484	12280927	2128579	10152348	1811066190	386246
18824561685	672957	12	8	671484	12281259	2128615	10152644	1811083122	386246
18825065950	672957	17	8	671484	12281624	2128671	10152953	1811101879	386246
18825510650	672957	17	8	671484	12281997	2128738	10153259	1811121226	386246
18826195017	672957	18	8	671484	12282342	2128785	10153557	1811138966	386246
18826769110	672957	17	8	671484	12282677	2128836	10153841	1811156325	386246
18827446082	672957	19	8	671484	12283032	2128892	10154140	1811174566	386246
18828013531	672957	16	8	671484	12283377	2128939	10154438	1811192448	386246
18828501374	672957	17	8	671484	12283705	2128980	10154725	1811209369	386246
18829029343	672957	20	8	671484	12284043	2129024	10155019	1811226759	386246
18829529307	672957	17	8	671484	12284374	2129068	10155306	1811244005	386246
18830246833	672957	17	8	671484	12284720	2129122	10155598	1811261957	386246
18830955416	672957	16	8	671484	12285072	2129171	10155901	1811280026	386246
18831603072	672957	16	8	671484	12285434	2129232	10156202	1811298852	386246
18832279381	672957	15	8	671484	12285773	2129276	10156497	1811316340	386246
18832582501	672957	18	8	671484	12286088	2129317	10156771	1811332658	386246
18833274657	672957	20	8	671484	12286444	2129372	10157072	1811351082	386246
18833930653	672957	15	8	671484	12286793	2129421	10157372	1811368970	386246
18834350900	672957	17	8	671484	12287118	2129465	10157653	1811385876	386246
18835028579	672957	17	8	671484	12287457	2129510	10157947	1811403400	386246
18835566035	672957	17	8	671484	12287790	2129549	10158241	1811420594	386246
18836228110	672957	17	8	671484	12288134	2129599	10158535	1811438383	386246
18836738251	672957	19	8	671484	12288487	2129649	10158838	1811456491	386246
18837473713	672957	17	8	671484	12288852	2129703	10159149	1811475234	386246
18838131741	672957	16	8	671484	12289205	2129757	10159448	1811493414	386246
18838812800	672957	17	8	671484	12289544	2129797	10159747	1811510900	386246
18839521384	672957	18	8	671484	12289899	2129846	10160053	1811529011	386246
18840059278	672957	17	8	671484	12290234	2129898	10160336	1811546506	386246
18840675615	672957	16	8	671484	12290596	2129952	10160644	1811565205	386246
18841073548	672957	15	8	671484	12290946	2130003	10160943	1811583178	386246
18841720438	672957	20	8	671484	12291295	2130046	10161249	1811601059	386246
18842151232	672957	14	8	671484	12291626	2130081	10161545	1811618025	386246
18842763636	672957	17	8	671484	12291955	2130119	10161836	1811634867	386246
18843353047	672957	20	8	671484	12292329	2130177	10162152	1811654173	386246
18843785982	672957	12	8	671484	12292657	2130220	10162437	1811671220	386246
18844442435	672957	15	8	671484	12292996	2130269	10162727	1811688654	386246
18844969319	672957	22	8	671484	12293341	2130317	10163024	1811706261	386246
18845356963	672957	19	8	671484	12293673	2130368	10163305	1811723721	386245
18845788316	672958	13	8	671485	12293999	2130409	10163590	1811740824	386245
18846307556	672958	16	8	671485	12294346	2130455	10163891	1811758603	386245
18846809278	672958	18	8	671485	12294686	2130498	10164188	1811775998	386245
18847292522	672958	20	8	671485	12295021	2130548	10164473	1811793433	386245
18847849613	672958	17	8	671485	12295358	2130594	10164764	1811810827	386245
18848571684	672959	16	8	671486	12295716	2130640	10165076	1811889956	386244
18849296320	672959	17	8	671486	12296063	2130687	10165376	1811907908	386244
18850009033	672959	18	8	671486	12296416	2130735	10165681	1811926114	386244
18850350171	672959	20	8	671486	12296751	2130780	10165971	1811943292	386244
18850927317	672959	17	8	671486	12297095	2130833	10166262	1811961108	386244
18851495598	672959	15	8	671486	12297445	2130878	10166567	1811979182	386244
18852064981	672959	17	8	671486	12297790	2130929	10166861	1811997067	386244
18852554912	672959	19	8	671486	12298140	2130982	10167158	1812015114	386244
18852911327	672959	20	8	671486	12298467	2131024	10167443	1812032033	386244
18853501431	672959	17	8	671486	12298819	2131078	10167741	1812050175	386244
18854196028	672959	16	8	671486	12299175	2131130	10168045	1812068567	386244
18854796444	672959	16	8	671486	12299531	2131187	10168344	1812086968	386244
18855270164	672959	17	8	671486	12299870	2131235	10168635	1812104419	386244
18856024269	672959	18	8	671486	12300234	2131288	10168946	1812123259	386244
18856697197	672959	15	8	671486	12300574	2131330	10169244	1812140755	386244
18857310364	672959	17	8	671486	12300920	2131376	10169544	1812158517	386244
18857941845	672959	19	8	671486	12301272	2131424	10169848	1812176615	386244
18858630541	672959	17	8	671486	12301616	2131468	10170148	1812194254	386244
18859196726	672959	17	8	671486	12301940	2131511	10170429	1812211058	386244
18859772709	672959	21	8	671486	12302284	2131554	10170730	1812228717	386244
18860237082	672959	17	8	671486	12302616	2131601	10171015	1812245936	386244
18860609784	672959	15	8	671486	12302942	2131645	10171297	1812262616	386244
18861073555	672959	22	8	671486	12303306	2131700	10171606	1812281356	386244
18861746239	672959	18	8	671486	12303666	2131760	10171906	1812299988	386244
18862327201	672959	16	8	671486	12303993	2131807	10172186	1812316997	386244
18862990372	672959	17	8	671486	12304329	2131857	10172472	1812334422	386244
18863512560	672959	19	8	671486	12304684	2131910	10172774	1812352876	386244
18863942433	672959	16	8	671486	12305028	2131968	10173060	1812370577	386244
18864486519	672959	15	8	671486	12305366	2132019	10173347	1812388067	386244
18864882363	672959	20	8	671486	12305711	2132075	10173636	1812406081	386244
18865351403	672959	18	8	671486	12306059	2132122	10173937	1812423879	386244
18866228263	672959	15	8	671486	12306410	2132170	10174240	1812441893	386244
18866708517	672959	19	8	671486	12306745	2132220	10174525	1812459280	386244
18867064486	672959	22	8	671486	12307077	2132267	10174810	1812476664	386244
18867633189	672959	16	8	671486	12307415	2132314	10175101	1812493999	386244
18868172027	672959	14	8	671486	12307755	2132366	10175389	1812511685	386244
18868886788	672959	19	8	671486	12308099	2132404	10175695	1812529120	386244
18869322102	672959	19	8	671486	12308445	2132456	10175989	1812547199	386244
18869915902	672959	16	8	671486	12308781	2132499	10176282	1812564445	386244
18870452043	672959	17	8	671486	12309112	2132541	10176571	1812581448	386244
18871266029	672960	18	8	671487	12309458	2132581	10176877	1812599308	386243
18871941636	672960	17	8	671487	12309808	2132635	10177173	1812617372	386243
18872466998	672960	17	8	671487	12310150	2132675	10177475	1812634918	386243
18873149729	672960	18	8	671487	12310496	2132715	10177781	1812652698	386243
18873578441	672960	15	8	671487	12310815	2132759	10178056	1812669271	386243
18874117821	672960	19	8	671487	12311162	2132807	10178355	1812687093	386243
18874569408	672960	16	8	671487	12311505	2132853	10178652	1812704869	386243
18875118646	672960	16	8	671487	12311857	2132900	10178957	1812722998	386243
18875638108	672960	16	8	671487	12312187	2132937	10179250	1812739908	386243
18876184193	672960	17	8	671487	12312534	2132980	10179554	1812757857	386243
18876695644	672960	17	8	671487	12312878	2133022	10179856	1812775423	386243
18877059883	672960	15	8	671487	12313206	2133075	10180131	1812792565	386243
18877495669	672960	18	8	671487	12313557	2133138	10180419	1812810815	386243
18878124171	672960	17	8	671487	12313909	2133188	10180721	1812828981	386243
18878583696	672960	14	8	671487	12314234	2133223	10181011	1812845730	386243
18878953411	672960	16	8	671487	12314575	2133271	10181304	1812863253	386243
18879497461	672960	19	8	671487	12314926	2133314	10181612	1812881319	386243
18880432541	672960	16	8	671487	12315278	2133362	10181916	1812899326	386243
18880898905	672960	18	8	671487	12315637	2133419	10182218	1812917917	386243
18881360182	672960	16	8	671487	12315971	2133472	10182499	1812935239	386243
18882213021	672960	17	8	671487	12316338	2133519	10182819	1812954048	386243
18882786536	672960	16	8	671487	12316691	2133563	10183128	1812971946	386243
18883291151	672960	18	8	671487	12317038	2133613	10183425	1812989895	386243
18883811795	672960	19	8	671487	12317383	2133661	10183722	1813007747	386243
18884420816	672960	15	8	671487	12317748	2133716	10184032	1813026483	386243
18885062033	672960	16	8	671487	12318098	2133769	10184329	1813044512	386243
18885719222	672961	22	8	671488	12318461	2133812	10184649	1813063124	386242
18886344606	672961	19	8	671488	12318818	2133862	10184956	1813081364	386242
18886908602	672961	14	8	671488	12319146	2133896	10185250	1813098066	386242
18887531272	672961	19	8	671488	12319505	2133946	10185559	1813116487	386242
18887962755	672961	16	8	671488	12319849	2133996	10185853	1813134380	386242
18888457617	672961	18	8	671488	12320186	2134031	10186155	1813151650	386242
18889094772	672961	18	8	671488	12320512	2134074	10186438	1813168406	386242
18889916021	672961	18	8	671488	12320858	2134121	10186737	1813186275	386242
18890511921	672961	19	8	671488	12321207	2134160	10187047	1813204053	386242
18891026847	672961	15	8	671488	12321557	2134212	10187345	1813222041	386242
18891592361	672961	17	8	671488	12321892	2134255	10187637	1813239243	386242
18892264653	672961	19	8	671488	12322260	2134312	10187948	1813258190	386242
18892620315	672961	15	8	671488	12322584	2134360	10188224	1813275006	386242
18893078389	672961	17	8	671488	12322929	2134410	10188519	1813292697	386242
18893592124	672961	20	8	671488	12323276	2134458	10188818	1813310607	386242
18894179742	672961	17	8	671488	12323620	2134510	10189110	1813328398	386242
18894810923	672961	14	8	671488	12323963	2134556	10189407	1813346044	386242
18895174412	672961	16	8	671488	12324306	2134617	10189689	1813363904	386242
18895678420	672961	19	8	671488	12324668	2134667	10190001	1813382621	386242
18896349958	672961	16	8	671488	12325007	2134721	10190286	1813400152	386242
18896911689	672961	19	8	671488	12325343	2134766	10190577	1813417611	386242
18897515646	672961	18	8	671488	12325697	2134825	10190872	1813435886	386242
18898058714	672961	15	8	671488	12326038	2134871	10191167	1813453588	386242
18898904030	672961	14	8	671488	12326382	2134913	10191469	1813471191	386242
18899386810	672961	19	8	671488	12326742	2134966	10191776	1813489589	386242
18899884399	672961	17	8	671488	12327083	2135008	10192075	1813507154	386242
18900466290	672961	14	8	671488	12327431	2135064	10192367	1813525216	386242
18900958201	672961	16	8	671488	12327781	2135121	10192660	1813543291	386242
18901527005	672961	18	8	671488	12328116	2135157	10192959	1813560505	386242
18902071557	672961	18	8	671488	12328463	2135209	10193254	1813578448	386242
18902541846	672961	16	8	671488	12328790	2135254	10193536	1813595374	386242
18903043490	672961	17	8	671488	12329144	2135303	10193841	1813613502	386242
18903701672	672961	17	8	671488	12329500	2135358	10194142	1813632041	386242
18904013222	672961	16	8	671488	12329820	2135395	10194425	1813648385	386242
18904687699	672961	19	8	671488	12330187	2135452	10194735	1813667321	386242
18905303084	672961	17	8	671488	12330548	2135507	10195041	1813686026	386242
18905806723	672961	14	8	671488	12330877	2135556	10195321	1813703106	386242
18906473855	672961	18	8	671488	12331229	2135605	10195624	1813720999	386242
18906970615	672961	22	8	671488	12331583	2135657	10195926	1813739467	386242
18907473606	672961	15	8	671488	12331919	2135705	10196214	1813756866	386242
18908170190	672961	14	8	671488	12332257	2135745	10196512	1813773939	386242
18908556346	672961	19	8	671488	12332628	2135801	10196827	1813793035	386242
18909109559	672961	16	8	671488	12332971	2135844	10197127	1813810500	386242
18909608845	672961	16	8	671488	12333310	2135900	10197410	1813828127	386242
18910004673	672961	21	8	671488	12333661	2135956	10197705	1813846279	386242
18910325156	672961	19	8	671488	12334007	2136005	10198002	1813864191	386242
18911038867	672961	12	8	671488	12334322	2136050	10198272	1813880560	386242
18911567064	672961	21	8	671488	12334668	2136095	10198573	1813898357	386242
18912090183	672961	19	8	671488	12335004	2136141	10198863	1813915690	386242
18912728274	672961	15	8	671488	12335348	2136178	10199170	1813933274	386242
18913215249	672961	13	8	671488	12335674	2136222	10199452	1813950067	386242
18913724104	672961	16	8	671488	12336044	2136273	10199771	1813968961	386242
18914134899	672961	19	8	671488	12336411	2136332	10200079	1813987926	386242
18914591413	672961	17	8	671488	12336748	2136390	10200358	1814005537	386242
18915174215	672961	16	8	671488	12337103	2136445	10200658	1814023840	386242
18915672250	672961	17	8	671488	12337437	2136484	10200953	1814041059	386242
18916231565	672961	16	8	671488	12337788	2136538	10201250	1814059223	386242
18916730903	672961	17	8	671488	12338118	2136577	10201541	1814076203	386242
18917455747	672961	18	8	671488	12338467	2136620	10201847	1814094117	386242
18918004318	672961	17	8	671488	12338792	2136656	10202136	1814110907	386242
18918514736	672961	17	8	671488	12339136	2136709	10202427	1814128772	386242
18919113549	672961	18	8	671488	12339473	2136754	10202719	1814146114	386242
18919618885	672961	17	8	671488	12339793	2136789	10203004	1814162668	386242
18919929351	672961	18	8	671488	12340123	2136835	10203288	1814179834	386242
18920519752	672961	17	8	671488	12340457	2136880	10203577	1814197142	386242
18921151465	672961	18	8	671488	12340808	2136929	10203879	1814215107	386242
18921599945	672961	19	8	671488	12341139	2136974	10204165	1814232272	386242
18922238167	672961	15	8	671488	12341494	2137018	10204476	1814250416	386242
18922709987	672961	17	8	671488	12341836	2137067	10204769	1814268128	386242
18923253551	672961	18	8	671488	12342184	2137106	10205078	1814285860	386242
18923669749	672961	16	8	671488	12342513	2137136	10205377	1814302615	386242
18924102916	672961	17	8	671488	12342841	2137181	10205660	1814319557	386242
18924684333	672961	19	8	671488	12343186	2137231	10205955	1814337362	386242
18925049424	672961	16	8	671488	12343524	2137276	10206248	1814354773	386242
18925652791	672961	16	8	671488	12343876	2137326	10206550	1814372821	386242
18926091762	672961	17	8	671488	12344208	2137361	10206847	1814389817	386242
18926695162	672961	20	8	671488	12344556	2137402	10207154	1814407649	386242
18927327270	672961	14	8	671488	12344893	2137458	10207435	1814425213	386242
18927847779	672961	13	8	671488	12345240	2137513	10207727	1814443262	386242
18928317175	672961	18	8	671488	12345606	2137569	10208037	1814462168	386242
18929013574	672961	18	8	671488	12345955	2137620	10208335	1814480275	386242
18929589413	672961	18	8	671488	12346293	2137669	10208624	1814497642	386242
18930427172	672961	15	8	671488	12346643	2137722	10208921	1814515728	386242
18930898017	672961	17	8	671488	12346971	2137769	10209202	1814532896	386242
18931484488	672961	16	8	671488	12347304	2137815	10209489	1814550116	386242
18931975131	672961	19	8	671488	12347641	2137857	10209784	1814567394	386242
18932518144	672961	18	8	671488	12347975	2137903	10210072	1814584656	386242
18933004975	672961	16	8	671488	12348321	2137949	10210372	1814602475	386242
18933602085	672961	15	8	671488	12348659	2137998	10210661	1814619913	386242
18934049303	672961	20	8	671488	12349011	2138046	10210965	1814638065	386242
18934656537	672961	15	8	671488	12349362	2138104	10211258	1814656292	386242
18935027711	672961	13	8	671488	12349687	2138151	10211536	1814673216	386242
18935640793	672961	16	8	671488	12350034	2138203	10211831	1814691193	386242
18936240533	672961	17	8	671488	12350384	2138253	10212131	1814709246	386242
18936946568	672961	15	8	671488	12350723	2138293	10212430	1814726662	386242
18937458721	672961	19	8	671488	12351072	2138338	10212734	1814744573	386242
18938020732	672961	19	8	671488	12351407	2138386	10213021	1814761913	386242
18938383804	672961	17	8	671488	12351738	2138432	10213306	1814779256	386242
18938936954	672961	17	8	671488	12352089	2138488	10213601	1814797521	386242
18939305448	672961	17	8	671488	12352427	2138530	10213897	1814814716	386242
18940064034	672961	18	8	671488	12352760	2138568	10214192	1814831863	386242
18940756540	672961	17	8	671488	12353112	2138617	10214495	1814849963	386242
18941222936	672961	18	8	671488	12353445	2138660	10214785	1814866995	386242
18941671759	672961	18	8	671488	12353787	2138706	10215081	1814884732	386242
18942242967	672961	19	8	671488	12354134	2138752	10215382	1814902635	386242
18942793126	672961	17	8	671488	12354467	2138803	10215664	1814919796	386242
18943234526	672961	19	8	671488	12354802	2138851	10215951	1814937186	386242
18943786331	672961	15	8	671488	12355176	2138911	10216265	1814956467	386242
18944333677	672961	15	8	671488	12355511	2138954	10216557	1814973707	386242
18944787860	672961	21	8	671488	12355857	2139012	10216845	1814991842	386242
18945488711	672961	19	8	671488	12356209	2139063	10217146	1815009837	386242
18945967873	672961	16	8	671488	12356522	2139101	10217421	1815026132	386242
18946709915	672961	17	8	671488	12356878	2139149	10217729	1815044391	386242
18947298557	672961	20	8	671488	12357231	2139200	10218031	1815062575	386242
18947845375	672961	18	8	671488	12357578	2139262	10218316	1815080782	386242
18948257157	672961	18	8	671488	12357916	2139314	10218602	1815098110	386242
18948792380	672961	18	8	671488	12358265	2139363	10218902	1815116194	386242
18949411410	672961	13	8	671488	12358608	2139414	10219194	1815134011	386242
18949908259	672961	16	8	671488	12358934	2139461	10219473	1815150821	386242
18950275652	672961	20	8	671488	12359278	2139501	10219777	1815168373	386242
18950929940	672961	19	8	671488	12359623	2139548	10220075	1815186320	386242
18951494304	672961	13	8	671488	12359962	2139591	10220371	1815203704	386242
18952061479	672961	17	8	671488	12360306	2139636	10220670	1815221461	386242
18952563926	672961	17	8	671488	12360662	2139691	10220971	1815239869	386242
18953176803	672961	17	8	671488	12360986	2139733	10221253	1815256670	386242
18953796973	672961	15	8	671488	12361325	2139787	10221538	1815274085	386242
18954170759	672961	19	8	671488	12361660	2139837	10221823	1815291426	386242
18954600227	672961	18	8	671488	12361989	2139885	10222104	1815308363	386242
18955148099	672961	16	8	671488	12362296	2139919	10222377	1815324184	386242
18955805499	672961	19	8	671488	12362604	2139960	10222644	1815340112	386242
18956524364	672961	19	8	671488	12362939	2140010	10222929	1815357228	386242
18957272675	672961	17	8	671488	12363282	2140057	10223225	1815374956	386242
18957764455	672961	14	8	671488	12363597	2140106	10223491	1815391301	386242
18958132372	672961	20	8	671488	12363941	2140155	10223786	1815408846	386242
18958681219	672961	19	8	671488	12364260	2140209	10224051	1815425554	386242
18959295248	672961	13	8	671488	12364599	2140271	10224328	1815443264	386242
18959936165	672961	14	8	671488	12364903	2140308	10224595	1815458982	386242
18960465906	672961	18	8	671488	12365250	2140361	10224889	1815476795	386242
18961101488	672961	16	8	671488	12365565	2140403	10225162	1815493211	386242
18961646318	672961	15	8	671488	12365893	2140452	10225441	1815509967	386242
18962106837	672961	19	8	671488	12366214	2140495	10225719	1815526587	386242
18962939551	672961	17	8	671488	12366562	2140545	10226017	1815544539	386242
18963523307	672961	14	8	671488	12366861	2140579	10226282	1815559862	386242
18963936687	672961	18	8	671488	12367171	2140621	10226550	1815575904	386242
18964730370	672961	18	8	671488	12367520	2140675	10226845	1815593935	386242
18965477421	672961	14	8	671488	12367824	2140712	10227112	1815609660	386242
18965772962	672961	15	8	671488	12368121	2140744	10227377	1815624881	386242
18966244272	672961	21	8	671488	12368445	2140788	10227657	1815641604	386242
18966680279	672961	18	8	671488	12368786	2140837	10227949	1815659162	386242
18967370654	672961	16	8	671488	12369106	2140882	10228224	1815675463	386242
18967948592	672961	17	8	671488	12369423	2140925	10228498	1815691970	386242
18968560474	672961	16	8	671488	12369760	2140971	10228789	1815709420	386242
18969034145	672961	17	8	671488	12370077	2141005	10229072	1815725546	386242
18969622554	672961	16	8	671488	12370379	2141037	10229342	1815741116	386242
18970086977	672961	16	8	671488	12370708	2141084	10229624	1815758065	386242
18970772021	672961	15	8	671488	12371042	2141127	10229915	1815775241	386242
18971313673	672961	14	8	671488	12371356	2141169	10230187	1815791362	386242
18971817108	672961	20	8	671488	12371687	2141213	10230474	1815808400	386242
18972334091	672961	19	8	671488	12372003	2141251	10230752	1815824614	386242
18972852633	672961	16	8	671488	12372339	2141297	10231042	1815841755	386242
18973312443	672961	15	8	671488	12372658	2141340	10231318	1815858256	386242
18974092512	672961	16	8	671488	12373021	2141404	10231617	1815876963	386242
18974786261	672961	16	8	671488	12373359	2141457	10231902	1815894546	386242
18975133648	672961	18	8	671488	12373673	2141501	10232172	1815910759	386242
18975647198	672961	18	8	671488	12373994	2141545	10232449	1815927205	386242
18976100114	672961	17	8	671488	12374297	2141581	10232716	1815942946	386242
18976508202	672961	18	8	671488	12374612	2141632	10232980	1815959329	386242
18977414279	672961	16	8	671488	12374957	2141684	10233273	1815977052	386242
18977747726	672961	14	8	671488	12375251	2141716	10233535	1815992209	386242
18978026034	672961	15	8	671488	12375586	2141768	10233818	1816009392	386242
18978449910	672961	17	8	671488	12375916	2141815	10234101	1816026372	386242
18978953769	672961	14	8	671488	12376220	2141853	10234367	1816042102	386242
18979669733	672961	17	8	671488	12376543	2141900	10234643	1816058990	386242
18980071890	672961	16	8	671488	12376867	2141945	10234922	1816075733	386242
18980542542	672961	16	8	671488	12377166	2141985	10235181	1816091182	386242
18981173042	672963	15	8	671490	12377484	2142030	10235454	1816107515	386240
18981736567	672963	20	8	671490	12377811	2142076	10235735	1816124337	386240
18982270746	672963	17	8	671490	12378128	2142126	10236002	1816140764	386240
18982912961	672963	16	8	671490	12378445	2142169	10236276	1816157272	386240
18983556860	672963	16	8	671490	12378763	2142217	10236546	1816173807	386240
18984218142	672963	15	8	671490	12379090	2142259	10236831	1816190710	386240
18984655422	672963	17	8	671490	12379428	2142314	10237114	1816208204	386240
18985138480	672963	15	8	671490	12379740	2142355	10237385	1816224271	386240
18985704595	672963	14	8	671490	12380068	2142407	10237661	1816241206	386240
18986273220	672963	19	8	671490	12380406	2142455	10237951	1816258631	386240
18986916427	672963	14	8	671490	12380726	2142497	10238229	1816275201	386240
18987142128	672963	18	8	671490	12381014	2142529	10238485	1816290073	386240
18987676178	672963	18	8	671490	12381324	2142568	10238756	1816306158	386240
18988072412	672963	14	8	671490	12381631	2142610	10239021	1816322102	386240
18988576982	672963	13	8	671490	12381941	2142659	10239282	1816338220	386240
18989181516	672963	18	8	671490	12382264	2142710	10239554	1816355009	386240
18989973243	672963	18	8	671490	12382590	2142752	10239838	1816371778	386240
18990368311	672963	13	8	671490	12382893	2142793	10240100	1816387617	386240
18990784258	672963	13	8	671490	12383199	2142828	10240371	1816403280	386240
18991344454	672963	19	8	671490	12383532	2142874	10240658	1816420515	386240
18991801409	672963	17	8	671490	12383835	2142920	10240915	1816436311	386240
18992426800	672963	16	8	671490	12384167	2142972	10241195	1816453375	386240
18992966909	672963	17	8	671490	12384477	2143008	10241469	1816469256	386240
18993532771	672963	17	8	671490	12384816	2143061	10241755	1816486921	386240
18994098765	672963	19	8	671490	12385149	2143113	10242036	1816504137	386240
18994701727	672963	16	8	671490	12385466	2143153	10242313	1816520501	386240
18995444384	672963	16	8	671490	12385793	2143199	10242594	1816537336	386240
18995919837	672963	16	8	671490	12386135	2143260	10242875	1816554975	386240
18996422712	672963	20	8	671490	12386480	2143316	10243164	1816572895	386240
18996765191	672963	16	8	671490	12386788	2143358	10243430	1816588754	386240
18997293728	672963	13	8	671490	12387103	2143403	10243700	1816604970	386240
18997805085	672963	18	8	671490	12387442	2143456	10243986	1816622485	386240
18998340035	672963	17	8	671490	12387784	2143506	10244278	1816640132	386240
18998838567	672963	18	8	671490	12388099	2143553	10244546	1816656502	386240
18999322242	672963	17	8	671490	12388412	2143597	10244815	1816672574	386240
18999802977	672963	17	8	671490	12388728	2143637	10245091	1816688906	386240
19000291213	672963	14	8	671490	12389062	2143691	10245371	1816706150	386240
19000752613	672963	18	8	671490	12389397	2143742	10245655	1816723448	386240
19001315852	672963	19	8	671490	12389705	2143781	10245924	1816739439	386240
19001709363	672963	19	8	671490	12390036	2143829	10246207	1816756399	386240
19002198901	672963	15	8	671490	12390348	2143874	10246474	1816772593	386240
19002711267	672963	16	8	671490	12390679	2143928	10246751	1816789650	386240
19003199398	672963	20	8	671490	12391015	2143978	10247037	1816807170	386240
19003733069	672963	17	8	671490	12391330	2144024	10247306	1816823428	386240
19004220019	672963	16	8	671490	12391617	2144059	10247558	1816838230	386240
19004608196	672963	18	8	671490	12391942	2144110	10247832	1816855154	386240
19005153230	672963	14	8	671490	12392270	2144165	10248105	1816872155	386240
19005647775	672963	12	8	671490	12392553	2144204	10248349	1816886854	386240
19006141889	672963	19	8	671490	12392850	2144237	10248613	1816901976	386240
19006735869	672963	18	8	671490	12393159	2144276	10248883	1816917964	386240
19007093641	672963	13	8	671490	12393438	2144321	10249117	1816932611	386240
19007689023	672963	19	8	671490	12393748	2144357	10249391	1816948422	386240
19008034099	672963	16	8	671490	12394045	2144392	10249653	1816963763	386240
19008551569	672963	16	8	671490	12394340	2144433	10249907	1816978997	386240
19008966899	672963	19	8	671490	12394644	2144477	10250167	1816994591	386240
19009337438	672963	16	8	671490	12394942	2144520	10250422	1817010139	386240
19009698152	672964	15	8	671491	12395255	2144572	10250683	1817026322	386239
19010155635	672964	13	8	671491	12395551	2144616	10250935	1817041758	386239
19010803934	672964	18	8	671491	12395884	2144671	10251213	1817058836	386239
19011508971	672964	20	8	671491	12396197	2144707	10251490	1817074844	386239
19011916654	672964	14	8	671491	12396501	2144755	10251746	1817090575	386239
19012552585	672964	16	8	671491	12396821	2144800	10252021	1817106981	386239
19012860013	672964	15	8	671491	12397131	2144845	10252286	1817122950	386239
19013313096	672964	14	8	671491	12397423	2144883	10252540	1817138012	386239
19013866194	672964	17	8	671491	12397730	2144926	10252804	1817153866	386239
19014335403	672964	15	8	671491	12398047	2144977	10253070	1817170234	386239
19014878178	672964	15	8	671491	12398346	2145021	10253325	1817185596	386239
19015452928	672964	16	8	671491	12398649	2145061	10253588	1817201320	386239
19015801374	672964	16	8	671491	12398946	2145102	10253844	1817216483	386239
19016165582	672964	17	8	671491	12399240	2145140	10254100	1817231750	386239
19016829455	672964	17	8	671491	12399542	2145185	10254357	1817247281	386239
19017361408	672964	17	8	671491	12399853	2145226	10254627	1817263329	386239
19017826140	672964	16	8	671491	12400143	2145266	10254877	1817278274	386239
19018330311	672964	18	8	671491	12400450	2145304	10255146	1817294053	386239
19018748013	672964	15	8	671491	12400757	2145353	10255404	1817310040	386239
19019236830	672964	16	8	671491	12401072	2145408	10255664	1817326373	386239
19019837442	672964	19	8	671491	12401381	2145456	10255925	1817342254	386239
19020344866	672964	14	8	671491	12401685	2145491	10256194	1817357884	386239
19020768836	672964	13	8	671491	12401973	2145534	10256439	1817372747	386239
19021322544	672964	20	8	671491	12402272	2145575	10256697	1817388156	386239
19021705465	672964	18	8	671491	12402587	2145620	10256967	1817404443	386239
19022274950	672964	14	8	671491	12402874	2145657	10257217	1817419164	386239
19022803727	672964	19	8	671491	12403168	2145691	10257477	1817434208	386239
19023385342	672964	17	8	671491	12403488	2145734	10257754	1817450913	386239
19023787298	672964	12	8	671491	12403762	2145763	10257999	1817465028	386239
19024538474	672964	18	8	671491	12404070	2145799	10258271	1817480792	386239
19025059268	672964	18	8	671491	12404390	2145840	10258550	1817497251	386239
19025513369	672964	15	8	671491	12404680	2145877	10258803	1817512223	386239
19025844037	672964	16	8	671491	12404967	2145911	10259056	1817526860	386239
19026422077	672964	19	8	671491	12405292	2145959	10259333	1817543670	386239
19026757747	672964	17	8	671491	12405592	2146007	10259585	1817559258	386239
19027272309	672964	17	8	671491	12405883	2146044	10259839	1817574228	386239
19027686150	672964	17	8	671491	12406195	2146084	10260111	1817590261	386239
19028257757	672964	16	8	671491	12406496	2146123	10260373	1817605757	386239
19028773985	672964	16	8	671491	12406786	2146159	10260627	1817620722	386239
19029248337	672964	19	8	671491	12407092	2146201	10260891	1817636545	386239
19029511179	672964	18	8	671491	12407379	2146246	10261133	1817651493	386239
19029930821	672964	15	8	671491	12407665	2146285	10261380	1817666236	386239
19030454912	672964	16	8	671491	12407966	2146325	10261641	1817681811	386239
19030974594	672964	17	8	671491	12408284	2146368	10261916	1817698056	386239
19031661340	672964	17	8	671491	12408578	2146412	10262166	1817713431	386239
19032136542	672964	16	8	671491	12408866	2146451	10262415	1817728207	386239
19032600207	672964	17	8	671491	12409172	2146498	10262674	1817744151	386239
19033201917	672964	14	8	671491	12409485	2146550	10262935	1817760466	386239
19033490913	672964	13	8	671491	12409773	2146584	10263189	1817775303	386239
19034002513	672964	20	8	671491	12410076	2146636	10263440	1817790999	386239
19034637024	672964	21	8	671491	12410402	2146675	10263727	1817807621	386239
19035131427	672964	13	8	671491	12410690	2146718	10263972	1817822689	386239
19035717983	672964	15	8	671491	12410994	2146751	10264243	1817838168	386239
19036326301	672964	17	8	671491	12411306	2146792	10264514	1817854134	386239
19036946145	672964	18	8	671491	12411617	2146836	10264781	1817870047	386239
19037383153	672964	14	8	671491	12411902	2146877	10265025	1817884769	386239
19037851021	672964	17	8	671491	12412206	2146915	10265291	1817900367	386239
19038351225	672964	14	8	671491	12412522	2146959	10265563	1817916657	386239
19039004434	672964	14	8	671491	12412804	2146986	10265818	1817931151	386239
19039420135	672964	19	8	671491	12413098	2147019	10266079	1817946127	386239
19039903123	672964	17	8	671491	12413429	2147079	10266350	1817963333	386239
19040437041	672964	12	8	671491	12413729	2147122	10266607	1817978823	386239
19040957936	672964	15	8	671491	12414020	2147159	10266861	1817993755	386239
19041202654	672964	19	8	671491	12414330	2147208	10267122	1818009775	386239
19041535030	672964	15	8	671491	12414622	2147247	10267375	1818024887	386239
19041973267	672964	16	8	671491	12414917	2147290	10267627	1818040096	386239
19042602490	672964	15	8	671491	12415222	2147324	10267898	1818055743	386239
19043218377	672964	16	8	671491	12415552	2147367	10268185	1818072534	386239
19043655038	672964	16	8	671491	12415847	2147411	10268436	1818087671	386239
19044149606	672964	18	8	671491	12416162	2147468	10268694	1818104181	386239
19044759529	672964	17	8	671491	12416471	2147511	10268960	1818120098	386239
19045280252	672964	16	8	671491	12416776	2147551	10269225	1818135774	386239
19045774129	672964	15	8	671491	12417080	2147598	10269482	1818151600	386239
19046447356	672964	14	8	671491	12417385	2147639	10269746	1818167310	386239
19046859836	672964	18	8	671491	12417672	2147677	10269995	1818182177	386239
19047282311	672964	19	8	671491	12417983	2147718	10270265	1818198185	386239
19047716942	672964	16	8	671491	12418295	2147766	10270529	1818214270	386239
19048324809	672964	15	8	671491	12418600	2147811	10270789	1818230062	386239
19048786372	672964	19	8	671491	12418918	2147866	10271052	1818246665	386239
19049466275	672964	18	8	671491	12419222	2147909	10271313	1818262392	386239
19049944240	672964	13	8	671491	12419501	2147949	10271552	1818277049	386239
19050299341	672964	17	8	671491	12419809	2147994	10271815	1818292849	386239
19050771443	672964	15	8	671491	12420117	2148038	10272079	1818308821	386239
19051111259	672964	15	8	671491	12420413	2148079	10272334	1818324081	386239
19051537831	672964	20	8	671491	12420716	2148119	10272597	1818339636	386239
19051929393	672964	18	8	671491	12421024	2148166	10272858	1818355618	386239
19052509068	672964	14	8	671491	12421312	2148204	10273108	1818370572	386239
19053095864	672964	15	8	671491	12421610	2148246	10273364	1818385953	386239
19053588594	672964	21	8	671491	12421912	2148283	10273629	1818401648	386239
19053971766	672964	17	8	671491	12422211	2148333	10273878	1818417106	386239
19054480601	672964	16	8	671491	12422490	2148358	10274132	1818431257	386239
19054890889	672964	16	8	671491	12422776	2148402	10274374	1818446244	386239
19055592840	672964	16	8	671491	12423110	2148445	10274665	1818463336	386239
19056155441	672964	14	8	671491	12423408	2148493	10274915	1818478898	386239
19056523022	672964	20	8	671491	12423705	2148532	10275173	1818494139	386239
19056870218	672964	14	8	671491	12424009	2148581	10275428	1818509937	386239
19057209703	672964	14	8	671491	12424328	2148642	10275686	1818526508	386239
19057565128	672964	13	8	671491	12424620	2148678	10275942	1818541633	386239
19058262247	672964	18	8	671491	12424920	2148719	10276201	1818557162	386239
19058819881	672964	19	8	671491	12425232	2148764	10276468	1818573227	386239
19059286530	672964	14	8	671491	12425542	2148810	10276732	1818589168	386239
19059754012	672964	14	8	671491	12425846	2148846	10277000	1818604729	386239
19060331407	672964	16	8	671491	12426155	2148893	10277262	1818620705	386239
19061083755	672964	18	8	671491	12426464	2148935	10277529	1818636541	386239
19061452895	672964	14	8	671491	12426753	2148973	10277780	1818651420	386239
19061840116	672964	18	8	671491	12427066	2149021	10278045	1818667546	386239
19062337088	672964	17	8	671491	12427390	2149068	10278322	1818684255	386239
19062890890	672964	16	8	671491	12427684	2149106	10278578	1818699294	386239
19063242739	672964	19	8	671491	12427980	2149152	10278828	1818714627	386239
19063807851	672964	17	8	671491	12428273	2149181	10279092	1818729602	386239
19064343562	672964	12	8	671491	12428576	2149219	10279357	1818745168	386239
19064863855	672964	15	8	671491	12428888	2149273	10279615	1818761422	386239
19065352147	672964	18	8	671491	12429198	2149318	10279880	1818777436	386239
19065835484	672964	17	8	671491	12429508	2149370	10280138	1818793488	386239
19066290631	672964	16	8	671491	12429803	2149417	10280386	1818808873	386239
19066626328	672964	14	8	671491	12430105	2149461	10280644	1818824533	386239
19067035982	672964	15	8	671491	12430400	2149502	10280898	1818839783	386239
19067619713	672964	16	8	671491	12430684	2149538	10281146	1818854505	386239
19068266016	672964	17	8	671491	12431005	2149586	10281419	1818870893	386239
19068738756	672964	15	8	671491	12431304	2149631	10281673	1818886490	386239
19069164126	672964	14	8	671491	12431594	2149670	10281924	1818901514	386239
19069616538	672964	18	8	671491	12431904	2149709	10282195	1818917333	386239
19070157472	672964	17	8	671491	12432210	2149748	10282462	1818933191	386239
19070542718	672964	14	8	671491	12432510	2149796	10282714	1818948692	386239
19070928294	672964	16	8	671491	12432802	2149829	10282973	1818963822	386239
19071397439	672964	16	8	671491	12433112	2149877	10283235	1818979790	386239
19071830506	672964	13	8	671491	12433405	2149918	10283487	1818995111	386239
19072428292	672964	17	8	671491	12433714	2149972	10283742	1819011167	386239
19072991654	672964	16	8	671491	12434010	2150010	10284000	1819026445	386239
19073377790	672964	14	8	671491	12434302	2150054	10284248	1819041594	386239
19073715674	672964	14	8	671491	12434607	2150100	10284507	1819057366	386239
19074215862	672964	14	8	671491	12434917	2150152	10284765	1819073556	386239
19074722098	672964	15	8	671491	12435238	2150208	10285030	1819090201	386239
19075101667	672964	17	8	671491	12435531	2150243	10285288	1819105242	386239
19075535732	672964	15	8	671491	12435820	2150281	10285539	1819120135	386239
19075955828	672964	14	8	671491	12436121	2150326	10285795	1819135701	386239
19076466476	672964	17	8	671491	12436420	2150361	10286059	1819151076	386239
19077067556	672964	17	8	671491	12436726	2150398	10286328	1819166849	386239
19077550478	672964	18	8	671491	12437027	2150437	10286590	1819182250	386239
19078033377	672964	17	8	671491	12437332	2150475	10286857	1819197815	386239
19078630155	672964	15	8	671491	12437628	2150515	10287113	1819213135	386239
19079101982	672964	16	8	671491	12437940	2150564	10287376	1819229356	386239
19079577829	672964	18	8	671491	12438240	2150605	10287635	1819244797	386239
19080059614	672964	18	8	671491	12438542	2150648	10287894	1819260434	386239
19080433107	672964	18	8	671491	12438834	2150690	10288144	1819275624	386239
19081047330	672964	16	8	671491	12439126	2150730	10288396	1819290750	386239
19081529037	672964	16	8	671491	12439430	2150770	10288660	1819306399	386239
19082056370	672964	17	8	671491	12439741	2150814	10288927	1819322448	386239
19082553042	672964	16	8	671491	12440035	2150861	10289174	1819337755	386239
19082904897	672964	17	8	671491	12440340	2150912	10289428	1819353600	386239
19083202864	672964	17	8	671491	12440640	2150951	10289689	1819369107	386239
19083669937	672964	16	8	671491	12440921	2150985	10289936	1819383494	386239
19084045247	672964	18	8	671491	12441221	2151027	10290194	1819398857	386239
19084690046	672964	19	8	671491	12441518	2151070	10290448	1819414354	386239
19085054394	672964	15	8	671491	12441808	2151113	10290695	1819429403	386239
19085713154	672964	19	8	671491	12442123	2151157	10290966	1819445705	386239
19086293489	672964	16	8	671491	12442427	2151205	10291222	1819461388	386239
19086774853	672964	17	8	671491	12442715	2151242	10291473	1819476323	386239
19087214019	672964	18	8	671491	12443014	2151281	10291733	1819491740	386239
19087694060	672964	15	8	671491	12443323	2151319	10292004	1819507526	386239
19088429343	672964	15	8	671491	12443619	2151362	10292257	1819522952	386239
19088919958	672964	17	8	671491	12443913	2151407	10292506	1819538177	386239
19089452908	672964	15	8	671491	12444237	2151456	10292781	1819554803	386239
19090122346	672964	14	8	671491	12444525	2151494	10293031	1819569723	386239
19090692657	672964	16	8	671491	12444816	2151533	10293283	1819584790	386239
19091160088	672964	17	8	671491	12445128	2151575	10293553	1819600841	386239
19091791175	672964	16	8	671491	12445440	2151615	10293825	1819616854	386239
19092262622	672964	14	8	671491	12445734	2151661	10294073	1819632056	386239
19092668560	672964	18	8	671491	12446042	2151701	10294341	1819647886	386239
19093304583	672964	17	8	671491	12446360	2151751	10294609	1819664194	386239
19093622612	672964	14	8	671491	12446647	2151788	10294859	1819678880	386239
19094154221	672964	15	8	671491	12446953	2151834	10295119	1819694728	386239
19094647995	672964	16	8	671491	12447264	2151879	10295385	1819710894	386239
19095081836	672964	13	8	671491	12447555	2151918	10295637	1819725874	386239
19095668061	672964	17	8	671491	12447858	2151963	10295895	1819741565	386239
19096344887	672964	20	8	671491	12448174	2152013	10296161	1819757888	386239
19096705478	672964	14	8	671491	12448471	2152056	10296415	1819773315	386239
19097010973	672964	13	8	671491	12448742	2152092	10296650	1819787438	386239
19097602811	672964	17	8	671491	12449058	2152135	10296923	1819803722	386239
19098164965	672964	18	8	671491	12449369	2152179	10297190	1819819800	386239
19098769008	672964	17	8	671491	12449666	2152229	10297437	1819835203	386239
19099256739	672964	19	8	671491	12449969	2152274	10297695	1819850833	386239
19099609129	672964	17	8	671491	12450271	2152315	10297956	1819866494	386239
19100013265	672964	15	8	671491	12450553	2152351	10298202	1819881114	386239
19100545047	672964	16	8	671491	12450862	2152397	10298465	1819897133	386239
19101030355	672964	19	8	671491	12451171	2152444	10298727	1819913120	386239
19101336110	672964	14	8	671491	12451452	2152480	10298972	1819927646	386239
19101833622	672964	16	8	671491	12451744	2152517	10299227	1819942774	386239
19102353418	672964	18	8	671491	12452085	2152574	10299511	1819960100	386239
19102761448	672964	18	8	671491	12452393	2152618	10299775	1819976074	386239
19103159450	672964	17	8	671491	12452682	2152654	10300028	1819990859	386239
19103547505	672964	17	8	671491	12452968	2152687	10300281	1820005565	386239
19104286788	672964	16	8	671491	12453267	2152718	10300549	1820020973	386239
19104803965	672964	13	8	671491	12453571	2152767	10300804	1820036756	386239
19105490103	672964	18	8	671491	12453878	2152811	10301067	1820052664	386239
19105990226	672964	17	8	671491	12454188	2152850	10301338	1820068415	386239
19106485632	672964	14	8	671491	12454478	2152888	10301590	1820083414	386239
19107055701	672964	17	8	671491	12454799	2152936	10301863	1820099912	386239
19107558244	672964	15	8	671491	12455101	2152982	10302119	1820115658	386239
19108114677	672964	16	8	671491	12455417	2153024	10302393	1820131901	386239
19108577498	672967	17	8	671494	12455715	2153065	10302650	1820177903	386237
19109025554	672967	16	8	671494	12456002	2153099	10302903	1820192723	386237
19109551395	672968	14	8	671495	12456308	2153140	10303168	1820208573	386236
19110122366	672968	14	8	671495	12456596	2153172	10303424	1820223361	386236
19110840207	672968	19	8	671495	12456925	2153224	10303701	1820240318	386236
19111168699	672968	17	8	671495	12457214	2153261	10303953	1820255231	386236
19111693279	672968	14	8	671495	12457508	2153302	10304206	1820270384	386236
19112251334	672968	18	8	671495	12457840	2153347	10304493	1820287372	386236
19112744536	672968	14	8	671495	12458145	2153391	10304754	1820303166	386236
19113227845	672968	16	8	671495	12458438	2153429	10305009	1820318264	386236
19113873774	672968	18	8	671495	12458741	2153470	10305271	1820333901	386236
19114485438	672968	12	8	671495	12459038	2153510	10305528	1820349236	386236
19114984146	672968	13	8	671495	12459333	2153557	10305776	1820364517	386236
19115599061	672968	16	8	671495	12459637	2153600	10306037	1820380292	386236
19116012978	672968	16	8	671495	12459953	2153638	10306315	1820396387	386236
19116450986	672968	15	8	671495	12460254	2153685	10306569	1820412008	386236
19116873689	672968	17	8	671495	12460554	2153734	10306820	1820427623	386236
19117318162	672968	17	8	671495	12460854	2153773	10307081	1820443104	386236
19117774428	672968	13	8	671495	12461160	2153823	10307337	1820459034	386236
19118268071	672968	16	8	671495	12461457	2153866	10307591	1820474362	386236
19118768426	672968	17	8	671495	12461767	2153903	10307864	1820490286	386236
19119119875	672968	15	8	671495	12462059	2153940	10308119	1820505348	386236
19119605018	672968	14	8	671495	12462351	2153982	10308369	1820520446	386236
19119977420	672968	17	8	671495	12462659	2154026	10308633	1820536388	386236
19120443721	672968	19	8	671495	12462959	2154069	10308890	1820551957	386236
19121046115	672968	16	8	671495	12463261	2154116	10309145	1820567454	386236
19121537853	672968	15	8	671495	12463563	2154155	10309408	1820583016	386236
19122115790	672968	16	8	671495	12463885	2154204	10309681	1820599561	386236
19122789957	672968	17	8	671495	12464200	2154248	10309952	1820615591	386236
19123393120	672968	21	8	671495	12464513	2154293	10310220	1820631844	386236
19123898332	672968	17	8	671495	12464793	2154328	10310465	1820646308	386236
19124427780	672968	18	8	671495	12465095	2154369	10310726	1820661863	386236
19124980768	672968	17	8	671495	12465397	2154409	10310988	1820677460	386236
19125573769	672968	17	8	671495	12465697	2154441	10311256	1820692834	386236
19126110767	672968	20	8	671495	12465999	2154481	10311518	1820708397	386236
19126519136	672968	16	8	671495	12466316	2154534	10311782	1820724757	386236
19126940075	672968	16	8	671495	12466616	2154581	10312035	1820740314	386236
19127408338	672968	17	8	671495	12466913	2154625	10312288	1820755708	386236
19128010540	672968	17	8	671495	12467228	2154663	10312565	1820771790	386236
19128509603	672968	15	8	671495	12467532	2154707	10312825	1820787543	386236
19128919803	672968	14	8	671495	12467829	2154743	10313086	1820802799	386236
19129271288	672968	16	8	671495	12468134	2154790	10313344	1820818574	386236
19129679072	672968	19	8	671495	12468438	2154837	10313601	1820834446	386236
19130168212	672968	17	8	671495	12468731	2154873	10313858	1820849602	386236
19130540265	672968	18	8	671495	12469022	2154913	10314109	1820864580	386236
19131059024	672968	18	8	671495	12469331	2154957	10314374	1820880544	386236
19131516234	672968	14	8	671495	12469650	2155008	10314642	1820896972	386236
19132156216	672968	15	8	671495	12469963	2155056	10314907	1820913190	386236
19132627409	672968	17	8	671495	12470267	2155096	10315171	1820928877	386236
19133147907	672968	16	8	671495	12470572	2155147	10315425	1820944696	386236
19133767215	672968	15	8	671495	12470879	2155187	10315692	1820960303	386236
19134262338	672968	18	8	671495	12471196	2155232	10315964	1820976723	386236
19134586487	672968	15	8	671495	12471509	2155281	10316228	1820992727	386236
19134909360	672968	15	8	671495	12471804	2155326	10316478	1821008071	386236
19135299845	672968	18	8	671495	12472097	2155362	10316735	1821023116	386236
19135896252	672968	15	8	671495	12472408	2155407	10317001	1821039117	386236
19136370694	672968	15	8	671495	12472705	2155451	10317254	1821054565	386236
19136809592	672968	16	8	671495	12473015	2155503	10317512	1821070670	386236
19137475098	672968	18	8	671495	12473333	2155545	10317788	1821086942	386236
19138088910	672968	15	8	671495	12473631	2155588	10318043	1821102374	386236
19138743497	672968	17	8	671495	12473939	2155637	10318302	1821118265	386236
19139199775	672968	19	8	671495	12474254	2155678	10318576	1821134480	386236
19139692490	672968	14	8	671495	12474562	2155728	10318834	1821150431	386236
19139979268	672968	16	8	671495	12474852	2155767	10319085	1821165403	386236
19140359894	672968	20	8	671495	12475165	2155814	10319351	1821181485	386236
19140902745	672968	17	8	671495	12475467	2155850	10319617	1821197109	386236
19141489905	672968	15	8	671495	12475774	2155896	10319878	1821212842	386236
19142122236	672968	18	8	671495	12476106	2155937	10320169	1821229705	386236
19142497958	672968	16	8	671495	12476412	2155983	10320429	1821245615	386236
19142902821	672968	13	8	671495	12476700	2156022	10320678	1821260489	386236
19143358285	672968	17	8	671495	12477002	2156063	10320939	1821275824	386236
19143921841	672968	19	8	671495	12477310	2156105	10321205	1821291764	386236
19144491573	672968	15	8	671495	12477597	2156144	10321453	1821306804	386236
19145063324	672968	14	8	671495	12477886	2156183	10321703	1821321736	386236
19145625071	672968	15	8	671495	12478191	2156227	10321964	1821337467	386236
19146115382	672968	14	8	671495	12478486	2156260	10322226	1821352657	386236
19146759232	672968	17	8	671495	12478793	2156306	10322487	1821368478	386236
19147350506	672968	18	8	671495	12479095	2156342	10322753	1821384074	386236
19147814719	672968	15	8	671495	12479394	2156392	10323002	1821399642	386236
19148172465	672968	15	8	671495	12479699	2156433	10323266	1821415374	386236
19148619008	672968	16	8	671495	12480000	2156471	10323529	1821430752	386236
19149187005	672968	19	8	671495	12480313	2156519	10323794	1821446989	386236
19149610221	672968	15	8	671495	12480606	2156551	10324055	1821461941	386236
19150049683	672968	14	8	671495	12480908	2156596	10324312	1821477523	386236
19150391203	672968	17	8	671495	12481218	2156650	10324568	1821493533	386236
19150827843	672968	17	8	671495	12481521	2156695	10324826	1821509414	386236
19151233433	672970	16	8	671497	12481834	2156744	10325090	1821525600	386234
19151641770	672970	15	8	671497	12482120	2156784	10325336	1821540452	386234
19152142297	672970	18	8	671497	12482418	2156820	10325598	1821555847	386234
19152838294	672970	14	8	671497	12482728	2156860	10325868	1821571678	386234
19153401211	672970	18	8	671497	12483022	2156888	10326134	1821586798	386234
19153909491	672970	17	8	671497	12483319	2156931	10326388	1821602077	386234
19154362209	672970	17	8	671497	12483622	2156966	10326656	1821617582	386234
19154867290	672970	16	8	671497	12483929	2157011	10326918	1821633345	386234
19155387328	672970	13	8	671497	12484242	2157053	10327189	1821649443	386234
19155755966	672970	16	8	671497	12484528	2157098	10327430	1821664396	386234
19156474805	672970	15	8	671497	12484817	2157127	10327690	1821679274	386234
19156777665	672970	14	8	671497	12485099	2157163	10327936	1821693727	386234
19157153923	672970	17	8	671497	12485401	2157212	10328189	1821709467	386234
19157663862	672970	16	8	671497	12485713	2157252	10328461	1821725522	386234
19158237578	672970	16	8	671497	12486014	2157292	10328722	1821740944	386234
19158735132	672970	17	8	671497	12486327	2157346	10328981	1821757080	386234
19159198568	672970	18	8	671497	12486613	2157381	10329232	1821771917	386234
19159866949	672970	15	8	671497	12486926	2157420	10329506	1821787938	386234
19160298762	672970	14	8	671497	12487239	2157465	10329774	1821804001	386234
19160882652	672970	16	8	671497	12487552	2157506	10330046	1821820179	386234
19161277640	672970	17	8	671497	12487840	2157544	10330296	1821834989	386234
19161867797	672970	15	8	671497	12488132	2157583	10330549	1821850026	386234
19162376287	672970	16	8	671497	12488455	2157633	10330822	1821866569	386234
19162910061	672970	17	8	671497	12488756	2157675	10331081	1821882198	386234
19163371414	672970	16	8	671497	12489051	2157708	10331343	1821897305	386234
19163875668	672970	18	8	671497	12489360	2157756	10331604	1821913242	386234
19164149283	672970	15	8	671497	12489663	2157807	10331856	1821928969	386234
19164681265	672970	13	8	671497	12489961	2157846	10332115	1821944375	386234
19165527907	672970	15	8	671497	12490280	2157890	10332390	1821960776	386234
19166015533	672970	18	8	671497	12490585	2157935	10332650	1821976547	386234
19166424354	672970	16	8	671497	12490892	2157981	10332911	1821992455	386234
19166795844	672970	16	8	671497	12491178	2158024	10333154	1822007257	386234
19167563975	672970	16	8	671497	12491485	2158069	10333416	1822023173	386234
19167877179	672970	14	8	671497	12491765	2158103	10333662	1822037629	386234
19168595872	672970	16	8	671497	12492080	2158150	10333930	1822053895	386234
19169083452	672970	18	8	671497	12492395	2158196	10334199	1822070049	386234
19169549621	672970	16	8	671497	12492700	2158229	10334471	1822085657	386234
19169937290	672970	17	8	671497	12493001	2158273	10334728	1822101054	386234
19170759152	672970	16	8	671497	12493317	2158322	10334995	1822117547	386234
19171227229	672970	13	8	671497	12493619	2158367	10335252	1822133185	386234
19171686667	672970	19	8	671497	12493926	2158419	10335507	1822149123	386234
19172191358	672970	19	8	671497	12494231	2158461	10335770	1822164936	386234
19172639855	672970	13	8	671497	12494513	2158501	10336012	1822179598	386234
19173165083	672970	15	8	671497	12494803	2158531	10336272	1822194437	386234
19173716007	672970	15	8	671497	12495124	2158577	10336547	1822210913	386234
19174160504	672970	16	8	671497	12495406	2158614	10336792	1822225636	386234
19174573457	672970	18	8	671497	12495694	2158654	10337040	1822240615	386234
19174889794	672970	17	8	671497	12495987	2158708	10337279	1822255910	386234
19175388382	672972	18	8	671499	12496306	2158747	10337559	1822305262	386233
19175952270	672972	16	8	671499	12496621	2158788	10337833	1822321560	386233
19176387715	672972	13	8	671499	12496911	2158829	10338082	1822336646	386233
19176945658	672972	17	8	671499	12497216	2158878	10338338	1822352415	386233
19177484148	672972	18	8	671499	12497520	2158923	10338597	1822368251	386233
19178168186	672972	13	8	671499	12497818	2158965	10338853	1822383729	386233
19178817053	672972	13	8	671499	12498117	2159004	10339113	1822399010	386233
19179344205	672972	19	8	671499	12498423	2159044	10339379	1822414847	386233
