bytes_written	total_items	curr_connections	threads	cmd_set	cmd_get	get_misses	get_hits	bytes_read
21639884195	4423332	19	8	4837696	17382379	2186683	15195696	2331818190	481776
21640654541	4423453	18	8	4837830	17382909	2186740	15196169	2331853149	481776
21641294708	4423573	13	8	4837962	17383436	2186791	15196645	2331887607	481776
21641958998	4423691	17	8	4838103	17383974	2186837	15197137	2331923295	481776
21642724204	4423811	19	8	4838242	17384504	2186887	15197617	2331958399	481776
21643340161	4423927	18	8	4838364	17385013	2186938	15198075	2331991624	481776
21644101568	4424044	15	8	4838490	17385518	2186984	15198534	2332024894	481776
21644940781	4424166	16	8	4838627	17386064	2187037	15199027	2332060705	481776
21645835389	4424283	19	8	4838752	17386593	2187086	15199507	2332094802	481776
21646692823	4424398	19	8	4838878	17387107	2187136	15199971	2332128821	481776
21647388075	4424516	19	8	4839014	17387647	2187188	15200459	2332164134	481776
21648157785	4424638	19	8	4839149	17388188	2187239	15200949	2332199484	481776
21648731225	4424752	16	8	4839274	17388676	2187283	15201393	2332231826	481776
21649566124	4424874	19	8	4839413	17389205	2187329	15201876	2332266951	481776
21650285194	4424992	18	8	4839550	17389736	2187387	15202349	2332302237	481776
21651015200	4425112	15	8	4839692	17390264	2187444	15202820	2332337446	481776
21651590104	4425225	17	8	4839827	17390793	2187496	15203297	2332372294	481776
21652261175	4425346	16	8	4839971	17391312	2187545	15203767	2332407100	481776
21653039527	4425464	13	8	4840111	17391840	2187592	15204248	2332442016	481776
21653712149	4425581	19	8	4840244	17392353	2187640	15204713	2332476073	481776
21654270466	4425697	18	8	4840376	17392861	2187690	15205171	2332509902	481776
21654845051	4425817	19	8	4840510	17393386	2187747	15205639	2332544724	481776
21655552201	4425938	16	8	4840643	17393918	2187795	15206123	2332579375	481776
21656098021	4426055	17	8	4840773	17394419	2187842	15206577	2332612616	481776
21656900121	4426169	20	8	4840897	17394921	2187887	15207034	2332645658	481776
21657449350	4426293	18	8	4841029	17395459	2187949	15207510	2332680959	481776
21658030372	4426412	13	8	4841150	17395970	2188007	15207963	2332714079	481776
21658700257	4426526	17	8	4841273	17396510	2188065	15208445	2332748894	481776
21659400815	4426644	20	8	4841409	17397041	2188116	15208925	2332783885	481776
21660102638	4426758	18	8	4841530	17397518	2188163	15209355	2332815338	481776
21660671449	4426867	17	8	4841643	17398008	2188218	15209790	2332847160	481776
21661403100	4426981	21	8	4841775	17398511	2188263	15210248	2332880506	481776
21661944031	4427100	14	8	4841904	17399027	2188322	15210705	2332914593	481776
21662656842	4427210	14	8	4842036	17399516	2188371	15211145	2332947272	481776
21663238358	4427316	19	8	4842152	17399981	2188419	15211562	2332978077	481776
21663900783	4427433	16	8	4842288	17400490	2188466	15212024	2333011960	481776
21664540284	4427549	14	8	4842416	17401010	2188521	15212489	2333045928	481776
21665117055	4427658	17	8	4842534	17401491	2188564	15212927	2333077463	481776
21665758327	4427765	22	8	4842649	17401979	2188613	15213366	2333109157	481776
21666291995	4427884	17	8	4842783	17402474	2188654	15213820	2333142265	481776
21667004314	4427998	13	8	4842901	17402950	2188702	15214248	2333173635	481776
21667697685	4428110	16	8	4843024	17403456	2188757	15214699	2333206738	481776
21668301433	4428229	17	8	4843158	17403957	2188793	15215164	2333240013	481776
21669018019	4428337	16	8	4843281	17404424	2188824	15215600	2333271028	481776
21669498197	4428447	16	8	4843405	17404895	2188865	15216030	2333302416	481776
21670093856	4428562	15	8	4843527	17405383	2188913	15216470	2333334510	481776
21670687509	4428679	16	8	4843646	17405888	2188975	15216913	2333367502	481776
21671232904	4428790	14	8	4843762	17406377	2189031	15217346	2333399334	481776
21671801130	4428903	18	8	4843883	17406864	2189084	15217780	2333431567	481776
21672560733	4429015	18	8	4844014	17407363	2189130	15218233	2333464843	481776
21673066761	4429128	15	8	4844141	17407861	2189177	15218684	2333497615	481776
21673574736	4429241	17	8	4844270	17408341	2189219	15219122	2333529648	481776
21674218837	4429356	14	8	4844395	17408847	2189271	15219576	2333562840	481776
21674853106	4429469	15	8	4844512	17409332	2189312	15220020	2333594454	481776
21675642614	4429576	18	8	4844625	17409813	2189356	15220457	2333625686	481776
21676475997	4429693	16	8	4844754	17410342	2189409	15220933	2333660125	481776
21677034895	4429810	11	8	4844882	17410829	2189454	15221375	2333692459	481776
21677790311	4429919	17	8	4844996	17411301	2189500	15221801	2333723394	481776
21678381123	4430034	15	8	4845118	17411814	2189552	15222262	2333756682	481776
21678853269	4430148	17	8	4845241	17412299	2189594	15222705	2333788723	481776
21679620000	4430260	16	8	4845359	17412784	2189650	15223134	2333820582	481776
21680208702	4430369	19	8	4845479	17413261	2189701	15223560	2333852305	481776
21680743502	4430487	16	8	4845606	17413754	2189746	15224008	2333884865	481776
21681621914	4430600	15	8	4845727	17414235	2189788	15224447	2333916577	481776
21682284610	4430711	16	8	4845850	17414729	2189834	15224895	2333948875	481776
21682847799	4430826	16	8	4845972	17415221	2189888	15225333	2333981337	481776
21683407485	4430939	17	8	4846104	17415714	2189931	15225783	2334014165	481776
21684014596	4431051	16	8	4846227	17416212	2189985	15226227	2334046926	481776
21684626329	4431166	16	8	4846352	17416692	2190029	15226663	2334078881	481776
21685294416	4431281	19	8	4846478	17417209	2190082	15227127	2334112668	481776
21685985485	4431394	14	8	4846605	17417695	2190123	15227572	2334144934	481776
21686393796	4431500	18	8	4846719	17418144	2190172	15227972	2334174861	481776
21687156355	4431619	19	8	4846850	17418668	2190221	15228447	2334209302	481776
21687815568	4431737	12	8	4846979	17419180	2190271	15228909	2334242831	481776
21688435949	4431844	14	8	4847102	17419663	2190320	15229343	2334274635	481776
21689091164	4431955	22	8	4847225	17420166	2190382	15229784	2334307746	481776
21689722867	4432071	19	8	4847359	17420672	2190426	15230246	2334353597	481776
21690341873	4432183	13	8	4847477	17421147	2190476	15230671	2334384880	481776
21690971266	4432295	16	8	4847600	17421630	2190526	15231104	2334416883	481776
21691651551	4432410	16	8	4847736	17422141	2190575	15231566	2334450911	481776
21692215212	4432519	19	8	4847864	17422623	2190619	15232004	2334483058	481776
21692899209	4432630	18	8	4847999	17423113	2190667	15232446	2334515975	481776
21693503981	4432746	16	8	4848145	17423624	2190716	15232908	2334550465	481776
21693970353	4432861	15	8	4848279	17424136	2190762	15233374	2334584346	481776
21694554018	4432973	17	8	4848401	17424636	2190821	15233815	2334617017	481776
21695225229	4433085	18	8	4848521	17425121	2190870	15234251	2334649014	481776
21695931312	4433197	15	8	4848640	17425595	2190912	15234683	2334680237	481776
21696395175	4433314	15	8	4848760	17426079	2190958	15235121	2334712108	481776
21697104608	4433426	16	8	4848882	17426563	2191005	15235558	2334744187	481776
21697852794	4433541	19	8	4848999	17427045	2191053	15235992	2334775822	481776
21698747056	4433651	17	8	4849118	17427540	2191105	15236435	2334808171	481776
21699324347	4433763	17	8	4849261	17428059	2191157	15236902	2334842787	481776
21699925458	4433878	17	8	4849389	17428544	2191201	15237343	2334875223	481776
21700606072	4433993	14	8	4849520	17429045	2191246	15237799	2334908377	481776
21701227957	4434104	17	8	4849649	17429525	2191293	15238232	2334940497	481776
21701813057	4434218	17	8	4849766	17430006	2191333	15238673	2334972035	481776
21702532946	4434333	15	8	4849892	17430509	2191385	15239124	2335005107	481776
21703062837	4434445	14	8	4850009	17430981	2191435	15239546	2335036257	481776
21703612337	4434557	18	8	4850128	17431454	2191479	15239975	2335067700	481776
21704314544	4434673	18	8	4850253	17431954	2191538	15240416	2335100709	481776
21705034412	4434782	18	8	4850368	17432426	2191586	15240840	2335131715	481776
21705587505	4434895	23	8	4850490	17432929	2191639	15241290	2335164653	481776
21706276767	4435008	17	8	4850620	17433428	2191688	15241740	2335197759	481776
21706906269	4435118	14	8	4850743	17433894	2191737	15242157	2335228794	481776
21707810078	4435230	20	8	4850864	17434389	2191791	15242598	2335261496	481776
21708405863	4435348	18	8	4850990	17434894	2191837	15243057	2335294550	481776
21709033330	4435458	16	8	4851114	17435356	2191874	15243482	2335325383	481776
21709687370	4435566	16	8	4851241	17435841	2191920	15243921	2335357649	481776
21710398650	4435684	18	8	4851381	17436353	2191962	15244391	2335391937	481776
21711087405	4435798	12	8	4851503	17436825	2192004	15244821	2335423181	481776
21711715387	4435908	14	8	4851619	17437304	2192054	15245250	2335454643	481776
21712370301	4436018	20	8	4851740	17437775	2192092	15245683	2335485947	481776
21713206418	4436135	16	8	4851865	17438286	2192148	15246138	2335519418	481776
21713770071	4436248	15	8	4851988	17438761	2192191	15246570	2335550925	481776
21714469459	4436359	16	8	4852116	17439253	2192238	15247015	2335583490	481776
21715259081	4436471	21	8	4852241	17439763	2192291	15247472	2335617046	481776
21716057868	4436588	15	8	4852383	17440275	2192336	15247939	2335651061	481776
21716697664	4436698	13	8	4852515	17440767	2192388	15248379	2335683891	481776
21717294442	4436811	18	8	4852638	17441279	2192447	15248832	2335717362	481776
21718029843	4436923	19	8	4852769	17441797	2192493	15249304	2335751480	481776
21718678048	4437040	16	8	4852915	17442311	2192541	15249770	2335785946	481776
21719337291	4437148	17	8	4853034	17442798	2192593	15250205	2335817911	481776
21719995386	4437262	18	8	4853157	17443295	2192645	15250650	2335850646	481776
21720760140	4437375	16	8	4853282	17443789	2192689	15251100	2335883156	481776
21721507878	4437488	16	8	4853407	17444292	2192737	15251555	2335916124	481776
21722136586	4437601	17	8	4853539	17444791	2192786	15252005	2335949260	481776
21722854683	4437715	14	8	4853667	17445288	2192827	15252461	2335982079	481776
21723548764	4437825	18	8	4853788	17445771	2192871	15252900	2336013852	481776
21724151776	4437942	14	8	4853922	17446278	2192923	15253355	2336047553	481776
21724807378	4438054	15	8	4854043	17446762	2192971	15253791	2336079562	481776
21725464675	4438167	16	8	4854171	17447260	2193022	15254238	2336112388	481776
21725975739	4438278	17	8	4854293	17447740	2193065	15254675	2336144277	481776
21726673169	4438395	16	8	4854425	17448247	2193114	15255133	2336177822	481776
21727360687	4438506	15	8	4854556	17448714	2193150	15255564	2336209297	481776
21727933232	4438617	18	8	4854680	17449201	2193191	15256010	2336241417	481776
21728404999	4438733	17	8	4854812	17449700	2193248	15256452	2336274749	481776
21729250179	4438845	14	8	4854947	17450204	2193292	15256912	2336308302	481776
21729888990	4438957	17	8	4855073	17450705	2193352	15257353	2336341382	481776
21730470502	4439069	20	8	4855200	17451206	2193409	15257797	2336374717	481776
21731018485	4439186	16	8	4855331	17451696	2193457	15258239	2336407350	481776
21731779014	4439294	18	8	4855449	17452166	2193498	15258668	2336438412	481776
21732431095	4439409	15	8	4855572	17452672	2193556	15259116	2336471563	481776
21732944195	4439522	18	8	4855695	17453153	2193595	15259558	2336503387	481776
21733601113	4439637	15	8	4855822	17453643	2193649	15259994	2336535968	481776
21734158205	4439747	17	8	4855934	17454115	2193701	15260414	2336566963	481776
21734852270	4439862	18	8	4856065	17454615	2193751	15260864	2336600287	481776
21735531959	4439978	13	8	4856194	17455106	2193791	15261315	2336632699	481776
21736276358	4440091	16	8	4856315	17455595	2193835	15261760	2336664814	481776
21736891160	4440198	22	8	4856433	17456073	2193887	15262186	2336696583	481776
21737434389	4440317	17	8	4856572	17456583	2193940	15262643	2336730670	481776
21738070523	4440429	14	8	4856690	17457056	2193987	15263069	2336761842	481776
21738631472	4440539	17	8	4856807	17457521	2194025	15263496	2336792376	481776
21739234824	4440656	16	8	4856934	17458004	2194059	15263945	2336824453	481776
21739805700	4440767	18	8	4857050	17458511	2194118	15264393	2336857410	481776
21740426511	4440879	17	8	4857173	17458987	2194162	15264825	2336888803	481776
21740971603	4440990	17	8	4857294	17459469	2194212	15265257	2336920701	481776
21741534625	4441107	17	8	4857420	17459968	2194260	15265708	2336953558	481776
21742258261	4441219	15	8	4857540	17460441	2194297	15266144	2336984767	481776
21742767574	4441328	18	8	4857655	17460902	2194347	15266555	2337015299	481776
21743453317	4441443	18	8	4857778	17461394	2194389	15267005	2337047691	481776
21744134941	4441561	14	8	4857920	17461917	2194436	15267481	2337082446	481776
21745013396	4441669	16	8	4858042	17462403	2194483	15267920	2337114519	481776
21745701459	4441781	18	8	4858163	17462894	2194534	15268360	2337146931	481776
21746262274	4441896	16	8	4858284	17463381	2194582	15268799	2337179043	481776
21746938364	4442009	15	8	4858406	17463869	2194630	15269239	2337211184	481776
21747629198	4442119	13	8	4858535	17464355	2194672	15269683	2337243493	481776
21748207967	4442234	19	8	4858662	17464869	2194726	15270143	2337277405	481776
21748887319	4442349	16	8	4858804	17465376	2194766	15270610	2337311185	481776
21749688815	4442458	18	8	4858922	17465873	2194821	15271052	2337343603	481776
21750387700	4442569	19	8	4859053	17466345	2194859	15271486	2337375366	481776
21751270175	4442688	16	8	4859190	17466865	2194910	15271955	2337409913	481776
21751975410	4442800	14	8	4859311	17467358	2194970	15272388	2337442382	481776
21752673843	4442910	18	8	4859428	17467843	2195016	15272827	2337474088	481776
21753283213	4443027	16	8	4859555	17468339	2195061	15273278	2337506895	481776
21754185632	4443142	13	8	4859677	17468833	2195105	15273728	2337539209	481776
21754831720	4443253	14	8	4859797	17469319	2195154	15274165	2337571174	481776
21755501832	4443366	19	8	4859918	17469820	2195208	15274612	2337604063	481776
21756119211	4443478	17	8	4860039	17470304	2195249	15275055	2337635792	481776
21756767262	4443589	15	8	4860166	17470786	2195294	15275492	2337667883	481776
21757528464	4443703	18	8	4860289	17471276	2195339	15275937	2337700198	481776
21758057323	4443818	17	8	4860413	17471768	2195379	15276389	2337732399	481776
21758745124	4443929	14	8	4860534	17472241	2195425	15276816	2337763822	481776
21759279690	4444040	19	8	4860656	17472737	2195476	15277261	2337796412	481776
21759901665	4444160	16	8	4860793	17473248	2195520	15277728	2337830363	481776
21760641031	4444270	14	8	4860915	17473736	2195573	15278163	2337862707	481776
21761243453	4444383	14	8	4861042	17474228	2195633	15278595	2337895319	481776
21761868261	4444496	22	8	4861166	17474718	2195674	15279044	2337927827	481776
21762542769	4444610	15	8	4861292	17475210	2195719	15279491	2337960319	481776
21763244913	4444721	14	8	4861412	17475688	2195773	15279915	2337991829	481776
21763899081	4444834	18	8	4861539	17476188	2195824	15280364	2338025117	481776
21764602418	4444951	15	8	4861663	17476681	2195873	15280808	2338057575	481776
21765493427	4445059	16	8	4861777	17477156	2195919	15281237	2338088570	481776
21766049963	4445172	18	8	4861897	17477650	2195975	15281675	2338121042	481776
21767081516	4445289	19	8	4862026	17478166	2196026	15282140	2338154933	481776
21767778010	4445401	11	8	4862143	17478663	2196076	15282587	2338187042	481776
21768559530	4445508	21	8	4862257	17479143	2196122	15283021	2338218386	481776
21769277307	4445626	18	8	4862386	17479652	2196178	15283474	2338251970	481776
21769851288	4445739	13	8	4862506	17480137	2196232	15283905	2338284015	481776
21770753797	4445848	14	8	4862622	17480609	2196276	15284333	2338314970	481776
21771622780	4445965	15	8	4862750	17481109	2196318	15284791	2338348046	481776
21772324548	4446078	18	8	4862874	17481602	2196361	15285241	2338380628	481776
21773169171	4446191	18	8	4862994	17482089	2196409	15285680	2338412530	481776
21773810866	4446303	15	8	4863115	17482576	2196455	15286121	2338444563	481776
21774213235	4446420	20	8	4863244	17483085	2196513	15286572	2338478157	481776
21774718530	4446531	15	8	4863366	17483566	2196561	15287005	2338510049	481776
21775350741	4446643	15	8	4863491	17484043	2196612	15287431	2338541919	481776
21776114813	4446756	18	8	4863611	17484526	2196660	15287866	2338573860	481776
21777045114	4446871	16	8	4863738	17485030	2196718	15288312	2338607123	481776
21777534582	4446983	16	8	4863863	17485509	2196763	15288746	2338639106	481776
21778241326	4447098	18	8	4864005	17486033	2196817	15289216	2338673924	481776
21778798395	4447213	14	8	4864137	17486549	2196874	15289675	2338708015	481776
21779549700	4447324	19	8	4864258	17487053	2196920	15290133	2338740859	481776
21780401002	4447436	17	8	4864383	17487566	2196977	15290589	2338774331	481776
21780998104	4447548	18	8	4864509	17488051	2197025	15291026	2338806490	481776
21781680955	4447660	18	8	4864629	17488543	2197075	15291468	2338838742	481776
21782255688	4447776	17	8	4864754	17489033	2197125	15291908	2338871218	481776
21782806145	4447888	17	8	4864883	17489526	2197171	15292355	2338904090	481776
21783464830	4448003	19	8	4865010	17490024	2197217	15292807	2338936949	481776
21784118454	4448117	15	8	4865127	17490513	2197270	15293243	2338968834	481776
21784843111	4448226	17	8	4865244	17490995	2197329	15293666	2339000595	481776
21785712892	4448340	19	8	4865366	17491502	2197376	15294126	2339033619	481776
21786324086	4448455	17	8	4865493	17492004	2197430	15294574	2339066777	481776
21786914464	4448567	17	8	4865612	17492470	2197481	15294989	2339097887	481776
21787731391	4448677	17	8	4865747	17492980	2197537	15295443	2339131748	481776
21788314705	4448790	19	8	4865867	17493461	2197581	15295880	2339163462	481776
21788974942	4448909	16	8	4866000	17493982	2197629	15296353	2339197517	481776
21789662244	4449019	12	8	4866122	17494463	2197669	15296794	2339229203	481776
21790164787	4449131	19	8	4866245	17494953	2197717	15297236	2339261712	481776
21790861991	4449245	18	8	4866372	17495446	2197753	15297693	2339294137	481776
21791534620	4449356	17	8	4866505	17495916	2197790	15298126	2339325726	481776
21792181631	4449472	16	8	4866632	17496425	2197844	15298581	2339359152	481776
21792831012	4449585	16	8	4866759	17496931	2197895	15299036	2339392536	481776
21793262418	4449697	16	8	4866887	17497415	2197942	15299473	2339424740	481776
21793873364	4449809	16	8	4867006	17497898	2197989	15299909	2339456518	481776
21794423806	4449921	15	8	4867130	17498397	2198048	15300349	2339489413	481776
21795096558	4450037	18	8	4867259	17498901	2198091	15300810	2339522511	481776
21795841486	4450149	13	8	4867398	17499404	2198141	15301263	2339556296	481776
21796484269	4450260	20	8	4867525	17499889	2198188	15301701	2339588787	481776
21797170529	4450378	17	8	4867654	17500379	2198232	15302147	2339621307	481776
21798001536	4450490	12	8	4867771	17500852	2198279	15302573	2339652447	481776
21798748106	4450601	16	8	4867895	17501358	2198334	15303024	2339685716	481776
21799493526	4450716	16	8	4868023	17501863	2198388	15303475	2339719129	481776
21800006724	4450831	16	8	4868150	17502357	2198435	15303922	2339751780	481776
21800457224	4450940	17	8	4868274	17502838	2198492	15304346	2339783921	481776
21801075780	4451055	19	8	4868401	17503339	2198547	15304792	2339816944	481776
21801900446	4451169	17	8	4868533	17503837	2198588	15305249	2339850119	481776
21802477344	4451283	17	8	4868660	17504324	2198631	15305693	2339882546	481776
21803259505	4451398	15	8	4868787	17504830	2198679	15306151	2339915647	481776
21803935581	4451508	21	8	4868907	17505327	2198731	15306596	2339948011	481776
21804540297	4451621	17	8	4869027	17505812	2198787	15307025	2339980081	481776
21805119590	4451733	16	8	4869146	17506304	2198838	15307466	2340012215	481776
21805836205	4451848	16	8	4869275	17506796	2198878	15307918	2340044888	481776
21806385544	4451963	19	8	4869396	17507300	2198934	15308366	2340077879	481776
21806977771	4452072	15	8	4869513	17507773	2198977	15308796	2340108883	481776
21807612176	4452185	16	8	4869635	17508262	2199031	15309231	2340141182	481776
21808142225	4452302	15	8	4869764	17508767	2199077	15309690	2340174554	481776
21808721562	4452415	13	8	4869884	17509247	2199123	15310124	2340206108	481776
21809457380	4452523	21	8	4870008	17509752	2199172	15310580	2340239279	481776
21810148501	4452641	18	8	4870142	17510251	2199216	15311035	2340272402	481776
21810857411	4452750	14	8	4870257	17510722	2199255	15311467	2340303193	481776
21811525469	4452863	19	8	4870379	17511203	2199298	15311905	2340335037	481776
21812230797	4452977	19	8	4870505	17511700	2199349	15312351	2340367925	481776
21812842905	4453088	18	8	4870643	17512187	2199392	15312795	2340400876	481776
21813459109	4453199	14	8	4870761	17512658	2199436	15313222	2340431849	481776
21814019084	4453314	19	8	4870892	17513164	2199487	15313677	2340465490	481776
21814664006	4453433	14	8	4871022	17513675	2199539	15314136	2340499170	481776
21815124873	4453540	15	8	4871136	17514123	2199583	15314540	2340528931	481776
21815697533	4453653	18	8	4871257	17514629	2199633	15314996	2340561887	481776
21816430469	4453765	20	8	4871376	17515115	2199678	15315437	2340593788	481776
21816988473	4453882	12	8	4871504	17515598	2199722	15315876	2340625949	481776
21817763218	4453992	17	8	4871629	17516103	2199767	15316336	2340659022	481776
21818302081	4454109	19	8	4871754	17516602	2199815	15316787	2340691776	481776
21818837420	4454220	15	8	4871878	17517089	2199861	15317228	2340723936	481776
21819444698	4454326	14	8	4871997	17517530	2199895	15317635	2340753351	481776
21820241281	4454431	20	8	4872111	17518013	2199944	15318069	2340784804	481776
21821129804	4454543	18	8	4872226	17518494	2199989	15318505	2340816030	481776
21821580017	4454648	17	8	4872337	17518952	2200045	15318907	2340846093	481776
21822121141	4454747	18	8	4872447	17519394	2200087	15319307	2340875202	481776
21822719063	4454855	19	8	4872570	17519868	2200134	15319734	2340906530	481776
21823415674	4454965	17	8	4872691	17520354	2200180	15320174	2340938513	481776
21824077632	4455069	14	8	4872808	17520819	2200224	15320595	2340968962	481776
21824770196	4455175	18	8	4872922	17521284	2200273	15321011	2340999525	481776
21825331287	4455281	15	8	4873040	17521740	2200315	15321425	2341029773	481776
21825887694	4455389	14	8	4873153	17522183	2200350	15321833	2341058945	481776
21826474166	4455489	15	8	4873262	17522621	2200389	15322232	2341087769	481776
21827154278	4455599	15	8	4873378	17523085	2200440	15322645	2341118508	481776
21827702959	4455706	16	8	4873496	17523559	2200484	15323075	2341149605	481776
21828316716	4455810	12	8	4873608	17524003	2200536	15323467	2341178998	481776
21828917290	4455915	18	8	4873723	17524475	2200587	15323888	2341209986	481776
21829418950	4456025	15	8	4873836	17524927	2200630	15324297	2341239822	481776
21829993060	4456129	12	8	4873948	17525381	2200678	15324703	2341269577	481776
21830770027	4456231	19	8	4874063	17525840	2200722	15325118	2341299770	481776
21831234089	4456338	19	8	4874182	17526306	2200770	15325536	2341330727	481776
21831894964	4456451	14	8	4874298	17526801	2200830	15325971	2341362806	481776
21832723523	4456553	16	8	4874410	17527267	2200880	15326387	2341393215	481776
21833474732	4456654	21	8	4874516	17527723	2200926	15326797	2341422912	481776
21833973838	4456765	18	8	4874641	17528206	2200973	15327233	2341454790	481776
21834604633	4456871	14	8	4874762	17528666	2201028	15327638	2341485331	481776
21835235140	4456977	18	8	4874875	17529118	2201063	15328055	2341515098	481776
21835915155	4457084	16	8	4874992	17529594	2201124	15328470	2341546596	481776
21836532399	4457191	15	8	4875110	17530058	2201173	15328885	2341577260	481776
21837134323	4457294	16	8	4875220	17530513	2201219	15329294	2341606940	481776
21837756203	4457402	15	8	4875337	17530971	2201257	15329714	2341637341	481776
21838298791	4457511	15	8	4875459	17531450	2201308	15330142	2341668978	481776
21838939392	4457616	14	8	4875578	17531906	2201350	15330556	2341699164	481776
21839528780	4457721	19	8	4875687	17532365	2201396	15330969	2341729245	481776
21840118131	4457828	17	8	4875799	17532830	2201445	15331385	2341759531	481776
21840679910	4457935	13	8	4875912	17533273	2201486	15331787	2341788973	481776
21841493636	4458041	18	8	4876023	17533735	2201538	15332197	2341819235	481776
21841989153	4458148	14	8	4876137	17534187	2201578	15332609	2341849063	481776
21842506669	4458257	17	8	4876260	17534653	2201620	15333033	2341880014	481776
21843104620	4458359	19	8	4876374	17535103	2201660	15333443	2341909769	481776
21843687755	4458466	15	8	4876488	17535577	2201715	15333862	2341940646	481776
21844220083	4458570	15	8	4876609	17536036	2201759	15334277	2341971266	481776
21844699943	4458677	18	8	4876731	17536510	2201808	15334702	2342002625	481776
21845161392	4458782	16	8	4876842	17536968	2201855	15335113	2342032573	481776
21845780219	4458889	15	8	4876978	17537446	2201898	15335548	2342064572	481776
21846440770	4458995	15	8	4877103	17537927	2201953	15335974	2342096534	481776
21847025284	4459102	17	8	4877218	17538391	2202000	15336391	2342127080	481776
21847520326	4459210	14	8	4877346	17538865	2202045	15336820	2342158647	481776
21848106425	4459312	17	8	4877464	17539325	2202091	15337234	2342189287	481776
21848837488	4459421	17	8	4877585	17539805	2202136	15337669	2342220767	481776
21849356896	4459521	16	8	4877721	17540268	2202182	15338086	2342252291	481776
21849928961	4459627	13	8	4877835	17540723	2202224	15338499	2342282152	481776
21850587596	4459729	21	8	4877947	17541170	2202259	15338911	2342311578	481776
21851003242	4459839	15	8	4878066	17541629	2202306	15339323	2342341960	481776
21851541623	4459945	17	8	4878191	17542110	2202356	15339754	2342373795	481776
21852152845	4460049	15	8	4878306	17542568	2202398	15340170	2342403878	481776
21852684794	4460157	17	8	4878434	17543037	2202442	15340595	2342435342	481776
21853409174	4460268	16	8	4878560	17543520	2202490	15341030	2342467444	481776
21854048363	4460371	15	8	4878671	17543967	2202532	15341435	2342496851	481776
21854458210	4460476	13	8	4878778	17544396	2202575	15341821	2342525283	481776
21854888597	4460583	19	8	4878896	17544850	2202616	15342234	2342555647	481776
21855318001	4460693	14	8	4879017	17545315	2202662	15342653	2342586423	481776
21856143053	4460792	19	8	4879123	17545768	2202705	15343063	2342615843	481776
21856708445	4460899	17	8	4879242	17546227	2202750	15343477	2342646424	481776
21857426989	4461008	14	8	4879366	17546709	2202792	15343917	2342678182	481776
21857865173	4461113	13	8	4879480	17547154	2202833	15344321	2342707541	481776
21858465413	4461215	16	8	4879590	17547590	2202880	15344710	2342736555	481776
21858887371	4461323	18	8	4879709	17548043	2202922	15345121	2342766760	481775
21859588693	4461429	12	8	4879820	17548509	2202971	15345538	2342797017	481776
21860152827	4461535	11	8	4879935	17548965	2203014	15345951	2342827099	481776
21860884412	4461641	18	8	4880044	17549455	2203073	15346382	2342858696	481776
21861542655	4461743	17	8	4880176	17549930	2203116	15346814	2342890472	481776
21862003584	4461850	15	8	4880294	17550377	2203158	15347219	2342920172	481776
21862528057	4461955	18	8	4880406	17550850	2203216	15347634	2342950980	481776
21863332683	4462061	17	8	4880532	17551339	2203260	15348079	2342983156	481776
21864108118	4462168	20	8	4880653	17551813	2203302	15348511	2343014305	481776
21864838893	4462272	16	8	4880774	17552265	2203343	15348922	2343044604	481776
21865358712	4462377	15	8	4880893	17552728	2203396	15349332	2343075302	481776
21865916166	4462485	16	8	4881011	17553194	2203442	15349752	2343105949	481776
21866531719	4462588	20	8	4881129	17553662	2203483	15350179	2343136860	481776
21867253967	4462697	17	8	4881271	17554157	2203533	15350624	2343170172	481776
21867876997	4462801	14	8	4881379	17554586	2203570	15351016	2343198403	481776
21868593544	4462906	18	8	4881494	17555054	2203620	15351434	2343229249	481776
21869178967	4463018	17	8	4881617	17555544	2203670	15351874	2343261518	481776
21869700927	4463119	18	8	4881732	17555984	2203706	15352278	2343290627	481776
21870284849	4463226	15	8	4881852	17556428	2203740	15352688	2343320250	481776
21871063762	4463331	15	8	4881970	17556893	2203782	15353111	2343350945	481776
21871980810	4463439	14	8	4882085	17557351	2203825	15353526	2343381080	481776
21872485608	4463544	18	8	4882200	17557813	2203872	15353941	2343411564	481776
21873084282	4463647	18	8	4882310	17558270	2203918	15354352	2343441474	481776
21873773000	4463754	19	8	4882429	17558745	2203963	15354782	2343472576	481776
21874528634	4463861	13	8	4882545	17559210	2204010	15355200	2343503066	481776
21875181782	4463967	14	8	4882654	17559665	2204057	15355608	2343532710	481776
21875739594	4464072	20	8	4882767	17560125	2204099	15356026	2343563030	481776
21876469429	4464181	16	8	4882879	17560585	2204142	15356443	2343593082	481776
21877032987	4464283	15	8	4882991	17561019	2204188	15356831	2343621783	481776
21877467017	4464385	18	8	4883102	17561462	2204224	15357238	2343650972	481776
21878123305	4464491	14	8	4883218	17561922	2204267	15357655	2343681293	481776
21878571641	4464588	11	8	4883322	17562344	2204307	15358037	2343708819	481776
21879095314	4464684	18	8	4883423	17562780	2204353	15358427	2343737076	481776
21879628741	4464786	18	8	4883535	17563215	2204387	15358828	2343765812	481776
21880174511	4464884	11	8	4883639	17563633	2204428	15359205	2343793280	481776
21880705673	4464981	19	8	4883742	17564074	2204484	15359590	2343822171	481776
21881181318	4465087	14	8	4883855	17564532	2204534	15359998	2343852164	481776
21881694270	4465183	16	8	4883959	17564948	2204576	15360372	2343879596	481776
21882314516	4465278	17	8	4884061	17565351	2204610	15360741	2343906304	481776
21882884949	4465381	14	8	4884194	17565822	2204649	15361173	2343937720	481776
21883356026	4465483	14	8	4884298	17566247	2204680	15361567	2343965439	481776
21884015565	4465581	13	8	4884398	17566678	2204727	15361951	2343993488	481776
21884549687	4465680	17	8	4884502	17567092	2204766	15362326	2344020852	481776
21885028262	4465782	22	8	4884610	17567538	2204815	15362723	2344050095	481776
21885593372	4465880	13	8	4884714	17567941	2204839	15363102	2344076711	481776
21886115376	4465977	14	8	4884814	17568358	2204892	15363466	2344104207	481776
21886688505	4466077	14	8	4884916	17568785	2204926	15363859	2344131993	481776
21887237189	4466178	14	8	4885028	17569225	2204974	15364251	2344161188	481776
21887814086	4466276	17	8	4885135	17569652	2205011	15364641	2344189292	481776
21888204940	4466377	16	8	4885242	17570064	2205049	15365015	2344216695	481776
21888843355	4466476	14	8	4885344	17570480	2205093	15365387	2344244013	481776
21889415250	4466573	17	8	4885451	17570920	2205136	15365784	2344272804	481776
21890252663	4466674	16	8	4885560	17571357	2205177	15366180	2344301541	481776
21890821323	4466772	18	8	4885664	17571786	2205220	15366566	2344329730	481776
21891467072	4466871	17	8	4885778	17572223	2205271	15366952	2344358761	481776
21892169910	4466972	16	8	4885883	17572665	2205313	15367352	2344387604	481776
21892810084	4467069	16	8	4885983	17573081	2205353	15367728	2344414805	481776
21893253253	4467170	16	8	4886092	17573517	2205401	15368116	2344443670	481776
21893909434	4467273	15	8	4886202	17573974	2205441	15368533	2344473207	481776
21894392005	4467368	16	8	4886301	17574378	2205475	15368903	2344499705	481776
21894915949	4467468	19	8	4886409	17574808	2205520	15369288	2344528054	481776
21895434352	4467572	13	8	4886522	17575247	2205558	15369689	2344557033	481776
21895886690	4467667	12	8	4886625	17575668	2205606	15370062	2344584597	481776
21896404845	4467764	20	8	4886730	17576100	2205646	15370454	2344612896	481776
21897048143	4467868	17	8	4886848	17576556	2205689	15370867	2344643079	481776
21897640248	4467966	12	8	4886947	17576967	2205726	15371241	2344669843	481776
21898124464	4468061	16	8	4887046	17577402	2205778	15371624	2344697965	481776
21898691105	4468167	17	8	4887161	17577864	2205824	15372040	2344751135	481775
21899195058	4468266	12	8	4887271	17578289	2205871	15372418	2344779400	481775
21899730030	4468361	18	8	4887388	17578738	2205921	15372817	2344809177	481775
21900151162	4468466	20	8	4887501	17579194	2205972	15373222	2344839141	481775
21900766205	4468565	15	8	4887604	17579615	2206012	15373603	2344866697	481775
21901384085	4468661	17	8	4887707	17580034	2206051	15373983	2344894125	481775
21902096232	4468760	19	8	4887808	17580464	2206087	15374377	2344922268	481775
21902734390	4468862	17	8	4887921	17580907	2206124	15374783	2344951325	481775
21903236779	4468959	17	8	4888025	17581333	2206170	15375163	2344979130	481775
21904033586	4469060	17	8	4888131	17581785	2206218	15375567	2345008538	481775
21904600556	4469163	14	8	4888242	17582223	2206264	15375959	2345037417	481775
21905110538	4469259	14	8	4888348	17582651	2206312	15376339	2345065661	481775
21905791077	4469359	17	8	4888455	17583107	2206360	15376747	2345095283	481775
21906279960	4469458	17	8	4888557	17583534	2206400	15377134	2345123131	481775
21906996349	4469557	13	8	4888660	17583969	2206446	15377523	2345151370	481775
21907656272	4469655	16	8	4888767	17584410	2206487	15377923	2345180273	481775
21908195048	4469758	17	8	4888877	17584847	2206532	15378315	2345209113	481775
21908774988	4469857	17	8	4888985	17585286	2206575	15378711	2345237932	481775
21909410570	4469953	16	8	4889088	17585707	2206621	15379086	2345265458	481775
21910034940	4470052	15	8	4889192	17586136	2206654	15379482	2345293502	481775
21910640418	4470158	13	8	4889313	17586581	2206688	15379893	2345323071	481775
21911318662	4470255	12	8	4889428	17587039	2206739	15380300	2345353024	481775
21911876997	4470345	19	8	4889523	17587434	2206773	15380661	2345378972	481775
21912324928	4470449	21	8	4889647	17587890	2206824	15381066	2345409637	481775
21912690584	4470550	13	8	4889752	17588318	2206869	15381449	2345437743	481775
21913098785	4470647	15	8	4889856	17588739	2206916	15381823	2345465417	481775
21913484274	4470746	18	8	4889965	17589165	2206960	15382205	2345493836	481775
21913897555	4470849	17	8	4890081	17589613	2207011	15382602	2345523545	481775
21914448497	4470944	15	8	4890182	17590023	2207052	15382971	2345550544	481775
21915041192	4471042	16	8	4890286	17590450	2207095	15383355	2345578604	481775
21915561961	4471146	15	8	4890401	17590889	2207136	15383753	2345607816	481775
21916006082	4471244	15	8	4890507	17591324	2207184	15384140	2345636296	481775
21916418484	4471341	19	8	4890609	17591748	2207231	15384517	2345664078	481775
21916888638	4471442	16	8	4890715	17592176	2207267	15384909	2345692174	481775
21917512878	4471545	11	8	4890825	17592615	2207306	15385309	2345720849	481775
21918317150	4471643	15	8	4890931	17593054	2207350	15385704	2345749546	481775
21919094261	4471743	16	8	4891042	17593505	2207392	15386113	2345779057	481775
21919780471	4471843	14	8	4891148	17593936	2207433	15386503	2345807331	481775
21920277261	4471939	15	8	4891254	17594350	2207469	15386881	2345834710	481775
21920844325	4472041	16	8	4891365	17594804	2207520	15387284	2345864451	481775
21921258327	4472142	15	8	4891470	17595219	2207555	15387664	2345892036	481775
21921935334	4472243	15	8	4891591	17595685	2207606	15388079	2345922723	481775
21922523590	4472339	18	8	4891710	17596124	2207647	15388477	2345952061	481775
21923159290	4472438	18	8	4891818	17596553	2207687	15388866	2345980390	481775
21923787375	4472538	15	8	4891923	17596989	2207738	15389251	2346009003	481775
21924176000	4472639	16	8	4892031	17597422	2207780	15389642	2346037430	481775
21924641264	4472741	12	8	4892144	17597861	2207824	15390037	2346066421	481775
21925329737	4472836	18	8	4892245	17598291	2207866	15390425	2346094255	481775
21925691362	4472935	17	8	4892352	17598728	2207911	15390817	2346122918	481775
21926279825	4473037	16	8	4892460	17599175	2207963	15391212	2346152307	481775
21926839926	4473137	15	8	4892565	17599601	2208002	15391599	2346180175	481775
21927279833	4473237	18	8	4892670	17600034	2208044	15391990	2346208506	481775
21927764768	4473336	18	8	4892774	17600443	2208073	15392370	2346235459	481775
21928189926	4473436	13	8	4892884	17600879	2208123	15392756	2346264190	481775
21928586382	4473536	16	8	4892992	17601313	2208176	15393137	2346292882	481775
21929113702	4473638	18	8	4893110	17601772	2208226	15393546	2346323363	481775
21929551250	4473736	16	8	4893214	17602205	2208274	15393931	2346351566	481775
21930150106	4473830	18	8	4893323	17602626	2208327	15394299	2346379822	481775
21930725987	4473935	17	8	4893444	17603085	2208369	15394716	2346410110	481775
21931398646	4474034	13	8	4893551	17603526	2208413	15395113	2346438817	481775
21932032506	4474134	13	8	4893659	17603953	2208449	15395504	2346466954	481775
21932513404	4474229	20	8	4893756	17604377	2208497	15395880	2346494607	481775
21933027713	4474332	18	8	4893873	17604818	2208539	15396279	2346523818	481775
21933649060	4474429	16	8	4893978	17605256	2208594	15396662	2346552485	481775
21934411838	4474529	16	8	4894089	17605709	2208647	15397062	2346582160	481775
21934980986	4474633	15	8	4894196	17606144	2208684	15397460	2346610741	481775
21935605340	4474732	15	8	4894298	17606560	2208717	15397843	2346637895	481775
21936265854	4474827	21	8	4894405	17607003	2208766	15398237	2346666788	481775
21936798124	4474929	13	8	4894516	17607435	2208814	15398621	2346695482	481775
21937301382	4475028	13	8	4894624	17607863	2208859	15399004	2346723793	481775
21937892450	4475130	13	8	4894735	17608313	2208905	15399408	2346753275	481775
21938554492	4475229	17	8	4894839	17608755	2208953	15399802	2346782033	481775
21939197034	4475324	18	8	4894941	17609192	2208999	15400193	2346810388	481775
21939799689	4475428	14	8	4895063	17609643	2209030	15400613	2346840202	481775
21940329285	4475528	13	8	4895174	17610082	2209068	15401014	2346869104	481775
21940797467	4475624	16	8	4895289	17610519	2209110	15401409	2346898176	481775
21941285159	4475722	17	8	4895392	17610934	2209158	15401776	2346925664	481775
21941738650	4475822	13	8	4895499	17611364	2209204	15402160	2346953960	481775
21942118996	4475921	18	8	4895604	17611791	2209245	15402546	2346981969	481775
21942729249	4476026	21	8	4895722	17612253	2209285	15402968	2347012361	481775
21943216570	4476119	16	8	4895818	17612651	2209327	15403324	2347038552	481775
21943868447	4476219	17	8	4895923	17613089	2209374	15403715	2347067163	481775
21944530002	4476321	16	8	4896030	17613539	2209425	15404114	2347096501	481775
21945110162	4476421	12	8	4896139	17613977	2209470	15404507	2347125331	481775
21945725795	4476520	16	8	4896249	17614415	2209514	15404901	2347154160	481775
21946282413	4476621	17	8	4896358	17614856	2209556	15405300	2347183208	481775
21946833171	4476720	17	8	4896466	17615294	2209600	15405694	2347211908	481775
21947375296	4476818	17	8	4896572	17615716	2209638	15406078	2347239641	481775
21948096954	4476919	15	8	4896687	17616174	2209680	15406494	2347269633	481775
21948792721	4477018	15	8	4896794	17616608	2209722	15406886	2347298141	481775
21949428409	4477116	16	8	4896904	17617048	2209765	15407283	2347326930	481775
21949921956	4477216	17	8	4897006	17617471	2209802	15407669	2347354481	481775
21950409571	4477318	15	8	4897121	17617922	2209843	15408079	2347384156	481775
21950891648	4477415	16	8	4897229	17618344	2209884	15408460	2347412023	481775
21951488199	4477513	17	8	4897338	17618789	2209935	15408854	2347441316	481775
21952003392	4477616	18	8	4897447	17619236	2209976	15409260	2347470451	481775
21952465583	4477714	13	8	4897555	17619641	2210012	15409629	2347497571	481775
21953079413	4477812	16	8	4897664	17620071	2210052	15410019	2347526042	481775
21953753415	4477915	15	8	4897775	17620514	2210089	15410425	2347554941	481775
21954283700	4478016	13	8	4897883	17620958	2210137	15410821	2347584026	481775
21954861441	4478110	18	8	4897989	17621381	2210174	15411207	2347611902	481775
21955329148	4478210	17	8	4898097	17621812	2210213	15411599	2347640160	481775
21955910692	4478312	12	8	4898203	17622239	2210255	15411984	2347668288	481775
21956383329	4478411	13	8	4898305	17622669	2210292	15412377	2347696316	481775
21956865044	4478514	12	8	4898413	17623110	2210333	15412777	2347725126	481775
21957554873	4478612	13	8	4898514	17623524	2210369	15413155	2347752344	481775
21958317316	4478708	17	8	4898620	17623957	2210413	15413544	2347780712	481775
21958860978	4478810	13	8	4898733	17624391	2210461	15413930	2347809601	481775
21959443777	4478909	13	8	4898843	17624820	2210507	15414313	2347838022	481775
21959862301	4479008	15	8	4898951	17625255	2210543	15414712	2347866502	481775
21960294302	4479108	16	8	4899063	17625692	2210585	15415107	2347895422	481775
21960674349	4479205	19	8	4899165	17626111	2210627	15415484	2347922841	481775
21961228994	4479304	17	8	4899274	17626540	2210674	15415866	2347951203	481775
21961775532	4479406	12	8	4899389	17626984	2210716	15416268	2347980423	481775
21962418165	4479505	16	8	4899498	17627422	2210755	15416667	2348009252	481775
21963139526	4479605	17	8	4899603	17627863	2210801	15417062	2348037918	481775
21963652896	4479706	18	8	4899711	17628289	2210845	15417444	2348066150	481775
21964187283	4479805	18	8	4899818	17628720	2210883	15417837	2348094476	481775
21964658504	4479902	16	8	4899931	17629141	2210919	15418222	2348122513	481775
21965308760	4480005	15	8	4900052	17629601	2210965	15418636	2348152953	481775
21965887814	4480105	16	8	4900160	17630034	2211003	15419031	2348181379	481775
21966340334	4480202	15	8	4900265	17630452	2211038	15419414	2348208774	481775
21966959745	4480300	15	8	4900366	17630873	2211074	15419799	2348236165	481775
21967698083	4480402	15	8	4900475	17631321	2211118	15420203	2348265517	481775
21968246358	4480497	15	8	4900577	17631735	2211162	15420573	2348292650	481775
21968945975	4480597	19	8	4900680	17632181	2211213	15420968	2348321562	481775
21969426625	4480697	19	8	4900786	17632617	2211256	15421361	2348350094	481775
21970028128	4480797	13	8	4900893	17633053	2211301	15421752	2348378746	481775
21970504003	4480895	19	8	4900996	17633483	2211347	15422136	2348407005	481775
21971138207	4480996	15	8	4901111	17633924	2211387	15422537	2348436091	481775
21971718431	4481092	17	8	4901215	17634354	2211433	15422921	2348464190	481775
21972289756	4481190	18	8	4901320	17634780	2211478	15423302	2348492307	481775
21972951276	4481296	14	8	4901438	17635242	2211528	15423714	2348522736	481775
21973657835	4481395	15	8	4901549	17635687	2211573	15424114	2348551905	481775
21974156289	4481489	16	8	4901650	17636108	2211616	15424492	2348579461	481775
21974745689	4481593	14	8	4901768	17636562	2211663	15424899	2348609606	481775
21975336266	4481692	13	8	4901880	17637003	2211706	15425297	2348638535	481775
21975863609	4481788	16	8	4901983	17637436	2211749	15425687	2348666631	481775
21976310289	4481890	16	8	4902094	17637875	2211796	15426079	2348695650	481775
21976770509	4481990	18	8	4902199	17638308	2211834	15426474	2348723848	481775
21977500569	4482089	12	8	4902303	17638736	2211873	15426863	2348751760	481775
21978276750	4482187	18	8	4902407	17639181	2211918	15427263	2348780743	481775
21978947966	4482291	15	8	4902515	17639618	2211960	15427658	2348809419	481775
21979683409	4482387	13	8	4902616	17640056	2212011	15428045	2348837746	481775
21980277924	4482485	15	8	4902721	17640476	2212057	15428419	2348865600	481775
21980968044	4482586	16	8	4902828	17640913	2212096	15428817	2348894293	481775
21981481366	4482688	14	8	4902935	17641347	2212138	15429209	2348922656	481775
21981980478	4482783	15	8	4903040	17641763	2212181	15429582	2348950178	481775
21982487492	4482882	23	8	4903145	17642183	2212221	15429962	2348977878	481775
21983046162	4482984	15	8	4903255	17642619	2212259	15430360	2349006625	481775
21983473941	4483080	14	8	4903354	17643034	2212305	15430729	2349033799	481775
21984045870	4483184	17	8	4903466	17643490	2212348	15431142	2349063608	481775
21984607286	4483284	16	8	4903570	17643931	2212390	15431541	2349092343	481775
21985096877	4483379	16	8	4903673	17644330	2212422	15431908	2349118704	481775
21985740040	4483478	16	8	4903778	17644744	2212461	15432283	2349146141	481775
21986290283	4483579	18	8	4903895	17645187	2212501	15432686	2349175696	481775
21986921912	4483681	14	8	4904006	17645643	2212549	15433094	2349205388	481775
21987408048	4483778	17	8	4904104	17646069	2212597	15433472	2349233105	481775
21988175236	4483877	19	8	4904209	17646505	2212641	15433864	2349261666	481775
21988726883	4483978	13	8	4904319	17646925	2212674	15434251	2349289493	481775
21989271230	4484076	14	8	4904420	17647363	2212719	15434644	2349317812	481775
21989825259	4484177	14	8	4904529	17647798	2212755	15435043	2349346307	481775
21990410104	4484273	18	8	4904636	17648224	2212798	15435426	2349374613	481775
21991074495	4484373	17	8	4904745	17648663	2212845	15435818	2349403376	481775
21991595654	4484472	17	8	4904850	17649096	2212895	15436201	2349431766	481775
21992235564	4484573	14	8	4904962	17649543	2212942	15436601	2349461245	481775
21992919293	4484674	13	8	4905072	17649976	2212978	15436998	2349489685	481775
21993556598	4484770	17	8	4905178	17650415	2213024	15437391	2349518377	481775
21994153120	4484871	15	8	4905288	17650853	2213071	15437782	2349547310	481775
21994714492	4484972	14	8	4905397	17651282	2213113	15438169	2349575639	481775
21995460917	4485070	14	8	4905501	17651708	2213155	15438553	2349603569	481775
21995995871	4485169	14	8	4905610	17652147	2213197	15438950	2349632425	481775
21996519651	4485271	15	8	4905719	17652587	2213242	15439345	2349661409	481775
21996997541	4485366	17	8	4905821	17652999	2213279	15439720	2349688367	481775
21997710010	4485468	18	8	4905927	17653444	2213325	15440119	2349717348	481775
21998280770	4485567	16	8	4906032	17653873	2213363	15440510	2349745417	481775
21998770023	4485665	15	8	4906137	17654305	2213413	15440892	2349773772	481775
21999293092	4485764	18	8	4906240	17654725	2213452	15441273	2349801366	481775
21999951903	4485865	16	8	4906349	17655171	2213493	15441678	2349830434	481775
22000620222	4485963	16	8	4906460	17655581	2213524	15442057	2349857754	481775
22001033151	4486063	18	8	4906573	17656023	2213567	15442456	2349887067	481775
22001546482	4486165	13	8	4906683	17656457	2213609	15442848	2349915679	481775
22001938403	4486260	16	8	4906787	17656877	2213655	15443222	2349943419	481775
22002441028	4486360	18	8	4906893	17657313	2213695	15443618	2349971865	481775
22003020025	4486464	14	8	4907007	17657749	2213736	15444013	2350000781	481775
22003547520	4486560	14	8	4907108	17658153	2213777	15444376	2350027574	481775
22004273602	4486660	15	8	4907217	17658599	2213817	15444782	2350056670	481775
22004947215	4486761	16	8	4907325	17659041	2213862	15445179	2350085732	481775
22005422818	4486857	15	8	4907424	17659452	2213897	15445555	2350112529	481775
22006240918	4486953	16	8	4907534	17659885	2213937	15445948	2350141012	481775
22007042668	4487057	17	8	4907650	17660369	2213990	15446379	2350172358	481775
22007489299	4487158	13	8	4907757	17660789	2214028	15446761	2350200197	481775
22007949531	4487253	18	8	4907861	17661209	2214072	15447137	2350227783	481775
22008708605	4487353	17	8	4907972	17661666	2214119	15447547	2350257788	481775
22009192212	4487454	14	8	4908082	17662103	2214159	15447944	2350286485	481775
22009840980	4487553	14	8	4908192	17662535	2214199	15448336	2350314854	481775
22010480824	4487654	18	8	4908304	17662992	2214250	15448742	2350344864	481775
22010959629	4487750	18	8	4908403	17663414	2214300	15449114	2350372456	481775
22011509085	4487849	15	8	4908509	17663817	2214333	15449484	2350399251	481775
22012208301	4487949	15	8	4908614	17664251	2214376	15449875	2350427744	481775
22012756425	4488052	15	8	4908726	17664701	2214420	15450281	2350457177	481775
22013251338	4488149	15	8	4908832	17665117	2214459	15450658	2350484744	481775
22013647423	4488245	21	8	4908938	17665549	2214506	15451043	2350513200	481775
22014233591	4488348	16	8	4909052	17666000	2214556	15451444	2350542867	481775
22014835151	4488445	17	8	4909160	17666432	2214602	15451830	2350571406	481775
22015496146	4488549	15	8	4909265	17666862	2214640	15452222	2350599625	481775
22015980007	4488646	17	8	4909371	17667300	2214693	15452607	2350628319	481775
22016635750	4488740	19	8	4909483	17667730	2214730	15453000	2350656852	481775
22017284666	4488845	17	8	4909602	17668174	2214766	15453408	2350686357	481775
22017767023	4488943	15	8	4909706	17668589	2214800	15453789	2350713624	481775
22018333746	4489041	17	8	4909816	17669036	2214847	15454189	2350742857	481775
22018804625	4489146	15	8	4909934	17669489	2214901	15454588	2350772908	481775
22019286288	4489244	13	8	4910039	17669911	2214937	15454974	2350800629	481775
22019817673	4489343	14	8	4910146	17670324	2214973	15455351	2350828125	481775
22020454204	4489443	15	8	4910254	17670768	2215023	15455745	2350857251	481775
22021210333	4489542	20	8	4910361	17671216	2215068	15456148	2350886445	481775
22021723275	4489640	17	8	4910466	17671647	2215119	15456528	2350914812	481775
22022462034	4489737	18	8	4910570	17672056	2215154	15456902	2350941805	481775
22023146095	4489839	18	8	4910681	17672497	2215189	15457308	2350970771	481775
22023677572	4489942	14	8	4910791	17672926	2215226	15457700	2350999097	481775
22024300990	4490039	15	8	4910894	17673354	2215277	15458077	2351027238	481775
22024875132	4490141	16	8	4911010	17673804	2215320	15458484	2351056977	481775
22025378044	4490240	16	8	4911115	17674221	2215357	15458864	2351084428	481775
22025949578	4490339	15	8	4911221	17674656	2215404	15459252	2351112932	481775
22026667104	4490437	19	8	4911325	17675087	2215443	15459644	2351141240	481775
22027331228	4490542	14	8	4911435	17675525	2215484	15460041	2351170051	481775
22027914450	4490640	14	8	4911543	17675966	2215529	15460437	2351198827	481775
22028533116	4490739	18	8	4911652	17676403	2215581	15460822	2351227667	481775
22028950114	4490841	17	8	4911758	17676839	2215624	15461215	2351256122	481775
22029559533	4490939	17	8	4911863	17677270	2215666	15461604	2351284377	481775
22030125483	4491037	15	8	4911974	17677708	2215706	15462002	2351313216	481775
22030621253	4491137	18	8	4912087	17678143	2215752	15462391	2351342179	481775
22031228283	4491237	16	8	4912195	17678568	2215788	15462780	2351370233	481775
22031545581	4491332	17	8	4912305	17678981	2215818	15463163	2351397625	481775
22032200614	4491432	19	8	4912413	17679414	2215861	15463553	2351426347	481775
22032871965	4491536	11	8	4912524	17679844	2215897	15463947	2351454644	481775
22033475449	4491633	16	8	4912626	17680269	2215941	15464328	2351482398	481775
22034135607	4491731	19	8	4912739	17680700	2215976	15464724	2351511085	481775
22034517617	4491835	17	8	4912852	17681157	2216029	15465128	2351541054	481775
22034977914	4491930	14	8	4912956	17681562	2216069	15465493	2351567896	481775
22035385479	4492029	19	8	4913064	17682007	2216125	15465882	2351597166	481775
22035968199	4492131	18	8	4913181	17682457	2216166	15466291	2351626848	481775
22036401217	4492230	14	8	4913290	17682902	2216215	15466687	2351655870	481775
22037020701	4492328	18	8	4913393	17683332	2216262	15467070	2351683977	481775
22037680863	4492427	17	8	4913502	17683778	2216308	15467470	2351713214	481775
22038239161	4492527	16	8	4913612	17684215	2216352	15467863	2351742035	481775
22038816140	4492625	14	8	4913717	17684643	2216392	15468251	2351769911	481775
22039404178	4492725	16	8	4913831	17685097	2216444	15468653	2351799910	481775
22040034472	4492829	14	8	4913942	17685554	2216490	15469064	2351829686	481775
22040578115	4492923	17	8	4914041	17685977	2216539	15469438	2351857334	481775
22041170524	4493020	19	8	4914148	17686425	2216585	15469840	2351886442	481775
22041959599	4493122	14	8	4914259	17686860	2216619	15470241	2351914948	481775
22042738327	4493223	14	8	4914369	17687311	2216660	15470651	2351944259	481775
22043275834	4493321	16	8	4914470	17687739	2216710	15471029	2351972237	481775
22043685234	4493417	19	8	4914571	17688163	2216747	15471416	2351999917	481775
22044449362	4493520	15	8	4914682	17688608	2216787	15471821	2352029020	481775
22044769290	4493619	14	8	4914791	17689030	2216827	15472203	2352056918	481775
22045588949	4493719	17	8	4914897	17689466	2216867	15472599	2352085329	481775
22046179832	4493817	18	8	4915016	17689923	2216907	15473016	2352115626	481775
22046662352	4493920	17	8	4915128	17690361	2216951	15473410	2352144382	481775
22047069669	4494018	14	8	4915239	17690790	2216997	15473793	2352172791	481775
22047663181	4494115	18	8	4915342	17691223	2217048	15474175	2352201287	481775
22048282416	4494219	13	8	4915457	17691666	2217091	15474575	2352230453	481775
22048783656	4494315	17	8	4915556	17692099	2217133	15474966	2352258526	481775
22049254481	4494415	16	8	4915665	17692540	2217190	15475350	2352287526	481775
22049729121	4494513	16	8	4915769	17692960	2217236	15475724	2352315335	481775
22050328473	4494612	16	8	4915886	17693406	2217280	15476126	2352344960	481775
22050828268	4494713	15	8	4915993	17693839	2217327	15476512	2352373517	481775
22051366809	4494812	16	8	4916097	17694279	2217375	15476904	2352402092	481775
22051976188	4494913	16	8	4916205	17694723	2217418	15477305	2352431190	481775
22052562253	4495010	12	8	4916315	17695150	2217465	15477685	2352459529	481775
22053186894	4495106	17	8	4916422	17695570	2217504	15478066	2352487372	481775
22053794774	4495208	16	8	4916538	17696031	2217552	15478479	2352517667	481775
22054504874	4495305	16	8	4916648	17696462	2217593	15478869	2352546083	481775
22055287123	4495405	16	8	4916755	17696883	2217624	15479259	2352573674	481775
22055935444	4495503	15	8	4916860	17697321	2217669	15479652	2352602347	481775
22056476239	4495605	14	8	4916964	17697740	2217706	15480034	2352629825	481775
22057036964	4495705	12	8	4917068	17698164	2217745	15480419	2352657595	481775
22057558595	4495805	14	8	4917178	17698610	2217794	15480816	2352687064	481775
22058114358	4495903	14	8	4917287	17699055	2217836	15481219	2352716060	481775
22058632944	4496000	14	8	4917389	17699469	2217883	15481586	2352743300	481775
22059031286	4496101	15	8	4917503	17699913	2217923	15481990	2352772501	481775
22059827059	4496200	17	8	4917606	17700350	2217954	15482396	2352800715	481775
22060378755	4496301	14	8	4917715	17700781	2217989	15482792	2352828999	481775
22060855914	4496398	17	8	4917824	17701209	2218031	15483178	2352857258	481775
22061483420	4496498	16	8	4917929	17701628	2218070	15483558	2352884947	481775
22061922000	4496599	13	8	4918035	17702063	2218117	15483946	2352913432	481775
22062307927	4496699	15	8	4918143	17702496	2218162	15484334	2352941922	481775
22062971749	4496796	17	8	4918254	17702931	2218205	15484726	2352970788	481775
22063609220	4496896	16	8	4918365	17703376	2218243	15485133	2352999908	481775
22064110646	4496994	14	8	4918472	17703798	2218282	15485516	2353027614	481775
22064611284	4497095	13	8	4918576	17704234	2218328	15485906	2353056092	481775
22065351590	4497196	15	8	4918685	17704684	2218373	15486311	2353085400	481775
22065662305	4497293	14	8	4918796	17705090	2218408	15486682	2353112756	481775
22066387758	4497390	18	8	4918900	17705514	2218450	15487064	2353140627	481775
22066829412	4497492	17	8	4919017	17705958	2218496	15487462	2353170084	481775
22067420892	4497591	15	8	4919133	17706391	2218539	15487852	2353198883	481775
22067865577	4497693	16	8	4919247	17706817	2218576	15488241	2353227499	481775
22068263421	4497793	14	8	4919351	17707235	2218614	15488621	2353254993	481775
22068959573	4497890	17	8	4919457	17707664	2218652	15489012	2353283095	481775
22069590438	4497990	18	8	4919564	17708115	2218701	15489414	2353312441	481775
22070095074	4498089	14	8	4919673	17708539	2218742	15489797	2353340416	481775
22070711453	4498186	14	8	4919781	17708977	2218785	15490192	2353369072	481775
22071189258	4498287	17	8	4919904	17709420	2218829	15490591	2353398883	481775
22071999932	4498387	17	8	4920012	17709876	2218882	15490994	2353428516	481775
22072503492	4498485	18	8	4920116	17710320	2218929	15491391	2353457338	481775
22073069676	4498585	15	8	4920220	17710737	2218967	15491770	2353484696	481775
22073627003	4498684	17	8	4920325	17711189	2219011	15492178	2353514174	481775
22074082547	4498785	16	8	4920450	17711647	2219059	15492588	2353544913	481775
22074702740	4498884	13	8	4920558	17712071	2219094	15492977	2353572835	481775
22075255921	4498980	15	8	4920663	17712500	2219140	15493360	2353600918	481775
22075744772	4499081	16	8	4920772	17712948	2219188	15493760	2353630300	481775
22076123797	4499181	14	8	4920885	17713382	2219228	15494154	2353659013	481775
22076721662	4499278	11	8	4920987	17713798	2219269	15494529	2353686208	481775
22077325949	4499378	17	8	4921097	17714258	2219324	15494934	2353716299	481775
