bytes_written	total_items	curr_connections	threads	cmd_set	cmd_get	get_misses	get_hits	bytes_read
18570176872	691114	19	8	693248	11471780	2164755	9307025	2289883679	365778
18570763245	691114	17	8	693248	11472109	2164802	9307307	2289916665	365778
18571259926	691114	13	8	693248	11472436	2164852	9307584	2289950009	365778
18571854649	691114	18	8	693248	11472776	2164906	9307870	2289984000	365778
18572423467	691114	15	8	693248	11473107	2164957	9308150	2290017788	365778
18572852496	691114	16	8	693248	11473439	2165009	9308430	2290050757	365778
18573339720	691114	15	8	693248	11473765	2165062	9308703	2290083543	365778
18573792087	691114	17	8	693248	11474100	2165112	9308988	2290117531	365778
18574558219	691114	17	8	693248	11474432	2165167	9309265	2290151009	365778
18575064387	691115	18	8	693249	11474793	2165219	9309574	2290229912	365777
18575882153	691115	18	8	693249	11475130	2165267	9309863	2290263796	365777
18576463343	691115	17	8	693249	11475442	2165308	9310134	2290296378	365777
18576899276	691115	19	8	693249	11475766	2165360	9310406	2290328958	365777
18577433715	691116	21	8	693250	11476118	2165417	9310701	2290363909	365777
18578026224	691116	17	8	693250	11476450	2165459	9310991	2290397162	365777
18578518524	691116	16	8	693250	11476764	2165506	9311258	2290429967	365777
18579200139	691116	17	8	693250	11477086	2165550	9311536	2290462556	365777
18579743245	691116	17	8	693250	11477436	2165616	9311820	2290496782	365777
18580217871	691116	15	8	693250	11477762	2165661	9312101	2290530150	365777
18580725356	691116	19	8	693250	11478099	2165712	9312387	2290563456	365777
18581320615	691116	17	8	693250	11478415	2165755	9312660	2290596080	365777
18581964422	691116	19	8	693250	11478749	2165799	9312950	2290629350	365777
18582437125	691117	16	8	693251	11479075	2165849	9313226	2290662619	365776
18583060153	691117	14	8	693251	11479410	2165903	9313507	2290696368	365776
18583570263	691117	21	8	693251	11479753	2165964	9313789	2290729995	365776
18584179649	691117	17	8	693251	11480090	2166004	9314086	2290763961	365776
18584773455	691117	13	8	693251	11480411	2166061	9314350	2290796474	365776
18585298185	691117	17	8	693251	11480736	2166113	9314623	2290829406	365776
18585792409	691117	20	8	693251	11481085	2166168	9314917	2290863260	365776
18586523765	691117	16	8	693251	11481406	2166217	9315189	2290895514	365776
18587095731	691117	18	8	693251	11481712	2166257	9315455	2290926328	365776
18587468586	691117	17	8	693251	11482028	2166310	9315718	2290958571	365776
18587971695	691117	14	8	693251	11482351	2166350	9316001	2290991150	365776
18588514291	691117	15	8	693251	11482653	2166394	9316259	2291021638	365776
18589085013	691117	21	8	693251	11482975	2166454	9316521	2291052766	365776
18589576468	691117	18	8	693251	11483293	2166504	9316789	2291085724	365776
18589948540	691117	14	8	693251	11483594	2166542	9317052	2291116625	365776
18590419062	691117	16	8	693251	11483909	2166596	9317313	2291147966	365776
18590851609	691117	21	8	693251	11484219	2166647	9317572	2291179416	365776
18591395727	691117	17	8	693251	11484532	2166696	9317836	2291211603	365776
18591834079	691117	12	8	693251	11484859	2166755	9318104	2291243702	365776
18592273638	691117	18	8	693251	11485182	2166802	9318380	2291275624	365776
18593010764	691117	15	8	693251	11485510	2166850	9318660	2291308839	365776
18593394227	691117	18	8	693251	11485830	2166903	9318927	2291340644	365776
18594048860	691117	16	8	693251	11486134	2166948	9319186	2291371584	365776
18594645980	691117	17	8	693251	11486453	2166989	9319464	2291403408	365776
18595278690	691117	15	8	693251	11486769	2167025	9319744	2291435414	365776
18596083109	691117	16	8	693251	11487093	2167078	9320015	2291467224	365776
18596651109	691117	19	8	693251	11487425	2167127	9320298	2291499694	365776
18597295461	691117	17	8	693251	11487751	2167176	9320575	2291532164	365776
18597869546	691117	16	8	693251	11488066	2167220	9320846	2291563602	365776
18598346567	691117	17	8	693251	11488378	2167263	9321115	2291595387	365776
18598981880	691117	16	8	693251	11488705	2167307	9321398	2291628024	365776
18599407123	691117	15	8	693251	11489023	2167363	9321660	2291660100	365776
18599819115	691117	18	8	693251	11489339	2167419	9321920	2291691750	365776
18600408394	691117	20	8	693251	11489659	2167468	9322191	2291723927	365776
18601111051	691117	14	8	693251	11489981	2167514	9322467	2291756560	365776
18601667061	691117	16	8	693251	11490306	2167561	9322745	2291788172	365776
18602251401	691117	17	8	693251	11490633	2167615	9323018	2291820982	365776
18602888343	691117	15	8	693251	11490977	2167674	9323303	2291854695	365776
18603406283	691117	17	8	693251	11491284	2167710	9323574	2291885544	365776
18603957557	691117	19	8	693251	11491594	2167754	9323840	2291916459	365776
18604525555	691117	17	8	693251	11491929	2167803	9324126	2291949614	365776
18605053036	691117	16	8	693251	11492236	2167845	9324391	2291981168	365776
18605602168	691117	18	8	693251	11492560	2167901	9324659	2292013147	365776
18606176563	691117	16	8	693251	11492879	2167950	9324929	2292045485	365776
18606790905	691117	17	8	693251	11493207	2167999	9325208	2292077463	365776
18607322794	691117	17	8	693251	11493506	2168038	9325468	2292108872	365776
18607850511	691117	15	8	693251	11493835	2168087	9325748	2292141071	365776
18608215866	691117	19	8	693251	11494152	2168132	9326020	2292173322	365776
18608778085	691117	14	8	693251	11494478	2168184	9326294	2292205783	365776
18609295408	691117	16	8	693251	11494790	2168229	9326561	2292236646	365776
18609813774	691117	20	8	693251	11495124	2168274	9326850	2292269853	365776
18610358189	691117	12	8	693251	11495444	2168322	9327122	2292302585	365776
18610809391	691117	15	8	693251	11495738	2168367	9327371	2292332640	365776
18611529092	691117	19	8	693251	11496067	2168416	9327651	2292365117	365776
18612348273	691117	19	8	693251	11496397	2168464	9327933	2292397525	365776
18612833918	691119	13	8	693253	11496703	2168514	9328189	2292442369	365774
18613440117	691119	16	8	693253	11497034	2168569	9328465	2292474871	365774
18614037614	691119	17	8	693253	11497375	2168628	9328747	2292508490	365774
18614609619	691119	16	8	693253	11497684	2168676	9329008	2292539684	365774
18615282473	691119	16	8	693253	11497999	2168722	9329277	2292571066	365774
18615996788	691121	15	8	693255	11498347	2168780	9329567	2292604338	365773
18616573415	691121	17	8	693255	11498677	2168832	9329845	2292637751	365773
18617141023	691121	18	8	693255	11498996	2168877	9330119	2292669455	365773
18617824091	691121	17	8	693255	11499312	2168932	9330380	2292700980	365773
18618325884	691121	16	8	693255	11499620	2168970	9330650	2292732340	365773
18618997199	691121	16	8	693255	11499948	2169020	9330928	2292765051	365773
18619458116	691121	17	8	693255	11500269	2169072	9331197	2292796839	365773
18620041923	691121	15	8	693255	11500591	2169116	9331475	2292829014	365773
18620706835	691121	18	8	693255	11500913	2169165	9331748	2292860579	365773
18621238350	691121	17	8	693255	11501223	2169204	9332019	2292892125	365773
18621949368	691121	16	8	693255	11501562	2169254	9332308	2292925139	365773
18622340769	691121	15	8	693255	11501872	2169300	9332572	2292956843	365773
18622866903	691121	17	8	693255	11502181	2169341	9332840	2292987794	365773
18623327615	691121	16	8	693255	11502503	2169385	9333118	2293020366	365773
18623821034	691121	15	8	693255	11502824	2169433	9333391	2293052453	365773
18624364807	691121	16	8	693255	11503144	2169482	9333662	2293084388	365773
18625102133	691121	19	8	693255	11503495	2169532	9333963	2293118107	365773
18625721728	691121	16	8	693255	11503808	2169578	9334230	2293149872	365773
18626138008	691121	17	8	693255	11504140	2169632	9334508	2293182170	365773
18626670063	691121	19	8	693255	11504461	2169681	9334780	2293214378	365773
18627192428	691121	17	8	693255	11504782	2169736	9335046	2293246217	365773
18627750035	691121	14	8	693255	11505088	2169779	9335309	2293276635	365773
18628229512	691121	21	8	693255	11505419	2169827	9335592	2293309487	365773
18628790715	691121	18	8	693255	11505740	2169872	9335868	2293341684	365773
18629235551	691121	17	8	693255	11506063	2169935	9336128	2293373461	365773
18629812189	691121	17	8	693255	11506378	2169983	9336395	2293404902	365773
18630326274	691121	18	8	693255	11506739	2170045	9336694	2293439204	365773
18631002158	691121	14	8	693255	11507048	2170090	9336958	2293470736	365773
18631690037	691121	14	8	693255	11507362	2170135	9337227	2293502004	365773
18632473753	691121	20	8	693255	11507705	2170185	9337520	2293534843	365773
18633004805	691121	18	8	693255	11508023	2170232	9337791	2293567024	365773
18633519557	691121	14	8	693255	11508334	2170281	9338053	2293598863	365773
18634037425	691121	16	8	693255	11508654	2170330	9338324	2293630497	365773
18634616997	691121	22	8	693255	11508987	2170381	9338606	2293663574	365773
18634990171	691121	14	8	693255	11509304	2170436	9338868	2293695054	365773
18635432114	691121	14	8	693255	11509603	2170477	9339126	2293725269	365773
18635809041	691121	19	8	693255	11509921	2170539	9339382	2293757575	365773
18636376363	691121	19	8	693255	11510241	2170583	9339658	2293789996	365773
18636780506	691121	14	8	693255	11510543	2170628	9339915	2293821374	365773
18637098958	691121	17	8	693255	11510864	2170679	9340185	2293852584	365773
18637581019	691121	18	8	693255	11511195	2170730	9340465	2293885474	365773
18638131985	691121	16	8	693255	11511508	2170777	9340731	2293917148	365773
18638411687	691121	17	8	693255	11511822	2170831	9340991	2293948862	365773
18639014724	691121	18	8	693255	11512156	2170892	9341264	2293981828	365773
18639539566	691121	14	8	693255	11512479	2170950	9341529	2294013980	365773
18640039740	691121	18	8	693255	11512799	2171001	9341798	2294045633	365773
18640482774	691121	15	8	693255	11513124	2171047	9342077	2294078585	365773
18640840768	691121	16	8	693255	11513448	2171096	9342352	2294110189	365773
18641416158	691121	17	8	693255	11513773	2171155	9342618	2294142571	365773
18641958066	691121	17	8	693255	11514102	2171210	9342892	2294175138	365773
18642682214	691121	19	8	693255	11514431	2171260	9343171	2294207852	365773
18643300769	691121	15	8	693255	11514750	2171300	9343450	2294239479	365773
18643964467	691121	17	8	693255	11515078	2171346	9343732	2294271425	365773
18644542579	691121	17	8	693255	11515400	2171386	9344014	2294303842	365773
18645122272	691121	13	8	693255	11515720	2171439	9344281	2294335890	365773
18645787330	691121	15	8	693255	11516031	2171484	9344547	2294367178	365773
18646414680	691121	19	8	693255	11516363	2171528	9344835	2294399680	365773
18646692845	691121	13	8	693255	11516667	2171575	9345092	2294431246	365773
18647271000	691121	18	8	693255	11516972	2171615	9345357	2294462162	365773
18647971634	691121	15	8	693255	11517286	2171657	9345629	2294493685	365773
18648542538	691121	18	8	693255	11517624	2171711	9345913	2294526868	365773
18649266337	691121	15	8	693255	11517938	2171758	9346180	2294558484	365773
18649683425	691121	17	8	693255	11518255	2171803	9346452	2294590317	365773
18650264513	691121	18	8	693255	11518580	2171848	9346732	2294622324	365773
18650695495	691121	15	8	693255	11518892	2171890	9347002	2294654467	365773
18651347373	691121	16	8	693255	11519205	2171944	9347261	2294686218	365773
18651763908	691121	22	8	693255	11519528	2171990	9347538	2294717824	365773
18652263264	691121	18	8	693255	11519841	2172033	9347808	2294749979	365773
18652844803	691121	14	8	693255	11520169	2172091	9348078	2294782387	365773
18653378524	691121	19	8	693255	11520492	2172149	9348343	2294814357	365773
18653980691	691121	15	8	693255	11520834	2172217	9348617	2294848206	365773
18654534295	691121	18	8	693255	11521143	2172256	9348887	2294879549	365773
18655077104	691121	16	8	693255	11521462	2172310	9349152	2294911221	365773
18655568818	691121	18	8	693255	11521780	2172360	9349420	2294943046	365773
18656185538	691121	19	8	693255	11522134	2172416	9349718	2294977231	365773
18656821326	691121	15	8	693255	11522443	2172461	9349982	2295008571	365773
18657555577	691121	18	8	693255	11522762	2172504	9350258	2295039888	365773
18658015457	691121	19	8	693255	11523101	2172560	9350541	2295073319	365773
18658418737	691121	12	8	693255	11523410	2172608	9350802	2295105180	365773
18658875824	691121	15	8	693255	11523721	2172655	9351066	2295136270	365773
18659350117	691121	20	8	693255	11524045	2172694	9351351	2295168086	365773
18659917174	691121	18	8	693255	11524373	2172746	9351627	2295200812	365773
18660529670	691121	14	8	693255	11524671	2172786	9351885	2295231711	365773
18661364596	691121	16	8	693255	11525004	2172832	9352172	2295263994	365773
18661705353	691121	18	8	693255	11525328	2172872	9352456	2295296476	365773
18662460365	691121	15	8	693255	11525641	2172920	9352721	2295328216	365773
18662760398	691121	19	8	693255	11525942	2172958	9352984	2295358786	365773
18663253525	691121	18	8	693255	11526255	2172997	9353258	2295390782	365773
18663823291	691121	15	8	693255	11526599	2173052	9353547	2295423976	365773
18664377898	691121	14	8	693255	11526894	2173089	9353805	2295454529	365773
18664737174	691121	17	8	693255	11527198	2173138	9354060	2295485610	365773
18665481623	691121	16	8	693255	11527540	2173194	9354346	2295519390	365773
18665881530	691121	13	8	693255	11527849	2173241	9354608	2295551110	365773
18666526339	691121	15	8	693255	11528167	2173285	9354882	2295582620	365773
18666961803	691121	18	8	693255	11528493	2173339	9355154	2295615004	365773
18667717574	691121	18	8	693255	11528816	2173392	9355424	2295647297	365773
18668236560	691121	17	8	693255	11529129	2173442	9355687	2295678843	365773
18668974010	691121	19	8	693255	11529452	2173489	9355963	2295711108	365773
18669567921	691121	17	8	693255	11529777	2173537	9356240	2295743651	365773
18670082217	691121	15	8	693255	11530100	2173591	9356509	2295775276	365773
18670655073	691121	17	8	693255	11530401	2173633	9356768	2295806269	365773
18671015962	691121	15	8	693255	11530722	2173689	9357033	2295839137	365773
18671551935	691121	14	8	693255	11531033	2173725	9357308	2295870152	365773
18672036240	691121	16	8	693255	11531352	2173777	9357575	2295901744	365773
18672615187	691121	21	8	693255	11531696	2173834	9357862	2295935685	365773
18673111925	691121	15	8	693255	11532011	2173876	9358135	2295967149	365773
18673535977	691121	14	8	693255	11532319	2173923	9358396	2295998192	365773
18673994851	691121	18	8	693255	11532645	2173968	9358677	2296030742	365773
18674758011	691121	16	8	693255	11532967	2174015	9358952	2296062901	365773
18675244725	691121	16	8	693255	11533276	2174061	9359215	2296093824	365773
18676134339	691121	17	8	693255	11533601	2174099	9359502	2296125939	365773
18676666428	691121	19	8	693255	11533944	2174152	9359792	2296159615	365773
18677089846	691121	13	8	693255	11534226	2174192	9360034	2296189560	365773
18677741460	691121	20	8	693255	11534564	2174243	9360321	2296222177	365773
18678233150	691121	16	8	693255	11534888	2174296	9360592	2296254484	365773
18678781358	691121	15	8	693255	11535203	2174347	9360856	2296286311	365773
18679136226	691121	13	8	693255	11535505	2174393	9361112	2296316884	365773
18679616118	691121	15	8	693255	11535846	2174448	9361398	2296350587	365773
18680092754	691121	19	8	693255	11536167	2174496	9361671	2296383091	365773
18680525701	691121	15	8	693255	11536464	2174537	9361927	2296413497	365773
18680877670	691121	17	8	693255	11536773	2174581	9362192	2296444770	365773
18681480229	691121	16	8	693255	11537111	2174629	9362482	2296477997	365773
18682106472	691121	15	8	693255	11537426	2174674	9362752	2296509483	365773
18682573071	691121	18	8	693255	11537764	2174733	9363031	2296542295	365773
18683062932	691121	16	8	693255	11538099	2174788	9363311	2296575066	365773
18683614408	691121	16	8	693255	11538438	2174839	9363599	2296608091	365773
18684371224	691121	18	8	693255	11538776	2174890	9363886	2296640628	365773
18684800324	691122	15	8	693256	11539082	2174931	9364151	2296672083	365772
18685376812	691122	17	8	693256	11539421	2174982	9364439	2296705244	365772
18686061407	691122	18	8	693256	11539743	2175025	9364718	2296737486	365772
18686582623	691122	17	8	693256	11540049	2175067	9364982	2296768769	365772
18687199360	691122	17	8	693256	11540378	2175121	9365257	2296800987	365772
18687927576	691122	19	8	693256	11540713	2175169	9365544	2296833891	365772
18688553568	691122	15	8	693256	11541034	2175221	9365813	2296866115	365772
18688976437	691122	17	8	693256	11541358	2175278	9366080	2296898004	365772
18689536326	691122	17	8	693256	11541681	2175328	9366353	2296930574	365772
18690098233	691122	15	8	693256	11542002	2175379	9366623	2296962911	365772
18690655219	691122	16	8	693256	11542319	2175423	9366896	2296994325	365772
18691146244	691122	19	8	693256	11542647	2175475	9367172	2297026337	365772
18691901888	691122	17	8	693256	11542974	2175524	9367450	2297059372	365772
18692418049	691122	16	8	693256	11543298	2175578	9367720	2297090924	365772
18693163819	691122	17	8	693256	11543613	2175625	9367988	2297122773	365772
18693709593	691122	19	8	693256	11543948	2175687	9368261	2297155607	365772
18694144857	691122	13	8	693256	11544256	2175734	9368522	2297187599	365772
18694622551	691122	12	8	693256	11544562	2175776	9368786	2297218783	365772
18695415343	691122	17	8	693256	11544895	2175822	9369073	2297251210	365772
18695952772	691122	18	8	693256	11545219	2175877	9369342	2297283683	365772
18696440156	691122	17	8	693256	11545533	2175935	9369598	2297315004	365772
18696928891	691122	14	8	693256	11545857	2175980	9369877	2297347684	365772
18697479094	691122	15	8	693256	11546196	2176029	9370167	2297380611	365772
18697998788	691122	16	8	693256	11546521	2176087	9370434	2297412553	365772
18698507772	691122	18	8	693256	11546854	2176148	9370706	2297445018	365772
18699142115	691122	19	8	693256	11547161	2176192	9370969	2297476684	365772
18699773608	691122	17	8	693256	11547493	2176242	9371251	2297509285	365772
18700459473	691122	16	8	693256	11547808	2176289	9371519	2297541248	365772
18701154713	691122	20	8	693256	11548157	2176338	9371819	2297574571	365772
18701596145	691122	15	8	693256	11548479	2176390	9372089	2297606651	365772
18702131220	691122	14	8	693256	11548806	2176442	9372364	2297638678	365772
18702525995	691122	16	8	693256	11549119	2176479	9372640	2297670038	365772
18703016822	691122	16	8	693256	11549431	2176528	9372903	2297701795	365772
18703538025	691122	14	8	693256	11549752	2176580	9373172	2297734243	365772
18704182175	691122	17	8	693256	11550077	2176626	9373451	2297765958	365772
18704764822	691122	16	8	693256	11550402	2176670	9373732	2297798280	365772
18705439812	691122	17	8	693256	11550739	2176720	9374019	2297831458	365772
18705948685	691122	17	8	693256	11551074	2176776	9374298	2297863857	365772
18706474263	691122	17	8	693256	11551405	2176837	9374568	2297896672	365772
18707090173	691122	16	8	693256	11551719	2176883	9374836	2297928459	365772
18707620268	691122	17	8	693256	11552039	2176925	9375114	2297960012	365772
18708293505	691122	17	8	693256	11552355	2176975	9375380	2297991838	365772
18708962367	691122	16	8	693256	11552708	2177042	9375666	2298026056	365772
18709395475	691122	16	8	693256	11553031	2177082	9375949	2298058517	365772
18709970022	691122	17	8	693256	11553331	2177127	9376204	2298088836	365772
18710592622	691122	17	8	693256	11553653	2177178	9376475	2298120949	365772
18711139011	691122	15	8	693256	11553971	2177223	9376748	2298153437	365772
18711857399	691122	13	8	693256	11554299	2177275	9377024	2298185896	365772
18712460866	691122	21	8	693256	11554621	2177317	9377304	2298217972	365772
18712970498	691122	19	8	693256	11554949	2177368	9377581	2298250457	365772
18713361958	691122	16	8	693256	11555252	2177419	9377833	2298281026	365772
18714034941	691122	16	8	693256	11555570	2177464	9378106	2298312981	365772
18714849867	691122	20	8	693256	11555907	2177517	9378390	2298346122	365772
18715386766	691122	18	8	693256	11556229	2177557	9378672	2298377714	365772
18715876424	691122	19	8	693256	11556537	2177606	9378931	2298408960	365772
18716500161	691122	17	8	693256	11556873	2177654	9379219	2298442294	365772
18717171356	691122	13	8	693256	11557201	2177709	9379492	2298474949	365772
18717628021	691124	14	8	693258	11557510	2177763	9379747	2298539901	365771
18718209476	691124	19	8	693258	11557848	2177826	9380022	2298573146	365771
18718717187	691124	19	8	693258	11558173	2177878	9380295	2298605931	365771
18719112390	691124	13	8	693258	11558497	2177936	9380561	2298637997	365771
18719595584	691124	17	8	693258	11558818	2177994	9380824	2298670200	365771
18720047549	691124	17	8	693258	11559143	2178046	9381097	2298702756	365771
18720711687	691124	17	8	693258	11559468	2178100	9381368	2298734969	365771
18721267658	691124	13	8	693258	11559755	2178141	9381614	2298763956	365771
18721791974	691124	18	8	693258	11560057	2178179	9381878	2298794215	365771
18722140634	691124	17	8	693258	11560342	2178223	9382119	2298824558	365771
18722679086	691124	15	8	693258	11560636	2178267	9382369	2298853572	365771
18723321590	691124	19	8	693258	11560932	2178316	9382616	2298882655	365771
18723951458	691124	14	8	693258	11561223	2178355	9382868	2298912949	365771
18724492044	691124	16	8	693258	11561527	2178399	9383128	2298943539	365771
18724970156	691124	15	8	693258	11561807	2178439	9383368	2298972235	365771
18725437357	691124	18	8	693258	11562106	2178489	9383617	2299002408	365771
18725913872	691124	16	8	693258	11562400	2178537	9383863	2299032229	365771
18726485920	691124	13	8	693258	11562688	2178577	9384111	2299061344	365771
18727178677	691124	14	8	693258	11562988	2178629	9384359	2299090803	365771
18727645283	691124	18	8	693258	11563298	2178674	9384624	2299121671	365771
18728263421	691124	16	8	693258	11563608	2178728	9384880	2299152727	365771
18728723973	691124	13	8	693258	11563886	2178763	9385123	2299180962	365771
18729363138	691124	18	8	693258	11564193	2178799	9385394	2299211367	365771
18729947680	691124	17	8	693258	11564502	2178841	9385661	2299242419	365771
18730485316	691124	15	8	693258	11564792	2178893	9385899	2299271639	365771
18730983938	691124	18	8	693258	11565091	2178942	9386149	2299301412	365771
18731421734	691124	18	8	693258	11565378	2178982	9386396	2299331191	365771
18731835964	691124	12	8	693258	11565683	2179031	9386652	2299361600	365771
18732378053	691124	16	8	693258	11565968	2179077	9386891	2299390618	365771
18732889474	691124	20	8	693258	11566275	2179128	9387147	2299420759	365771
18733369651	691124	18	8	693258	11566584	2179167	9387417	2299451283	365771
18733781342	691124	15	8	693258	11566859	2179206	9387653	2299479772	365771
18734168725	691124	15	8	693258	11567156	2179254	9387902	2299509918	365771
18734821370	691124	16	8	693258	11567472	2179296	9388176	2299540638	365771
18735247459	691124	16	8	693258	11567776	2179346	9388430	2299571106	365771
18735677356	691124	16	8	693258	11568068	2179399	9388669	2299600536	365771
18736258275	691124	17	8	693258	11568394	2179455	9388939	2299632029	365771
18736766123	691124	15	8	693258	11568687	2179496	9389191	2299662281	365771
18737312160	691124	13	8	693258	11568984	2179551	9389433	2299692140	365771
18737787211	691124	20	8	693258	11569294	2179600	9389694	2299722755	365771
18738331038	691124	19	8	693258	11569612	2179658	9389954	2299753804	365771
18738775114	691124	16	8	693258	11569903	2179701	9390202	2299783544	365771
18739216183	691124	15	8	693258	11570192	2179740	9390452	2299813174	365771
18739636234	691124	15	8	693258	11570474	2179774	9390700	2299842372	365771
18740189197	691124	16	8	693258	11570777	2179819	9390958	2299872800	365771
18740737379	691124	18	8	693258	11571086	2179866	9391220	2299902824	365771
18741130167	691124	18	8	693258	11571364	2179903	9391461	2299931703	365771
18741576159	691124	16	8	693258	11571669	2179952	9391717	2299961726	365771
18742239381	691124	18	8	693258	11571972	2179995	9391977	2299992199	365771
18742728848	691124	16	8	693258	11572267	2180030	9392237	2300021777	365771
18743374721	691124	13	8	693258	11572573	2180085	9392488	2300051985	365771
18743938480	691124	13	8	693258	11572863	2180117	9392746	2300081456	365771
18744669735	691124	16	8	693258	11573172	2180163	9393009	2300112151	365771
18745398106	691124	14	8	693258	11573488	2180212	9393276	2300143233	365771
18745984059	691124	17	8	693258	11573795	2180252	9393543	2300173361	365771
18746412142	691124	17	8	693258	11574088	2180296	9393792	2300202965	365771
18747113632	691124	16	8	693258	11574387	2180338	9394049	2300232251	365771
18747557562	691126	14	8	693260	11574681	2180384	9394297	2300261845	365769
18748237326	691126	19	8	693260	11574993	2180434	9394559	2300292095	365769
18748754387	691126	14	8	693260	11575295	2180478	9394817	2300322411	365769
18749160585	691126	16	8	693260	11575599	2180521	9395078	2300352554	365769
18749542136	691126	16	8	693260	11575893	2180568	9395325	2300381946	365769
18750037136	691126	15	8	693260	11576211	2180616	9395595	2300413158	365769
18750602240	691126	16	8	693260	11576518	2180658	9395860	2300444102	365769
18750859160	691126	16	8	693260	11576802	2180706	9396096	2300472855	365769
18751362622	691126	15	8	693260	11577101	2180747	9396354	2300502480	365769
18751892423	691126	19	8	693260	11577432	2180801	9396631	2300534209	365769
18752185607	691126	13	8	693260	11577720	2180846	9396874	2300563835	365769
18752660233	691126	17	8	693260	11578031	2180902	9397129	2300593697	365769
18753359926	691126	19	8	693260	11578360	2180956	9397404	2300625257	365769
18753870343	691126	14	8	693260	11578658	2181000	9397658	2300655465	365769
18754450044	691126	12	8	693260	11578968	2181054	9397914	2300685932	365769
18754832220	691126	17	8	693260	11579281	2181093	9398188	2300716044	365769
18755482910	691126	16	8	693260	11579597	2181147	9398450	2300746891	365769
18755835388	691126	14	8	693260	11579886	2181188	9398698	2300776168	365769
18756400666	691126	13	8	693260	11580192	2181239	9398953	2300806319	365769
18756902297	691126	18	8	693260	11580489	2181277	9399212	2300836608	365769
18757583518	691126	18	8	693260	11580774	2181319	9399455	2300865458	365769
18758053535	691126	15	8	693260	11581068	2181364	9399704	2300895008	365769
18758578597	691126	16	8	693260	11581353	2181407	9399946	2300924150	365769
18759067439	691126	17	8	693260	11581629	2181441	9400188	2300953001	365769
18759408064	691126	17	8	693260	11581911	2181481	9400430	2300982559	365769
18759815143	691126	16	8	693260	11582213	2181529	9400684	2301012108	365769
18760386279	691126	15	8	693260	11582498	2181566	9400932	2301041270	365769
18760932315	691126	16	8	693260	11582783	2181597	9401186	2301070650	365769
18761430160	691126	19	8	693260	11583081	2181639	9401442	2301100518	365769
18761984071	691127	14	8	693261	11583364	2181682	9401682	2301129940	365768
18762464901	691128	14	8	693262	11583657	2181733	9401924	2301159083	365767
18762912173	691129	18	8	693263	11583950	2181778	9402172	2301188949	365766
18763303697	691130	15	8	693264	11584249	2181819	9402430	2301219374	365765
18763823980	691130	18	8	693264	11584552	2181869	9402683	2301249174	365765
18764273113	691130	16	8	693264	11584848	2181926	9402922	2301279010	365765
18764673118	691130	15	8	693264	11585163	2181983	9403180	2301309668	365765
18765252807	691130	15	8	693264	11585456	2182023	9403433	2301339809	365765
18765917039	691130	18	8	693264	11585760	2182057	9403703	2301369936	365765
18766431779	691130	19	8	693264	11586048	2182098	9403950	2301398883	365765
18766972206	691130	17	8	693264	11586348	2182137	9404211	2301428704	365765
18767389905	691130	15	8	693264	11586634	2182172	9404462	2301457894	365765
18768014202	691130	15	8	693264	11586919	2182215	9404704	2301487292	365765
18768579671	691130	19	8	693264	11587230	2182262	9404968	2301518179	365765
18769043104	691130	16	8	693264	11587531	2182306	9405225	2301548441	365765
18769449258	691130	13	8	693264	11587814	2182352	9405462	2301576434	365765
18770034116	691130	18	8	693264	11588125	2182408	9405717	2301606855	365765
18770472841	691130	14	8	693264	11588418	2182449	9405969	2301636281	365765
18770898352	691130	11	8	693264	11588685	2182495	9406190	2301663393	365765
18771319483	691130	19	8	693264	11588957	2182540	9406417	2301690664	365765
18771779813	691130	17	8	693264	11589262	2182588	9406674	2301720664	365765
18772268333	691130	12	8	693264	11589527	2182628	9406899	2301747489	365765
18772736102	691130	19	8	693264	11589815	2182657	9407158	2301775686	365765
18773365996	691130	14	8	693264	11590110	2182701	9407409	2301805151	365765
18773775942	691130	16	8	693264	11590385	2182742	9407643	2301832482	365765
18774383575	691130	17	8	693264	11590668	2182790	9407878	2301860623	365765
18774972711	691130	15	8	693264	11590954	2182832	9408122	2301889054	365765
18775493159	691130	14	8	693264	11591233	2182873	9408360	2301917710	365765
18775889735	691130	13	8	693264	11591501	2182913	9408588	2301944819	365765
18776326055	691130	17	8	693264	11591790	2182953	9408837	2301973157	365765
18776688462	691130	17	8	693264	11592059	2182997	9409062	2302001255	365765
18777212538	691130	13	8	693264	11592335	2183045	9409290	2302029132	365765
18777490965	691130	16	8	693264	11592601	2183078	9409523	2302056228	365765
18777946722	691130	15	8	693264	11592881	2183121	9409760	2302084456	365765
18778531604	691130	14	8	693264	11593168	2183171	9409997	2302112919	365765
18779060698	691130	17	8	693264	11593460	2183216	9410244	2302141664	365765
18779704468	691130	15	8	693264	11593746	2183254	9410492	2302170156	365765
18780248414	691130	12	8	693264	11594016	2183291	9410725	2302197457	365765
18780713572	691130	17	8	693264	11594294	2183336	9410958	2302225516	365765
18781160198	691130	16	8	693264	11594567	2183384	9411183	2302253256	365765
18781664012	691130	17	8	693264	11594857	2183433	9411424	2302281858	365765
18782166812	691130	15	8	693264	11595128	2183471	9411657	2302309286	365765
18782585044	691130	15	8	693264	11595411	2183515	9411896	2302337789	365765
18783194665	691130	15	8	693264	11595687	2183557	9412130	2302365376	365765
18783920694	691130	18	8	693264	11595992	2183605	9412387	2302394951	365765
18784352970	691130	15	8	693264	11596264	2183648	9412616	2302423349	365765
18784876258	691130	16	8	693264	11596527	2183687	9412840	2302449996	365765
18785494958	691130	16	8	693264	11596809	2183729	9413080	2302478403	365765
18786156523	691130	13	8	693264	11597102	2183779	9413323	2302507721	365765
18786598250	691130	12	8	693264	11597355	2183809	9413546	2302533627	365765
18787157047	691130	17	8	693264	11597657	2183864	9413793	2302562735	365765
18787540702	691130	17	8	693264	11597941	2183907	9414034	2302591749	365765
18787931169	691130	14	8	693264	11598207	2183947	9414260	2302618890	365765
18788343865	691130	15	8	693264	11598468	2183985	9414483	2302645927	365765
18788663540	691130	17	8	693264	11598763	2184028	9414735	2302675374	365765
18789202736	691130	11	8	693264	11599052	2184072	9414980	2302703378	365765
18789664909	691130	18	8	693264	11599319	2184110	9415209	2302730515	365765
18790131604	691130	17	8	693264	11599614	2184150	9415464	2302760081	365765
18790580793	691130	14	8	693264	11599887	2184190	9415697	2302787816	365765
18791084237	691130	16	8	693264	11600155	2184237	9415918	2302814914	365765
18791519958	691130	19	8	693264	11600445	2184280	9416165	2302843791	365765
18791905492	691130	17	8	693264	11600727	2184331	9416396	2302872175	365765
18792434690	691130	15	8	693264	11600993	2184370	9416623	2302899139	365765
18792878770	691130	17	8	693264	11601265	2184402	9416863	2302927280	365765
18793290523	691130	14	8	693264	11601552	2184443	9417109	2302955941	365765
18793937209	691130	15	8	693264	11601838	2184485	9417353	2302984066	365765
18794328902	691130	17	8	693264	11602124	2184531	9417593	2303012805	365765
18794800137	691130	18	8	693264	11602416	2184577	9417839	2303041407	365765
18795169704	691130	15	8	693264	11602692	2184620	9418072	2303068853	365765
18795686434	691130	16	8	693264	11602976	2184661	9418315	2303096936	365765
18796109648	691130	17	8	693264	11603273	2184710	9418563	2303126377	365765
18796608744	691130	17	8	693264	11603550	2184747	9418803	2303154055	365765
18797034755	691130	13	8	693264	11603805	2184787	9419018	2303180486	365765
18797421474	691130	16	8	693264	11604087	2184835	9419252	2303208891	365765
18797907413	691130	13	8	693264	11604381	2184887	9419494	2303238271	365765
18798248005	691130	13	8	693264	11604629	2184925	9419704	2303264589	365765
18798733099	691130	20	8	693264	11604903	2184966	9419937	2303291493	365765
18799123402	691130	20	8	693264	11605214	2185013	9420201	2303321276	365765
18799545041	691130	13	8	693264	11605474	2185050	9420424	2303348294	365765
18800056812	691130	16	8	693264	11605749	2185096	9420653	2303375936	365765
18800780175	691130	19	8	693264	11606026	2185139	9420887	2303404170	365765
18801429537	691130	16	8	693264	11606312	2185185	9421127	2303432739	365765
18801928398	691130	14	8	693264	11606582	2185225	9421357	2303459732	365765
18802259479	691130	18	8	693264	11606861	2185275	9421586	2303487626	365765
18802864737	691130	14	8	693264	11607161	2185326	9421835	2303517423	365765
18803398355	691130	14	8	693264	11607445	2185377	9422068	2303545629	365765
18804163285	691130	19	8	693264	11607728	2185416	9422312	2303573679	365765
18804643979	691130	16	8	693264	11608000	2185454	9422546	2303601788	365765
18805034945	691130	12	8	693264	11608273	2185500	9422773	2303629867	365765
18805645198	691130	15	8	693264	11608547	2185546	9423001	2303657422	365765
18806350400	691130	18	8	693264	11608848	2185599	9423249	2303686820	365765
18806966783	691130	16	8	693264	11609125	2185644	9423481	2303715198	365765
18807576086	691130	16	8	693264	11609405	2185683	9423722	2303742824	365765
18808028907	691130	16	8	693264	11609678	2185721	9423957	2303770898	365765
18808492981	691130	16	8	693264	11609965	2185761	9424204	2303799577	365765
18808936793	691130	12	8	693264	11610235	2185797	9424438	2303827306	365765
18809412202	691130	16	8	693264	11610514	2185831	9424683	2303855033	365765
18809859122	691130	17	8	693264	11610784	2185866	9424918	2303882281	365765
18810511372	691130	16	8	693264	11611067	2185901	9425166	2303910669	365765
18811094705	691130	16	8	693264	11611349	2185942	9425407	2303939246	365765
18811646605	691130	14	8	693264	11611633	2185987	9425646	2303967808	365765
18811991055	691130	16	8	693264	11611912	2186038	9425874	2303995174	365765
18812586938	691131	18	8	693265	11612194	2186075	9426119	2304023625	365764
18812963698	691131	16	8	693265	11612461	2186110	9426351	2304051152	365764
18813465559	691131	14	8	693265	11612742	2186158	9426584	2304079529	365764
18814009179	691131	18	8	693265	11613028	2186194	9426834	2304108122	365764
18814371238	691131	18	8	693265	11613318	2186248	9427070	2304136575	365764
18814816714	691131	13	8	693265	11613585	2186280	9427305	2304163550	365764
18815646129	691131	15	8	693265	11613877	2186322	9427555	2304192251	365764
18816170513	691131	15	8	693265	11614163	2186363	9427800	2304221150	365764
18816670479	691131	15	8	693265	11614432	2186401	9428031	2304248452	365764
18817240446	691131	18	8	693265	11614702	2186433	9428269	2304275152	365764
18817728131	691131	16	8	693265	11614993	2186472	9428521	2304304362	365764
18818236408	691131	14	8	693265	11615258	2186511	9428747	2304331694	365764
18818659508	691131	15	8	693265	11615551	2186564	9428987	2304360559	365764
18819170071	691131	21	8	693265	11615846	2186603	9429243	2304389053	365764
18819724848	691131	16	8	693265	11616119	2186645	9429474	2304417068	365764
18820445619	691131	16	8	693265	11616399	2186686	9429713	2304444790	365764
18820896550	691131	15	8	693265	11616667	2186720	9429947	2304472450	365764
18821266055	691131	15	8	693265	11616959	2186769	9430190	2304501939	365764
18821687109	691131	14	8	693265	11617234	2186818	9430416	2304529395	365764
18822007878	691131	17	8	693265	11617494	2186854	9430640	2304556107	365764
18822452745	691131	14	8	693265	11617768	2186886	9430882	2304583905	365764
18822919992	691131	14	8	693265	11618027	2186919	9431108	2304610738	365764
18823346497	691131	13	8	693265	11618315	2186967	9431348	2304639449	365764
18823641599	691131	16	8	693265	11618585	2187007	9431578	2304666765	365764
18824126300	691131	18	8	693265	11618848	2187042	9431806	2304693769	365764
18824606209	691131	12	8	693265	11619118	2187083	9432035	2304722274	365764
18825074729	691131	14	8	693265	11619402	2187130	9432272	2304750656	365764
18825591825	691131	17	8	693265	11619672	2187172	9432500	2304778145	365764
18825976362	691131	17	8	693265	11619953	2187217	9432736	2304805960	365764
18826586187	691131	13	8	693265	11620230	2187255	9432975	2304833884	365764
18827317047	691131	17	8	693265	11620510	2187294	9433216	2304861798	365764
18827696414	691131	18	8	693265	11620787	2187332	9433455	2304890885	365764
18828125631	691131	16	8	693265	11621058	2187376	9433682	2304917785	365764
18828709763	691131	16	8	693265	11621347	2187418	9433929	2304945908	365764
18829164338	691131	17	8	693265	11621631	2187465	9434166	2304974893	365764
18829654084	691131	12	8	693265	11621906	2187508	9434398	2305002687	365764
18830088006	691131	15	8	693265	11622181	2187545	9434636	2305030460	365764
18830585586	691131	16	8	693265	11622480	2187589	9434891	2305059591	365764
18830961557	691131	15	8	693265	11622744	2187622	9435122	2305086634	365764
18831467128	691131	15	8	693265	11623003	2187658	9435345	2305113760	365764
18832052654	691131	14	8	693265	11623284	2187700	9435584	2305142117	365764
18832451058	691131	15	8	693265	11623566	2187744	9435822	2305170145	365764
18832849931	691131	15	8	693265	11623839	2187793	9436046	2305197722	365764
18833274241	691131	17	8	693265	11624122	2187842	9436280	2305226181	365764
18833652766	691131	14	8	693265	11624400	2187883	9436517	2305254572	365764
18834279385	691131	15	8	693265	11624681	2187928	9436753	2305282387	365764
18834602337	691131	18	8	693265	11624951	2187965	9436986	2305309789	365764
18834968088	691131	17	8	693265	11625243	2188013	9437230	2305339007	365764
18835495205	691131	14	8	693265	11625519	2188056	9437463	2305366501	365764
18835936351	691131	16	8	693265	11625824	2188112	9437712	2305395728	365764
18836493290	691131	15	8	693265	11626111	2188159	9437952	2305424641	365764
18837084450	691131	12	8	693265	11626393	2188194	9438199	2305453247	365764
18837415724	691131	17	8	693265	11626672	2188231	9438441	2305480638	365764
18838096551	691131	16	8	693265	11626969	2188281	9438688	2305509549	365764
18838748382	691131	13	8	693265	11627260	2188330	9438930	2305538457	365764
18839246229	691131	13	8	693265	11627535	2188369	9439166	2305566152	365764
18839916438	691131	14	8	693265	11627834	2188411	9439423	2305595727	365764
18840350581	691131	14	8	693265	11628104	2188448	9439656	2305623215	365764
18840788203	691131	18	8	693265	11628395	2188496	9439899	2305651555	365764
18841356065	691131	13	8	693265	11628680	2188538	9440142	2305680026	365764
18842118717	691131	14	8	693265	11628968	2188577	9440391	2305708281	365764
18842614802	691131	17	8	693265	11629255	2188628	9440627	2305737265	365764
18843312586	691131	17	8	693265	11629545	2188670	9440875	2305766032	365764
18843868592	691131	18	8	693265	11629815	2188714	9441101	2305793361	365764
18844331176	691131	18	8	693265	11630101	2188757	9441344	2305821437	365764
18844841152	691131	14	8	693265	11630375	2188806	9441569	2305849423	365764
18845250786	691131	15	8	693265	11630654	2188848	9441806	2305877739	365764
18845646385	691131	18	8	693265	11630930	2188890	9442040	2305905433	365764
18846067384	691131	17	8	693265	11631223	2188930	9442293	2305934100	365764
18846615565	691131	19	8	693265	11631505	2188974	9442531	2305962422	365764
18847202066	691131	16	8	693265	11631784	2189020	9442764	2305990195	365764
18847669517	691131	16	8	693265	11632068	2189060	9443008	2306018589	365764
18848056536	691131	16	8	693265	11632347	2189105	9443242	2306047299	365764
18848571333	691131	15	8	693265	11632633	2189153	9443480	2306075093	365764
18848885188	691131	17	8	693265	11632896	2189194	9443702	2306102303	365764
18849562199	691131	16	8	693265	11633198	2189249	9443949	2306131919	365764
18849855766	691131	15	8	693265	11633467	2189298	9444169	2306158609	365764
18850417421	691131	16	8	693265	11633740	2189331	9444409	2306186436	365764
18851127335	691131	18	8	693265	11634041	2189378	9444663	2306216049	365764
18851607643	691131	14	8	693265	11634306	2189419	9444887	2306242846	365764
18852164182	691131	19	8	693265	11634599	2189464	9445135	2306271718	365764
18852700332	691131	16	8	693265	11634871	2189507	9445364	2306299587	365764
18853257678	691131	15	8	693265	11635140	2189545	9445595	2306326877	365764
18853908522	691131	17	8	693265	11635436	2189589	9445847	2306355456	365764
18854294817	691131	14	8	693265	11635720	2189637	9446083	2306384344	365764
18854681769	691131	14	8	693265	11635986	2189674	9446312	2306411706	365764
18855351023	691131	16	8	693265	11636261	2189711	9446550	2306439117	365764
18855646568	691131	14	8	693265	11636541	2189750	9446791	2306467466	365764
18856074967	691131	13	8	693265	11636828	2189798	9447030	2306495933	365764
18856443325	691131	15	8	693265	11637104	2189841	9447263	2306523146	365764
18857264877	691131	16	8	693265	11637388	2189887	9447501	2306552119	365764
18857767156	691131	16	8	693265	11637659	2189927	9447732	2306580087	365764
18858236049	691131	13	8	693265	11637922	2189969	9447953	2306607019	365764
18858581403	691131	18	8	693265	11638198	2190004	9448194	2306634996	365764
18859102861	691131	14	8	693265	11638465	2190039	9448426	2306662803	365764
18859496393	691131	13	8	693265	11638732	2190079	9448653	2306689882	365764
18859986371	691131	14	8	693265	11639011	2190117	9448894	2306717548	365764
18860576345	691131	16	8	693265	11639312	2190166	9449146	2306746864	365764
18861112484	691131	13	8	693265	11639584	2190215	9449369	2306774754	365764
18861738938	691131	17	8	693265	11639873	2190263	9449610	2306802906	365764
18862233761	691131	18	8	693265	11640141	2190300	9449841	2306830117	365764
18862828432	691131	14	8	693265	11640428	2190346	9450082	2306858900	365764
18863353403	691131	13	8	693265	11640715	2190390	9450325	2306886642	365764
18863716781	691131	15	8	693265	11641001	2190436	9450565	2306915578	365764
18864148284	691131	16	8	693265	11641288	2190485	9450803	2306944407	365764
18864718672	691131	15	8	693265	11641555	2190526	9451029	2306971201	365764
18865346718	691131	17	8	693265	11641839	2190573	9451266	2306999232	365764
18865947958	691131	17	8	693265	11642138	2190625	9451513	2307028674	365764
18866325410	691131	14	8	693265	11642420	2190663	9451757	2307056769	365764
18866820177	691131	16	8	693265	11642698	2190700	9451998	2307084619	365764
18867252783	691131	19	8	693265	11642974	2190735	9452239	2307112356	365764
18867703033	691131	13	8	693265	11643250	2190784	9452466	2307140286	365764
18868108938	691131	14	8	693265	11643525	2190831	9452694	2307168010	365764
18868616075	691131	16	8	693265	11643813	2190875	9452938	2307197001	365764
18869104536	691131	18	8	693265	11644090	2190912	9453178	2307224500	365764
18869502899	691131	16	8	693265	11644362	2190958	9453404	2307251971	365764
18870001880	691131	16	8	693265	11644639	2191000	9453639	2307280233	365764
18870452543	691131	15	8	693265	11644930	2191045	9453885	2307308785	365764
18870967354	691131	13	8	693265	11645201	2191086	9454115	2307336594	365764
18871354104	691131	17	8	693265	11645486	2191129	9454357	2307364870	365764
18871807966	691131	19	8	693265	11645775	2191173	9454602	2307393851	365764
18872539675	691131	14	8	693265	11646049	2191211	9454838	2307421371	365764
18872830099	691131	15	8	693265	11646322	2191251	9455071	2307448938	365764
18873280536	691131	15	8	693265	11646598	2191283	9455315	2307476888	365764
18873651396	691131	16	8	693265	11646880	2191321	9455559	2307505398	365764
18874069262	691131	16	8	693265	11647147	2191361	9455786	2307532082	365764
18874553821	691131	14	8	693265	11647447	2191418	9456029	2307561603	365764
18875235016	691131	16	8	693265	11647737	2191472	9456265	2307590503	365764
18875957772	691131	14	8	693265	11648010	2191506	9456504	2307617885	365764
18876575405	691131	18	8	693265	11648303	2191556	9456747	2307646714	365764
18877067079	691131	14	8	693265	11648583	2191599	9456984	2307675249	365764
18877392292	691131	14	8	693265	11648848	2191640	9457208	2307702221	365764
18877863838	691131	16	8	693265	11649138	2191688	9457450	2307731183	365764
18878241360	691131	14	8	693265	11649414	2191728	9457686	2307759133	365764
18878745586	691131	16	8	693265	11649689	2191769	9457920	2307786359	365764
18879215533	691131	19	8	693265	11649981	2191819	9458162	2307815424	365764
18879713322	691131	11	8	693265	11650273	2191867	9458406	2307844292	365764
18880190129	691131	12	8	693265	11650548	2191910	9458638	2307871608	365764
18880643079	691131	16	8	693265	11650834	2191953	9458881	2307900152	365764
18881065931	691131	18	8	693265	11651119	2191999	9459120	2307928784	365764
18881448219	691131	13	8	693265	11651384	2192037	9459347	2307955768	365764
18881942642	691131	17	8	693265	11651650	2192074	9459576	2307982607	365764
18882440540	691131	16	8	693265	11651923	2192111	9459812	2308011073	365764
18882792932	691131	13	8	693265	11652194	2192153	9460041	2308038970	365764
18883324898	691131	15	8	693265	11652469	2192197	9460272	2308066038	365764
18883725227	691131	16	8	693265	11652753	2192241	9460512	2308094996	365764
18884232000	691131	14	8	693265	11653037	2192286	9460751	2308123261	365764
18884683644	691131	14	8	693265	11653313	2192331	9460982	2308150985	365764
18885223952	691131	17	8	693265	11653598	2192368	9461230	2308179763	365764
18885765502	691131	19	8	693265	11653884	2192403	9461481	2308207429	365764
18886336556	691131	16	8	693265	11654160	2192442	9461718	2308235174	365764
18886737207	691131	16	8	693265	11654439	2192487	9461952	2308263386	365764
18887457123	691131	16	8	693265	11654704	2192523	9462181	2308291158	365764
18887859058	691131	16	8	693265	11654981	2192567	9462414	2308318762	365764
18888424263	691131	21	8	693265	11655253	2192603	9462650	2308346302	365764
18888915588	691131	15	8	693265	11655521	2192637	9462884	2308373854	365764
18889374506	691131	17	8	693265	11655800	2192675	9463125	2308401671	365764
18889812154	691131	16	8	693265	11656088	2192723	9463365	2308430743	365764
18890286130	691131	17	8	693265	11656364	2192767	9463597	2308458395	365764
18890586930	691131	19	8	693265	11656634	2192811	9463823	2308486162	365764
18891157608	691131	15	8	693265	11656922	2192856	9464066	2308514539	365764
18891673603	691132	15	8	693266	11657200	2192898	9464302	2308542330	365763
18892153915	691132	18	8	693266	11657474	2192942	9464532	2308570003	365763
18892561033	691132	16	8	693266	11657767	2192993	9464774	2308599360	365763
18893187940	691132	15	8	693266	11658041	2193039	9465002	2308627234	365763
18893602567	691132	13	8	693266	11658328	2193083	9465245	2308655462	365763
18894179140	691132	16	8	693266	11658618	2193119	9465499	2308683943	365763
18894854255	691132	19	8	693266	11658899	2193158	9465741	2308712676	365763
18895427120	691132	17	8	693266	11659179	2193196	9465983	2308740415	365763
18895839514	691132	17	8	693266	11659473	2193248	9466225	2308768868	365763
18896124007	691132	18	8	693266	11659751	2193287	9466464	2308797026	365763
18896720572	691132	15	8	693266	11660034	2193329	9466705	2308825872	365763
18897230868	691132	15	8	693266	11660297	2193357	9466940	2308852773	365763
18897726780	691132	18	8	693266	11660588	2193402	9467186	2308881751	365763
18898192446	691132	16	8	693266	11660872	2193449	9467423	2308909936	365763
18898530604	691132	14	8	693266	11661132	2193490	9467642	2308936827	365763
18899040919	691132	18	8	693266	11661437	2193541	9467896	2308966567	365763
18899554991	691132	14	8	693266	11661723	2193583	9468140	2308995294	365763
18899868579	691132	15	8	693266	11662001	2193624	9468377	2309022851	365763
18900422701	691132	18	8	693266	11662291	2193665	9468626	2309051233	365763
18900954264	691132	15	8	693266	11662556	2193703	9468853	2309079163	365763
18901408934	691132	14	8	693266	11662837	2193744	9469093	2309106942	365763
18901764454	691132	16	8	693266	11663109	2193781	9469328	2309134403	365763
18902526440	691132	17	8	693266	11663397	2193829	9469568	2309163402	365763
18902864318	691132	15	8	693266	11663674	2193876	9469798	2309191118	365763
18903376298	691132	16	8	693266	11663940	2193920	9470020	2309218371	365763
18903871479	691132	18	8	693266	11664237	2193966	9470271	2309247380	365763
18904403761	691132	13	8	693266	11664512	2194008	9470504	2309275426	365763
18905066000	691132	17	8	693266	11664797	2194049	9470748	2309303506	365763
18905868691	691132	19	8	693266	11665083	2194087	9470996	2309331949	365763
18906368902	691132	17	8	693266	11665361	2194121	9471240	2309360573	365763
18906775308	691132	16	8	693266	11665609	2194156	9471453	2309386341	365763
18907235171	691132	17	8	693266	11665888	2194193	9471695	2309414383	365763
18907792021	691132	15	8	693266	11666166	2194229	9471937	2309442984	365763
18908350000	691132	13	8	693266	11666430	2194260	9472170	2309470440	365763
18909131425	691132	18	8	693266	11666708	2194301	9472407	2309497914	365763
18909600834	691132	17	8	693266	11666990	2194342	9472648	2309526619	365763
18910095031	691132	16	8	693266	11667281	2194389	9472892	2309554734	365763
18910625671	691132	14	8	693266	11667549	2194432	9473117	2309582068	365763
18911024749	691132	15	8	693266	11667826	2194472	9473354	2309610390	365763
18911543341	691132	13	8	693266	11668105	2194519	9473586	2309639006	365763
18911926844	691132	15	8	693266	11668365	2194551	9473814	2309665090	365763
18912316767	691132	18	8	693266	11668623	2194588	9474035	2309692220	365763
18912760215	691132	14	8	693266	11668903	2194636	9474267	2309720368	365763
18913194668	691132	15	8	693266	11669185	2194677	9474508	2309749049	365763
18913608235	691132	16	8	693266	11669450	2194720	9474730	2309776334	365763
18914029883	691132	19	8	693266	11669731	2194762	9474969	2309804369	365763
18914487999	691132	15	8	693266	11670014	2194810	9475204	2309832827	365763
18915075358	691132	14	8	693266	11670288	2194847	9475441	2309860495	365763
18915718662	691132	13	8	693266	11670565	2194893	9475672	2309888435	365763
18916100213	691132	18	8	693266	11670854	2194938	9475916	2309917507	365763
18916572697	691133	16	8	693267	11671135	2194984	9476151	2309945236	365762
18917119232	691133	14	8	693267	11671413	2195024	9476389	2309973000	365762
18917688854	691133	18	8	693267	11671711	2195067	9476644	2310001791	365762
18918187872	691133	13	8	693267	11671981	2195116	9476865	2310030001	365762
18918569785	691133	17	8	693267	11672266	2195167	9477099	2310058340	365762
18919172654	691133	15	8	693267	11672541	2195207	9477334	2310086094	365762
18919674816	691133	17	8	693267	11672828	2195253	9477575	2310114154	365762
18920107164	691133	16	8	693267	11673094	2195294	9477800	2310141822	365762
18920420920	691133	13	8	693267	11673364	2195336	9478028	2310169274	365762
18921132617	691133	14	8	693267	11673651	2195371	9478280	2310197511	365762
18921530584	691133	15	8	693267	11673948	2195425	9478523	2310226724	365762
18921922626	691133	13	8	693267	11674210	2195465	9478745	2310253676	365762
18922438401	691133	17	8	693267	11674497	2195503	9478994	2310281655	365762
18922901962	691133	16	8	693267	11674786	2195547	9479239	2310310557	365762
18923322939	691133	17	8	693267	11675060	2195597	9479463	2310338497	365762
18923704918	691133	16	8	693267	11675331	2195643	9479688	2310365847	365762
18924080946	691133	17	8	693267	11675627	2195697	9479930	2310395168	365762
18924376106	691133	14	8	693267	11675898	2195738	9480160	2310422768	365762
18924833229	691133	12	8	693267	11676164	2195775	9480389	2310450188	365762
18925284687	691133	17	8	693267	11676455	2195814	9480641	2310479177	365762
18925795452	691133	16	8	693267	11676732	2195866	9480866	2310507230	365762
18926328151	691133	15	8	693267	11677002	2195905	9481097	2310534288	365762
18926882651	691133	16	8	693267	11677286	2195948	9481338	2310562596	365762
18927551040	691133	17	8	693267	11677572	2195998	9481574	2310591385	365762
18927998319	691133	14	8	693267	11677866	2196052	9481814	2310620514	365762
18928600110	691133	17	8	693267	11678143	2196097	9482046	2310648079	365762
18929071925	691133	15	8	693267	11678416	2196132	9482284	2310676050	365762
18929485580	691133	12	8	693267	11678685	2196177	9482508	2310703487	365762
18929863950	691133	15	8	693267	11678963	2196216	9482747	2310731537	365762
18930205486	691133	17	8	693267	11679243	2196253	9482990	2310759401	365762
18930716228	691133	16	8	693267	11679514	2196292	9483222	2310787570	365762
18931355143	691133	16	8	693267	11679789	2196331	9483458	2310814612	365762
18931781383	691133	15	8	693267	11680065	2196370	9483695	2310842790	365762
18932314752	691133	13	8	693267	11680356	2196419	9483937	2310871602	365762
18932812311	691133	15	8	693267	11680641	2196470	9484171	2310899700	365762
18933131887	691134	17	8	693268	11680920	2196513	9484407	2310927434	365761
18933679354	691134	16	8	693268	11681201	2196562	9484639	2310955751	365761
18934119693	691134	15	8	693268	11681481	2196605	9484876	2310983591	365761
18934451272	691134	15	8	693268	11681766	2196647	9485119	2311012488	365761
18934920956	691134	13	8	693268	11682053	2196695	9485358	2311040699	365761
18935655412	691134	19	8	693268	11682345	2196738	9485607	2311069169	365761
18936107224	691134	19	8	693268	11682629	2196780	9485849	2311097958	365761
18936623794	691134	12	8	693268	11682908	2196825	9486083	2311125757	365761
18937046049	691134	16	8	693268	11683194	2196877	9486317	2311154066	365761
18937553143	691134	15	8	693268	11683485	2196920	9486565	2311183010	365761
18938125215	691134	15	8	693268	11683763	2196950	9486813	2311211095	365761
18938708912	691134	18	8	693268	11684041	2196992	9487049	2311239145	365761
18939144211	691136	16	8	693270	11684311	2197033	9487278	2311266106	365759
18939737765	691137	15	8	693271	11684622	2197087	9487535	2311295955	365758
18940348166	691137	15	8	693271	11684899	2197123	9487776	2311324322	365758
18940901032	691138	14	8	693272	11685179	2197165	9488014	2311352502	365757
18941373173	691138	17	8	693272	11685449	2197201	9488248	2311379518	365757
18942121183	691138	19	8	693272	11685741	2197248	9488493	2311408767	365757
18942588925	691138	13	8	693272	11686003	2197283	9488720	2311435696	365757
18942873935	691138	12	8	693272	11686257	2197321	9488936	2311462075	365757
18943385807	691138	19	8	693272	11686547	2197364	9489183	2311490926	365757
