bytes_written	total_items	curr_connections	threads	cmd_set	cmd_get	get_misses	get_hits	bytes_read
14554133039	686052	28	8	688186	9148904	1805777	7343127	2049148003	366278
14555603938	686053	42	8	688187	9149666	1805877	7343789	2049233411	366278
14556672815	686064	36	8	688198	9150390	1806003	7344387	2049320736	366278
14558018549	686070	47	8	688204	9151195	1806122	7345073	2049406492	366277
14559398328	686080	36	8	688214	9151984	1806246	7345738	2049505382	366274
14560923217	686084	32	8	688218	9152825	1806371	7346454	2049594943	366273
14562531803	686087	32	8	688221	9153635	1806494	7347141	2049684852	366273
14564029659	686090	31	8	688224	9154465	1806613	7347852	2049770837	366273
14565671214	686093	28	8	688227	9155303	1806744	7348559	2049856793	366273
14566979805	686100	33	8	688234	9156154	1806880	7349274	2049941329	366271
14568317317	686113	43	8	688247	9156998	1807026	7349972	2050041134	366267
14569839927	686124	37	8	688258	9157848	1807170	7350678	2050138066	366267
14571121012	686129	35	8	688263	9158684	1807305	7351379	2050224264	366265
14572733311	686134	32	8	688268	9159517	1807433	7352084	2050310482	366265
14574163390	686137	31	8	688271	9160363	1807550	7352813	2050397912	366264
14575362788	686143	35	8	688277	9161201	1807681	7353520	2050490447	366264
14576814740	686148	36	8	688282	9162044	1807811	7354233	2050577301	366264
14578152870	686157	33	8	688291	9162894	1807942	7354952	2050676694	366261
14579401569	686168	34	8	688302	9163728	1808077	7355651	2050777307	366257
14580755858	686175	30	8	688309	9164539	1808215	7356324	2050878439	366255
14582208626	686183	33	8	688317	9165402	1808345	7357057	2050984496	366253
14583361410	686183	36	8	688317	9166231	1808467	7357764	2051067792	366253
14584907773	686193	34	8	688327	9167058	1808598	7358460	2051169334	366253
14586545617	686202	33	8	688336	9167874	1808727	7359147	2051267582	366249
14587958986	686205	31	8	688339	9168704	1808854	7359850	2051356747	366248
14589541843	686206	35	8	688340	9169544	1808978	7360566	2051438982	366247
14591274135	686208	37	8	688342	9170368	1809103	7361265	2051528436	366247
14592800811	686215	39	8	688349	9171201	1809231	7361970	2051620898	366246
14594248310	686221	38	8	688355	9172010	1809367	7362643	2051713941	366246
14595648008	686242	36	8	688376	9172856	1809517	7363339	2051842074	366242
14597067553	686251	37	8	688385	9173715	1809665	7364050	2051934247	366239
14598723553	686256	40	8	688390	9174558	1809801	7364757	2052029673	366236
14600194762	686263	37	8	688397	9175373	1809931	7365442	2052130217	366237
14601699564	686266	32	8	688400	9176215	1810077	7366138	2052219732	366236
14603150719	686275	33	8	688409	9177055	1810203	7366852	2052315924	366233
14604286063	686278	36	8	688412	9177838	1810316	7367522	2052403140	366234
14605715575	686294	31	8	688428	9178676	1810461	7368215	2052513185	366227
14607180568	686300	31	8	688434	9179516	1810586	7368930	2052597338	366225
14608788041	686310	32	8	688444	9180353	1810722	7369631	2052691427	366220
14610034949	686313	31	8	688447	9181143	1810838	7370305	2052775392	366220
14611319247	686320	30	8	688454	9181966	1810968	7370998	2052867787	366219
14612738407	686325	30	8	688459	9182797	1811105	7371692	2052955037	366218
14614333353	686329	32	8	688463	9183652	1811248	7372404	2053039539	366217
14615646293	686333	33	8	688467	9184485	1811379	7373106	2053126425	366218
14616600576	686339	28	8	688473	9185294	1811508	7373786	2053209894	366216
14617853327	686344	36	8	688478	9186047	1811617	7374430	2053299203	366215
14619214562	686347	33	8	688481	9186800	1811730	7375070	2053380815	366213
14620447955	686351	32	8	688485	9187641	1811852	7375789	2053468629	366213
14621994343	686359	31	8	688493	9188457	1811994	7376463	2053555149	366210
14623566918	686361	32	8	688495	9189295	1812130	7377165	2053639649	366210
14625148311	686372	34	8	688506	9190090	1812239	7377851	2053748905	366207
14626491212	686393	35	8	688527	9190970	1812402	7378568	2053883546	366201
14628162436	686394	30	8	688528	9191808	1812526	7379282	2053968926	366201
14629541557	686402	38	8	688536	9192638	1812661	7379977	2054065540	366202
14631017954	686406	31	8	688540	9193457	1812796	7380661	2054151043	366201
14632643607	686428	28	8	688562	9194291	1812936	7381355	2054238825	366197
14634083446	686429	32	8	688563	9195117	1813055	7382062	2054322395	366196
14635509647	686436	39	8	688570	9195962	1813187	7382775	2054419025	366196
14636562349	686439	34	8	688573	9196752	1813315	7383437	2054503028	366195
14638092368	686442	40	8	688576	9197568	1813429	7384139	2054587552	366195
14639366826	686460	25	8	688594	9198393	1813573	7384820	2054686356	366189
14641093529	686467	36	8	688601	9199213	1813700	7385513	2054812619	366185
14642408408	686471	40	8	688605	9200031	1813840	7386191	2054893448	366184
14643780427	686473	41	8	688607	9200867	1813989	7386878	2054975876	366184
14644975111	686500	40	8	688634	9201729	1814150	7387579	2055096075	366183
14646260454	686509	33	8	688643	9202553	1814278	7388275	2055190174	366182
14647612882	686521	33	8	688655	9203377	1814421	7388956	2055291525	366182
14649041605	686525	35	8	688659	9204245	1814577	7389668	2055380782	366180
14650375379	686533	30	8	688667	9205071	1814724	7390347	2055490742	366179
14651866239	686537	31	8	688671	9205893	1814851	7391042	2055581082	366180
14653125487	686548	31	8	688682	9206749	1815002	7391747	2055678327	366183
14654464942	686557	29	8	688691	9207575	1815142	7392433	2055783225	366180
14655812992	686561	34	8	688695	9208407	1815266	7393141	2055869982	366180
14657150935	686563	39	8	688697	9209235	1815395	7393840	2055958113	366180
14658615182	686568	37	8	688702	9210063	1815520	7394543	2056047988	366178
14659957056	686569	37	8	688703	9210865	1815648	7395217	2056129430	366177
14661564425	686571	38	8	688705	9211705	1815782	7395923	2056216641	366177
14663117367	686574	35	8	688708	9212546	1815911	7396635	2056300131	366174
14664812699	686582	40	8	688716	9213403	1816052	7397351	2056392175	366174
14666006266	686595	39	8	688729	9214231	1816197	7398034	2056483201	366169
14667326448	686602	41	8	688736	9215055	1816328	7398727	2056568759	366168
14668715639	686609	30	8	688743	9215889	1816462	7399427	2056663437	366169
14670025932	686611	26	8	688745	9216714	1816597	7400117	2056751325	366169
14671569322	686623	27	8	688757	9217572	1816733	7400839	2056842394	366164
14672840155	686635	28	8	688769	9218396	1816887	7401509	2056964419	366163
14674217391	686641	32	8	688775	9219225	1817023	7402202	2057055808	366163
14675858328	686646	33	8	688780	9220033	1817148	7402885	2057141160	366163
14677322581	686650	26	8	688784	9220817	1817270	7403547	2057223372	366163
14678814631	686653	37	8	688787	9221675	1817402	7404273	2057310019	366164
14680040933	686656	37	8	688790	9222412	1817511	7404901	2057386977	366164
14681500378	686660	39	8	688794	9223273	1817662	7405611	2057477853	366163
14682887012	686663	37	8	688797	9224101	1817799	7406302	2057563220	366163
14684667450	686666	39	8	688800	9224949	1817935	7407014	2057650124	366162
14686371207	686666	42	8	688800	9225786	1818054	7407732	2057732859	366162
14688123204	686670	36	8	688804	9226612	1818194	7408418	2057819930	366160
14689832781	686676	30	8	688810	9227456	1818306	7409150	2057910327	366158
14691092988	686680	30	8	688814	9228278	1818433	7409845	2057995480	366156
14692498139	686693	23	8	688827	9229095	1818573	7410522	2058094562	366151
14693686708	686694	29	8	688828	9229918	1818708	7411210	2058176478	366150
14695124849	686698	28	8	688832	9230728	1818845	7411883	2058266325	366149
14696323977	686731	31	8	688865	9231579	1818993	7412586	2058370931	366148
14697588897	686735	28	8	688869	9232397	1819130	7413267	2058459275	366147
14699045824	686740	26	8	688874	9233205	1819244	7413961	2058543918	366145
14700321391	686744	28	8	688878	9234003	1819373	7414630	2058631654	366145
14701793653	686745	31	8	688879	9234832	1819493	7415339	2058714031	366145
14703020718	686746	31	8	688880	9235640	1819612	7416028	2058794845	366145
14704438358	686751	37	8	688885	9236462	1819744	7416718	2058885628	366143
14706093741	686767	37	8	688901	9237277	1819892	7417385	2058971706	366134
14707397468	686771	30	8	688905	9238112	1820027	7418085	2059063360	366132
14708756843	686777	29	8	688911	9238949	1820170	7418779	2059148647	366130
14710102751	686783	28	8	688917	9239761	1820304	7419457	2059242601	366128
14711488993	686785	27	8	688919	9240588	1820444	7420144	2059331774	366127
14713102109	686787	39	8	688921	9241418	1820564	7420854	2059417627	366126
14714543751	686796	36	8	688930	9242254	1820702	7421552	2059511028	366123
14715750033	686806	36	8	688940	9243047	1820846	7422201	2059604581	366118
14717083481	686809	34	8	688943	9243853	1820980	7422873	2059695658	366118
14718357357	686819	27	8	688953	9244669	1821110	7423559	2059793269	366114
14719767417	686820	31	8	688954	9245468	1821245	7424223	2059873495	366114
14721198182	686834	29	8	688968	9246291	1821366	7424925	2059971588	366113
14722433132	686837	28	8	688971	9247106	1821491	7425615	2060057134	366114
14723521808	686842	36	8	688976	9247900	1821612	7426288	2060148058	366113
14724807571	686851	36	8	688985	9248683	1821723	7426960	2060243506	366110
14725765863	686854	32	8	688988	9249453	1821838	7427615	2060328138	366109
14726782399	686861	42	8	688995	9250276	1821968	7428308	2060419720	366108
14728108041	686866	35	8	689000	9251065	1822095	7428970	2060512737	366108
14729451270	686877	33	8	689011	9251869	1822219	7429650	2060606750	366106
14730502154	686887	31	8	689021	9252659	1822344	7430315	2060712617	366105
14732135440	686888	31	8	689022	9253484	1822473	7431011	2060794335	366105
14733524294	686894	24	8	689028	9254287	1822589	7431698	2060883599	366103
14734689679	686909	33	8	689043	9255117	1822734	7432383	2060981109	366101
14735983019	686921	34	8	689055	9255911	1822849	7433062	2061078944	366099
14737367801	686929	32	8	689063	9256717	1822982	7433735	2061168220	366098
14738564986	686947	23	8	689081	9257530	1823124	7434406	2061279482	366096
14739690069	686953	38	8	689087	9258297	1823248	7435049	2061358504	366094
14741060656	686955	32	8	689089	9259077	1823363	7435714	2061440242	366093
14742530585	686967	32	8	689101	9259885	1823490	7436395	2061551859	366091
14743855096	686978	31	8	689112	9260718	1823646	7437072	2061653463	366090
14745534669	686992	30	8	689126	9261539	1823779	7437760	2061766915	366085
14747086048	686994	30	8	689128	9262350	1823905	7438445	2061849240	366084
14748643115	687001	28	8	689135	9263170	1824031	7439139	2061951390	366083
14749970199	687011	33	8	689145	9263990	1824160	7439830	2062045081	366081
14751112085	687034	32	8	689168	9264823	1824303	7440520	2062169651	366078
14752123779	687038	35	8	689172	9265629	1824428	7441201	2062251600	366078
14753493004	687047	35	8	689181	9266444	1824575	7441869	2062347299	366077
14755151148	687049	32	8	689183	9267282	1824704	7442578	2062438379	366078
14756535608	687055	30	8	689189	9268091	1824827	7443264	2062525906	366077
14757906328	687061	30	8	689195	9268929	1824964	7443965	2062611443	366077
14759385365	687069	35	8	689203	9269749	1825104	7444645	2062703224	366076
14760936185	687076	34	8	689210	9270573	1825222	7445351	2062791059	366075
14762483906	687077	34	8	689211	9271399	1825347	7446052	2062880653	366075
14763746277	687082	29	8	689216	9272211	1825493	7446718	2062966802	366074
14765334429	687111	38	8	689245	9273048	1825642	7447406	2063080281	366073
14766582532	687122	30	8	689256	9273819	1825762	7448057	2063166391	366071
14768205177	687128	37	8	689262	9274669	1825896	7448773	2063261350	366070
14769767697	687141	33	8	689275	9275503	1826040	7449463	2063357787	366069
14771499752	687142	37	8	689276	9276324	1826171	7450153	2063439696	366068
14772935676	687160	36	8	689294	9277170	1826324	7450846	2063556666	366068
14774319659	687167	36	8	689301	9277983	1826457	7451526	2063648591	366068
14775698453	687176	30	8	689310	9278776	1826587	7452189	2063747064	366067
14776706200	687184	30	8	689318	9279570	1826721	7452849	2063832255	366066
14779007087	687185	39	8	689319	9280424	1826843	7453581	2063915222	366066
14780376134	687196	34	8	689330	9281232	1826976	7454256	2064015181	366062
14781879574	687196	34	8	689330	9282046	1827094	7454952	2064096204	366062
14783093175	687198	36	8	689332	9282832	1827216	7455616	2064177164	366062
14784408081	687213	31	8	689347	9283662	1827368	7456294	2064283072	366059
14786082459	687223	31	8	689357	9284487	1827504	7456983	2064381242	366057
14787650054	687232	33	8	689366	9285319	1827629	7457690	2064490132	366055
14789413025	687240	33	8	689374	9286160	1827771	7458389	2064582949	366054
14790663354	687247	38	8	689381	9286953	1827891	7459062	2064680282	366053
14792262967	687254	31	8	689388	9287759	1828011	7459748	2064778523	366053
14793808196	687266	33	8	689400	9288600	1828149	7460451	2064869425	366051
14795125221	687272	35	8	689406	9289409	1828256	7461153	2064956627	366052
14796474360	687283	30	8	689417	9290243	1828400	7461843	2065048032	366050
14797734434	687301	38	8	689435	9291060	1828542	7462518	2065155681	366045
14798757914	687306	37	8	689440	9291876	1828675	7463201	2065244057	366045
14800082993	687324	32	8	689458	9292727	1828817	7463910	2065360621	366045
14801586636	687331	39	8	689465	9293498	1828947	7464551	2065443738	366044
14803135075	687339	30	8	689473	9294302	1829071	7465231	2065546742	366042
14804583954	687344	30	8	689478	9295107	1829203	7465904	2065629222	366040
14805860448	687354	33	8	689488	9295936	1829332	7466604	2065717644	366036
14807161072	687360	31	8	689494	9296737	1829467	7467270	2065819342	366034
14808441332	687365	29	8	689499	9297523	1829593	7467930	2065914924	366030
14809629847	687375	34	8	689509	9298323	1829724	7468599	2066004783	366030
14810697773	687380	30	8	689514	9299083	1829844	7469239	2066091887	366031
14812179904	687422	34	8	689556	9299966	1830012	7469954	2066223166	366033
14813463929	687427	40	8	689561	9300769	1830140	7470629	2066311139	366033
14815079511	687432	33	8	689566	9301568	1830267	7471301	2066395632	366032
14816562332	687438	32	8	689572	9302377	1830393	7471984	2066487637	366030
14817972599	687442	32	8	689576	9303174	1830509	7472665	2066572929	366030
14819142989	687456	35	8	689590	9303975	1830637	7473338	2066682204	366029
14820452718	687459	34	8	689593	9304780	1830760	7474020	2066767259	366029
14821751693	687471	32	8	689605	9305561	1830874	7474687	2066870119	366029
14823216330	687474	26	8	689608	9306350	1830991	7475359	2066953579	366028
14824844736	687487	37	8	689621	9307153	1831109	7476044	2067063379	366024
14826407364	687496	30	8	689630	9307977	1831239	7476738	2067155563	366021
14827823460	687499	33	8	689633	9308790	1831369	7477421	2067238437	366021
14829197266	687503	30	8	689637	9309580	1831509	7478071	2067323655	366019
14830585698	687510	38	8	689644	9310389	1831633	7478756	2067432935	366019
14831940494	687516	41	8	689650	9311151	1831745	7479406	2067522110	366019
14833229459	687522	36	8	689656	9311922	1831869	7480053	2067614857	366018
14834560252	687536	22	8	689670	9312740	1831996	7480744	2067703167	366013
14836027474	687540	33	8	689674	9313549	1832116	7481433	2067795671	366012
14837389640	687551	38	8	689685	9314365	1832251	7482114	2067902956	366012
14838720001	687564	37	8	689698	9315183	1832390	7482793	2068003951	366011
14840100468	687568	30	8	689702	9316013	1832522	7483491	2068098616	366011
14841214273	687575	30	8	689709	9316818	1832664	7484154	2068180124	366011
14842646442	687578	38	8	689712	9317655	1832810	7484845	2068266284	366010
14844103943	687584	39	8	689718	9318471	1832939	7485532	2068354664	366009
14845470448	687588	31	8	689722	9319251	1833073	7486178	2068439902	366009
14847112930	687599	28	8	689733	9320061	1833213	7486848	2068535885	366008
14848640265	687605	30	8	689739	9320870	1833337	7487533	2068637151	366009
14850013657	687611	34	8	689745	9321693	1833479	7488214	2068727502	366009
14851372673	687615	35	8	689749	9322502	1833607	7488895	2068836655	366010
14852611260	687621	31	8	689755	9323292	1833733	7489559	2068932721	366010
14853720729	687633	34	8	689767	9324103	1833864	7490239	2069025753	366011
14855156877	687636	29	8	689770	9324861	1833979	7490882	2069110038	366011
14856725095	687636	32	8	689770	9325630	1834081	7491549	2069187717	366011
14857959990	687636	32	8	689770	9326384	1834192	7492192	2069263042	366011
14859410097	687646	34	8	689780	9327192	1834332	7492860	2069362768	366011
14860682903	687652	35	8	689786	9327980	1834446	7493534	2069453239	366010
14862408785	687665	31	8	689799	9328819	1834588	7494231	2069540973	366008
14863884094	687674	33	8	689808	9329558	1834710	7494848	2069634727	366008
14865238054	687685	34	8	689819	9330346	1834849	7495497	2069728339	366006
14866457739	687693	35	8	689827	9331122	1834975	7496147	2069817556	366006
14868256801	687702	24	8	689836	9331898	1835090	7496808	2069909490	366005
14869429154	687708	32	8	689842	9332676	1835210	7497466	2070000630	366005
14870718939	687714	35	8	689848	9333469	1835331	7498138	2070085556	366003
14872167165	687734	31	8	689868	9334267	1835467	7498800	2070210391	366005
14873553275	687740	29	8	689874	9335075	1835585	7499490	2070308311	366004
14874741064	687753	35	8	689887	9335894	1835704	7500190	2070416859	366004
14876035637	687768	24	8	689902	9336707	1835844	7500863	2070511244	366002
14877252877	687782	35	8	689916	9337526	1835987	7501539	2070613820	366002
14878641233	687793	37	8	689927	9338317	1836108	7502209	2070707416	366001
14879982550	687807	34	8	689941	9339121	1836250	7502871	2070802470	365998
14881234097	687814	35	8	689948	9339897	1836367	7503530	2070896373	365997
14882857275	687827	28	8	689961	9340717	1836500	7504217	2070985943	365999
14884415080	687837	26	8	689971	9341525	1836641	7504884	2071084444	366000
14885963972	687843	37	8	689977	9342330	1836783	7505547	2071165791	365997
14887272527	687850	33	8	689984	9343107	1836913	7506194	2071279579	365996
14888621427	687862	27	8	689996	9343885	1837030	7506855	2071368972	365994
14890054945	687873	32	8	690007	9344664	1837143	7507521	2071469619	365990
14891209496	687876	30	8	690010	9345444	1837259	7508185	2071561778	365990
14892562691	687878	27	8	690012	9346225	1837375	7508850	2071643543	365990
14894282669	687885	31	8	690019	9347029	1837502	7509527	2071732343	365986
14895576588	687905	37	8	690039	9347848	1837643	7510205	2071826856	365976
14896967784	687911	33	8	690045	9348615	1837757	7510858	2071917738	365973
14898053978	687916	32	8	690050	9349423	1837896	7511527	2072004254	365973
14899365712	687927	36	8	690061	9350254	1838044	7512210	2072120581	365971
14900761426	687939	27	8	690073	9351052	1838173	7512879	2072225367	365970
14902232972	687945	29	8	690079	9351858	1838302	7513556	2072316434	365971
14903524838	687958	35	8	690092	9352597	1838412	7514185	2072417364	365972
14904980105	687964	28	8	690098	9353381	1838543	7514838	2072509328	365972
14906162847	688017	35	8	690151	9354258	1838709	7515549	2072601628	365995
14907461907	688022	32	8	690156	9355055	1838846	7516209	2072689298	365995
14908470845	688028	26	8	690162	9355827	1838975	7516852	2072777845	365994
14909640824	688041	35	8	690175	9356630	1839107	7517523	2072876916	365995
14910984143	688050	30	8	690184	9357414	1839234	7518180	2072970249	365999
14912130079	688054	38	8	690188	9358219	1839365	7518854	2073053667	365996
14913510555	688072	33	8	690206	9359032	1839498	7519534	2073149214	365997
14914771416	688081	34	8	690215	9359810	1839630	7520180	2073249031	365997
14916142678	688102	36	8	690236	9360630	1839773	7520857	2073425417	366000
14917498421	688107	31	8	690241	9361412	1839883	7521529	2073515824	366000
14918773348	688114	35	8	690248	9362196	1840018	7522178	2073611065	365999
14920204269	688124	30	8	690258	9362992	1840147	7522845	2073713821	365999
14921468075	688139	39	8	690273	9363790	1840280	7523510	2073799381	365996
14922760839	688139	32	8	690273	9364541	1840392	7524149	2073877057	365996
14924070121	688164	30	8	690298	9365212	1840518	7524694	2073971014	366005
14925377796	688170	33	8	690304	9365986	1840651	7525335	2074062214	366006
14926581018	688172	31	8	690306	9366758	1840776	7525982	2074145511	366006
14927883566	688188	29	8	690322	9367571	1840920	7526651	2074249640	366009
14929153004	688193	29	8	690327	9368329	1841017	7527312	2074335954	366009
14930436784	688196	31	8	690330	9369094	1841131	7527963	2074414076	366008
14931478069	688199	31	8	690333	9369883	1841246	7528637	2074496111	366008
14932695376	688216	33	8	690350	9370720	1841396	7529324	2074609304	366009
14933819751	688219	29	8	690353	9371508	1841516	7529992	2074690091	366009
14935188314	688223	32	8	690357	9372331	1841641	7530690	2074782698	366009
14936422212	688230	28	8	690364	9373138	1841783	7531355	2074880645	366007
14937698645	688242	31	8	690376	9373931	1841910	7532021	2074990581	366006
14939461874	688253	36	8	690387	9374729	1842031	7532698	2075086810	366004
14940935497	688256	31	8	690390	9375495	1842149	7533346	2075173568	366004
14942351416	688270	31	8	690404	9376297	1842287	7534010	2075278902	366001
14944009264	688278	30	8	690412	9377088	1842414	7534674	2075388169	366003
14945335787	688284	35	8	690418	9377907	1842555	7535352	2075475588	366003
14946753473	688293	28	8	690427	9378682	1842688	7535994	2075563774	366002
14948081898	688306	33	8	690440	9379484	1842817	7536667	2075670708	366002
14949434273	688315	31	8	690449	9380277	1842952	7537325	2075762581	366002
14950856636	688326	30	8	690460	9381088	1843089	7537999	2075845693	366000
14952220124	688340	37	8	690474	9381889	1843220	7538669	2075970619	365999
14953891422	688347	30	8	690481	9382704	1843368	7539336	2076066515	365998
14955366825	688355	29	8	690489	9383493	1843484	7540009	2076153633	365997
14956565116	688364	30	8	690498	9384299	1843627	7540672	2076240087	365995
14958159137	688372	29	8	690506	9385094	1843755	7541339	2076324457	365996
14959441246	688380	36	8	690514	9385899	1843879	7542020	2076412535	365996
14960646272	688391	32	8	690525	9386668	1844002	7542666	2076501048	365996
14962119341	688402	29	8	690536	9387456	1844129	7543327	2076585297	365996
14963208233	688410	28	8	690544	9388228	1844257	7543971	2076672739	365997
14964767026	688415	38	8	690549	9389041	1844374	7544667	2076764966	365998
14966441110	688423	24	8	690557	9389831	1844505	7545326	2076848037	365997
14967713173	688428	35	8	690562	9390626	1844628	7545998	2076937529	365996
14968883424	688440	36	8	690574	9391407	1844754	7546653	2077039893	365997
14970290030	688450	31	8	690584	9392177	1844873	7547304	2077131842	365995
14971925732	688458	27	8	690592	9392969	1844989	7547980	2077212012	365991
14972997140	688473	38	8	690607	9393781	1845133	7548648	2077309490	365989
14973976624	688480	37	8	690614	9394538	1845252	7549286	2077388819	365989
14975191012	688493	31	8	690627	9395348	1845386	7549962	2077479022	365983
14976686128	688496	29	8	690630	9396169	1845524	7550645	2077562939	365983
14977915693	688496	36	8	690630	9396983	1845649	7551334	2077643087	365983
14979285944	688504	30	8	690638	9397768	1845799	7551969	2077734060	365980
14980654096	688512	32	8	690646	9398559	1845926	7552633	2077832202	365976
14982048661	688528	36	8	690662	9399376	1846060	7553316	2077928817	365972
14983373690	688532	38	8	690666	9400125	1846173	7553952	2078011707	365970
14984658372	688542	35	8	690676	9400853	1846295	7554558	2078087187	365971
14986015019	688548	37	8	690682	9401620	1846424	7555196	2078168401	365972
14987227768	688554	30	8	690688	9402376	1846552	7555824	2078252867	365972
14988653243	688562	28	8	690696	9403202	1846704	7556498	2078340219	365972
14990024994	688571	33	8	690705	9404016	1846828	7557188	2078426277	365971
14991138041	688590	32	8	690724	9404824	1846956	7557868	2078565166	365975
14992553898	688600	30	8	690734	9405636	1847080	7558556	2078658857	365974
14993722286	688607	37	8	690741	9406421	1847204	7559217	2078742841	365975
14995235775	688615	35	8	690749	9407209	1847332	7559877	2078830655	365974
14996614078	688617	35	8	690751	9407998	1847467	7560531	2078910488	365973
14998052318	688620	30	8	690754	9408800	1847592	7561208	2079004106	365971
14999530535	688625	39	8	690759	9409594	1847721	7561873	2079090104	365971
15000549825	688634	32	8	690768	9410346	1847839	7562507	2079184215	365972
15001992354	688637	28	8	690771	9411112	1847952	7563160	2079268507	365972
15003299541	688646	37	8	690780	9411926	1848072	7563854	2079357797	365969
15004475146	688658	37	8	690792	9412689	1848193	7564496	2079465297	365965
15005968622	688670	29	8	690804	9413463	1848323	7565140	2079553970	365964
15007282803	688679	34	8	690813	9414280	1848464	7565816	2079645799	365962
15008640004	688692	35	8	690826	9415071	1848590	7566481	2079738987	365965
15009905041	688702	29	8	690836	9415893	1848711	7567182	2079851380	365969
15011238316	688720	39	8	690854	9416717	1848859	7567858	2079993387	365971
15012849425	688733	33	8	690867	9417498	1848992	7568506	2080097907	365971
15014323435	688743	31	8	690877	9418282	1849118	7569164	2080204561	365969
15015875006	688745	27	8	690879	9419074	1849233	7569841	2080284177	365969
15017159218	688749	41	8	690883	9419858	1849341	7570517	2080367468	365969
15018437013	688753	32	8	690887	9420618	1849458	7571160	2080454682	365969
15019791449	688754	27	8	690888	9421385	1849567	7571818	2080532221	365969
15021147803	688759	35	8	690893	9422198	1849690	7572508	2080618636	365969
15022516918	688767	33	8	690901	9423002	1849823	7573179	2080713888	365969
15023547470	688771	35	8	690905	9423716	1849922	7573794	2080789927	365969
15025098953	688783	32	8	690917	9424530	1850047	7574483	2080896525	365965
15026284848	688788	33	8	690922	9425316	1850166	7575150	2080992547	365962
15027733725	688796	33	8	690930	9426083	1850282	7575801	2081077036	365959
15028833195	688806	27	8	690940	9426858	1850415	7576443	2081175935	365957
15030100790	688808	30	8	690942	9427645	1850530	7577115	2081253884	365957
15031645855	688821	33	8	690955	9428461	1850659	7577802	2081388759	365955
15032928768	688832	35	8	690966	9429249	1850784	7578465	2081484314	365952
15034218832	688848	27	8	690982	9430049	1850916	7579133	2081604523	365950
15035417541	688850	35	8	690984	9430833	1851039	7579794	2081683636	365950
15036779579	688858	37	8	690992	9431615	1851165	7580450	2081769151	365946
15038324012	688866	33	8	691000	9432397	1851287	7581110	2081868131	365946
15039804135	688867	31	8	691001	9433189	1851403	7581786	2081946248	365945
15041522149	688870	36	8	691004	9433981	1851521	7582460	2082025798	365943
15043006552	688877	29	8	691011	9434769	1851653	7583116	2082112701	365939
15044448169	688884	32	8	691018	9435587	1851800	7583787	2082213249	365939
15045865313	688888	31	8	691022	9436354	1851913	7584441	2082293974	365940
15047031260	688896	37	8	691030	9437153	1852034	7585119	2082395723	365940
15048567700	688903	29	8	691037	9437941	1852161	7585780	2082483827	365937
15049797343	688918	30	8	691052	9438770	1852296	7586474	2082581790	365935
15051171275	688920	34	8	691054	9439572	1852418	7587154	2082663936	365935
15052402023	688926	31	8	691060	9440341	1852527	7587814	2082746472	365934
15053914017	688940	32	8	691074	9441120	1852653	7588467	2082860449	365932
15055679568	688949	33	8	691083	9441934	1852785	7589149	2082952967	365931
15057238160	688975	30	8	691109	9442741	1852939	7589802	2083036030	365931
15058503465	688980	31	8	691114	9443524	1853062	7590462	2083120060	365930
15059817943	688990	36	8	691124	9444320	1853190	7591130	2083214487	365929
15061189953	689002	32	8	691136	9445110	1853320	7591790	2083311531	365926
15062499353	689012	26	8	691146	9445876	1853451	7592425	2083394672	365928
15064229845	689019	36	8	691153	9446725	1853581	7593144	2083495699	365929
15065520484	689032	37	8	691166	9447507	1853699	7593808	2083602963	365927
15066922667	689046	25	8	691180	9448282	1853819	7594463	2083710881	365928
15068715507	689056	34	8	691190	9449110	1853947	7595163	2083804877	365927
15070012100	689061	34	8	691195	9449889	1854070	7595819	2083892009	365927
15071053622	689066	31	8	691200	9450648	1854193	7596455	2083972359	365926
15072376154	689072	32	8	691206	9451446	1854320	7597126	2084055845	365925
15074138766	689081	34	8	691215	9452263	1854459	7597804	2084148088	365924
15075184111	689084	29	8	691218	9453036	1854586	7598450	2084234013	365924
15076464417	689094	33	8	691228	9453859	1854733	7599126	2084321618	365920
15077703561	689098	36	8	691232	9454675	1854873	7599802	2084410784	365919
15078914788	689104	30	8	691238	9455457	1854996	7600461	2084498674	365919
15080157969	689119	35	8	691253	9456264	1855124	7601140	2084610828	365916
15081208267	689127	31	8	691261	9457040	1855261	7601779	2084699145	365917
15082616411	689130	27	8	691264	9457820	1855378	7602442	2084783809	365916
15083972062	689138	40	8	691272	9458641	1855525	7603116	2084870489	365914
15085198426	689144	33	8	691278	9459424	1855654	7603770	2084964585	365916
15086577499	689150	29	8	691284	9460213	1855769	7604444	2085052565	365914
15087993457	689179	34	8	691313	9461009	1855896	7605113	2085162630	365922
15089652261	689188	30	8	691322	9461805	1856029	7605776	2085267237	365924
15091075036	689188	33	8	691322	9462584	1856148	7606436	2085344641	365924
15092288578	689194	31	8	691328	9463353	1856252	7607101	2085427434	365924
15093607123	689209	32	8	691343	9464187	1856396	7607791	2085515952	365928
15095158528	689220	36	8	691354	9465004	1856526	7608478	2085608035	365927
15096319491	689222	26	8	691356	9465772	1856646	7609126	2085686522	365926
15097504044	689228	32	8	691362	9466567	1856780	7609787	2085783552	365926
15098648988	689235	37	8	691369	9467328	1856899	7610429	2085870704	365927
15100128750	689237	31	8	691371	9468109	1857024	7611085	2085952066	365929
15101550582	689245	32	8	691379	9468884	1857148	7611736	2086048090	365929
15102643626	689251	34	8	691385	9469617	1857268	7612349	2086131674	365927
15104070184	689268	29	8	691402	9470393	1857398	7612995	2086241252	365930
15105397416	689269	30	8	691403	9471201	1857538	7613663	2086320843	365930
15106751992	689278	30	8	691412	9471968	1857673	7614295	2086410921	365929
15107805799	689286	25	8	691420	9472666	1857788	7614878	2086485286	365928
15109352833	689293	32	8	691427	9473440	1857906	7615534	2086602161	365928
15110565869	689295	34	8	691429	9474197	1858040	7616157	2086683332	365928
15111978498	689306	27	8	691440	9474951	1858168	7616783	2086779226	365928
15113348027	689308	31	8	691442	9475722	1858279	7617443	2086857439	365928
15114415751	689311	34	8	691445	9476480	1858406	7618074	2086943127	365929
15115566279	689315	30	8	691449	9477246	1858527	7618719	2087030480	365929
15116714584	689317	33	8	691451	9478033	1858648	7619385	2087112060	365929
15118243423	689335	27	8	691469	9478853	1858788	7620065	2087219999	365927
15119783143	689350	35	8	691484	9479638	1858916	7620722	2087324276	365928
15120986803	689360	34	8	691494	9480416	1859046	7621370	2087411951	365927
15122505209	689365	28	8	691499	9481174	1859180	7621994	2087501612	365928
15123902265	689369	37	8	691503	9481952	1859296	7622656	2087592552	365929
15125015767	689373	30	8	691507	9482693	1859404	7623289	2087680616	365927
15126502079	689376	32	8	691510	9483498	1859540	7623958	2087763938	365927
15127857662	689377	31	8	691511	9484243	1859646	7624597	2087840183	365926
15129167928	689378	30	8	691512	9485022	1859765	7625257	2087917803	365926
15130542751	689383	29	8	691517	9485786	1859881	7625905	2088000549	365925
15131900238	689389	33	8	691523	9486540	1859995	7626545	2088087782	365924
15133188496	689395	31	8	691529	9487345	1860140	7627205	2088193057	365921
15134360411	689403	28	8	691537	9488115	1860261	7627854	2088282752	365919
15135756459	689413	33	8	691547	9488886	1860384	7628502	2088378655	365916
15136958763	689421	30	8	691555	9489651	1860504	7629147	2088467067	365912
15138528997	689434	25	8	691568	9490410	1860614	7629796	2088563539	365909
15140102894	689436	35	8	691570	9491209	1860734	7630475	2088641366	365908
15141327584	689443	28	8	691577	9491980	1860858	7631122	2088724959	365908
15142527247	689447	34	8	691581	9492700	1860964	7631736	2088806794	365908
15143545964	689455	27	8	691589	9493426	1861085	7632341	2088891492	365907
15144790084	689463	27	8	691597	9494215	1861222	7632993	2088984683	365904
15146189754	689467	29	8	691601	9495017	1861356	7633661	2089070469	365903
15147485161	689470	32	8	691604	9495781	1861485	7634296	2089153319	365903
15148739277	689479	30	8	691613	9496533	1861596	7634937	2089246780	365903
15150083324	689484	30	8	691618	9497310	1861714	7635596	2089328234	365902
15151192551	689487	37	8	691621	9498062	1861828	7636234	2089408262	365902
15152532849	689487	28	8	691621	9498807	1861940	7636867	2089483446	365902
15154102327	689491	29	8	691625	9499602	1862051	7637551	2089574441	365901
15155284850	689497	35	8	691631	9500370	1862167	7638203	2089654598	365900
15156393592	689500	32	8	691634	9501145	1862294	7638851	2089733826	365901
15157764426	689511	33	8	691645	9501924	1862422	7639502	2089829150	365898
15159099710	689515	36	8	691649	9502690	1862554	7640136	2089911516	365898
15160180293	689519	28	8	691653	9503436	1862670	7640766	2089990100	365896
15161392264	689525	32	8	691659	9504209	1862776	7641433	2090082237	365893
15162678352	689537	26	8	691671	9505014	1862916	7642098	2090176508	365893
15164002599	689539	30	8	691673	9505790	1863024	7642766	2090256254	365893
15165330386	689547	32	8	691681	9506577	1863157	7643420	2090351107	365892
15166326167	689551	34	8	691685	9507346	1863263	7644083	2090445970	365893
15167453564	689559	36	8	691693	9508083	1863381	7644702	2090526629	365891
15168812251	689565	30	8	691699	9508831	1863488	7645343	2090611628	365891
15170213642	689574	32	8	691708	9509628	1863612	7646016	2090708749	365890
15171806590	689576	28	8	691710	9510415	1863724	7646691	2090793399	365891
15173341156	689576	30	8	691710	9511207	1863840	7647367	2090872010	365891
15174582745	689586	26	8	691720	9511970	1863970	7648000	2090958458	365892
15175694320	689589	33	8	691723	9512765	1864087	7648678	2091054303	365892
15177070702	689595	29	8	691729	9513558	1864214	7649344	2091138163	365889
15178374327	689599	28	8	691733	9514319	1864321	7649998	2091223170	365891
15179955017	689608	28	8	691742	9515076	1864440	7650636	2091310018	365889
15181497439	689609	33	8	691743	9515882	1864578	7651304	2091390243	365889
15182838505	689614	25	8	691748	9516681	1864711	7651970	2091469245	365891
15184011071	689617	37	8	691751	9517436	1864829	7652607	2091559056	365890
15185706068	689623	25	8	691757	9518201	1864951	7653250	2091655875	365892
15187081643	689625	34	8	691759	9518988	1865076	7653912	2091735895	365892
15188678924	689634	31	8	691768	9519769	1865194	7654575	2091829786	365893
15189698644	689648	30	8	691782	9520542	1865333	7655209	2091912849	365896
15191399308	689661	28	8	691795	9521343	1865471	7655872	2092008625	365902
15192694739	689664	36	8	691798	9522131	1865590	7656541	2092089771	365901
15194107857	689668	29	8	691802	9522902	1865715	7657187	2092175958	365900
15195615773	689670	31	8	691804	9523697	1865836	7657861	2092259062	365900
15197000181	689678	32	8	691812	9524471	1865955	7658516	2092361164	365902
15198290214	689686	35	8	691820	9525261	1866082	7659179	2092449609	365904
15199433440	689693	28	8	691827	9526026	1866213	7659813	2092533952	365906
15200656412	689699	30	8	691833	9526801	1866342	7660459	2092624188	365908
15201892942	689700	29	8	691834	9527587	1866462	7661125	2092702764	365908
15203232854	689709	31	8	691843	9528357	1866575	7661782	2092785584	365910
15204207289	689718	30	8	691852	9529143	1866715	7662428	2092880269	365910
15205712655	689725	28	8	691859	9529951	1866832	7663119	2092961159	365912
15207102101	689735	32	8	691869	9530752	1866979	7663773	2093049662	365914
15208506404	689740	30	8	691874	9531506	1867090	7664416	2093135138	365914
15209799580	689759	30	8	691893	9532285	1867218	7665067	2093234598	365917
15211260755	689762	32	8	691896	9533067	1867334	7665733	2093319332	365917
15212985366	689768	34	8	691902	9533872	1867457	7666415	2093413185	365919
15214338694	689778	35	8	691912	9534619	1867574	7667045	2093502185	365921
15215902092	689786	28	8	691920	9535392	1867701	7667691	2093590753	365921
15217170364	689789	32	8	691923	9536171	1867835	7668336	2093675668	365921
15218641627	689793	26	8	691927	9536942	1867962	7668980	2093761207	365922
15219731688	689809	34	8	691943	9537715	1868104	7669611	2093864203	365927
15221364458	689814	27	8	691948	9538499	1868218	7670281	2093951079	365927
15222779285	689818	32	8	691952	9539290	1868340	7670950	2094040304	365929
15224323805	689824	28	8	691958	9540073	1868451	7671622	2094127580	365930
15225709288	689829	35	8	691963	9540837	1868561	7672276	2094216960	365931
15227042100	689836	28	8	691970	9541622	1868672	7672950	2094308900	365930
15228271064	689840	32	8	691974	9542409	1868788	7673621	2094391849	365930
15229752576	689846	32	8	691980	9543227	1868918	7674309	2094478701	365931
15231077921	689854	29	8	691988	9543912	1869031	7674881	2094559785	365930
15232510464	689863	37	8	691997	9544696	1869142	7675554	2094677121	365931
15233966433	689870	31	8	692004	9545511	1869273	7676238	2094758888	365930
15235247562	689872	33	8	692006	9546240	1869389	7676851	2094843151	365930
15236656150	689877	33	8	692011	9547038	1869511	7677527	2094928603	365931
15238157288	689885	26	8	692019	9547785	1869622	7678163	2095012232	365933
15239555390	689887	31	8	692021	9548568	1869740	7678828	2095092134	365933
15240626135	689890	34	8	692024	9549360	1869870	7679490	2095177285	365933
15242455020	689895	34	8	692029	9550169	1869995	7680174	2095261103	365932
15243637066	689899	21	8	692033	9550951	1870121	7680830	2095344685	365932
15245013623	689900	30	8	692034	9551726	1870231	7681495	2095419751	365931
15246274516	689911	28	8	692045	9552430	1870352	7682078	2095517586	365933
15247474097	689914	33	8	692048	9553212	1870484	7682728	2095602554	365932
15249013201	689918	33	8	692052	9554014	1870610	7683404	2095695424	365932
15250412142	689923	26	8	692057	9554797	1870735	7684062	2095796881	365935
15251973908	689926	29	8	692060	9555568	1870850	7684718	2095884130	365936
15252994153	689938	24	8	692072	9556313	1870975	7685338	2095972213	365940
15254322565	689938	34	8	692072	9557084	1871085	7685999	2096048137	365940
15255840685	689947	24	8	692081	9557864	1871220	7686644	2096139721	365941
15256965815	689948	32	8	692082	9558646	1871347	7687299	2096218824	365942
15258262452	689954	30	8	692088	9559443	1871484	7687959	2096310031	365946
15259557497	689962	29	8	692096	9560225	1871615	7688610	2096398687	365947
15261084557	689963	39	8	692097	9561008	1871739	7689269	2096478026	365947
15262303557	689967	27	8	692101	9561734	1871852	7689882	2096557717	365948
15263884426	689973	34	8	692107	9562525	1871972	7690553	2096639928	365950
15265204077	689982	27	8	692116	9563300	1872105	7691195	2096718258	365950
15266668997	689993	30	8	692127	9564078	1872232	7691846	2096805697	365952
15267786652	690001	29	8	692135	9564852	1872351	7692501	2096895887	365953
15269487180	690005	30	8	692139	9565643	1872479	7693164	2096979390	365953
15270784780	690011	29	8	692145	9566399	1872595	7693804	2097064468	365951
15272143066	690012	28	8	692146	9567139	1872716	7694423	2097179192	365952
15273361344	690015	29	8	692149	9567898	1872826	7695072	2097283701	365953
15274367433	690017	26	8	692151	9568656	1872943	7695713	2097362319	365953
15275801865	690019	35	8	692153	9569438	1873065	7696373	2097459893	365952
15276963520	690020	29	8	692154	9570200	1873182	7697018	2097537437	365952
15278025222	690024	30	8	692158	9570967	1873303	7697664	2097627026	365954
15279768385	690030	32	8	692164	9571780	1873428	7698352	2097709856	365952
15280837456	690031	31	8	692165	9572571	1873563	7699008	2097789106	365952
15282387750	690036	30	8	692170	9573353	1873689	7699664	2097874614	365953
15283878709	690036	29	8	692170	9574117	1873797	7700320	2097951055	365953
15285024848	690041	32	8	692175	9574890	1873907	7700983	2098034520	365954
15286425480	690042	31	8	692176	9575672	1874034	7701638	2098113269	365954
15287519850	690052	31	8	692186	9576446	1874161	7702285	2098198071	365960
15289181479	690058	33	8	692192	9577226	1874283	7702943	2098286890	365961
15290971228	690060	33	8	692194	9577991	1874393	7703598	2098364258	365961
15292394767	690061	34	8	692195	9578757	1874499	7704258	2098447452	365961
15293857258	690062	33	8	692196	9579478	1874613	7704865	2098519141	365961
15295056000	690064	29	8	692198	9580227	1874733	7705494	2098597346	365961
15296314535	690066	34	8	692200	9581008	1874848	7706160	2098675854	365961
15297687788	690073	26	8	692207	9581779	1874982	7706797	2098760414	365964
15299136069	690074	33	8	692208	9582533	1875096	7707437	2098837232	365964
15300459042	690076	31	8	692210	9583315	1875214	7708101	2098919884	365964
15301648219	690076	29	8	692210	9584088	1875341	7708747	2098996241	365964
15303358073	690077	31	8	692211	9584857	1875446	7709411	2099075592	365964
15304475013	690079	29	8	692213	9585601	1875549	7710052	2099151094	365965
15305870649	690081	35	8	692215	9586376	1875672	7710704	2099231644	365966
15307185065	690091	26	8	692225	9587144	1875786	7711358	2099315663	365969
15308628292	690097	32	8	692231	9587923	1875894	7712029	2099399643	365969
15310325951	690102	29	8	692236	9588670	1876000	7712670	2099482794	365968
15311485805	690102	34	8	692236	9589438	1876123	7713315	2099559226	365968
15313233107	690104	26	8	692238	9590197	1876231	7713966	2099640135	365967
15314580130	690107	37	8	692241	9590961	1876351	7714610	2099717485	365965
15315914663	690110	32	8	692244	9591705	1876456	7715249	2099793852	365965
15317126080	690110	40	8	692244	9592433	1876556	7715877	2099867452	365965
15318390481	690114	24	8	692248	9593177	1876680	7716497	2099951894	365968
15319908032	690120	37	8	692254	9593994	1876800	7717194	2100036464	365969
15321241963	690122	26	8	692256	9594761	1876929	7717832	2100117052	365970
15322774687	690138	32	8	692272	9595587	1877061	7718526	2100218854	365976
15323741290	690140	31	8	692274	9596349	1877185	7719164	2100296984	365975
15325098257	690157	21	8	692291	9597114	1877326	7719788	2100391779	365981
15326333306	690165	33	8	692299	9597909	1877442	7720467	2100476496	365984
15327686268	690170	36	8	692304	9598705	1877564	7721141	2100563484	365984
15328888815	690172	29	8	692306	9599456	1877687	7721769	2100645650	365984
15330325212	690173	34	8	692307	9600241	1877802	7722439	2100727686	365984
15331768633	690179	26	8	692313	9600985	1877906	7723079	2100817856	365987
15333221632	690179	23	8	692313	9601756	1878037	7723719	2100893509	365987
15334558508	690181	32	8	692315	9602539	1878147	7724392	2100973891	365987
15336173407	690185	35	8	692319	9603335	1878281	7725054	2101057153	365986
15337351066	690188	29	8	692322	9604126	1878404	7725722	2101137120	365986
15338502191	690192	29	8	692326	9604915	1878524	7726391	2101219564	365986
15339828457	690196	32	8	692330	9605696	1878638	7727058	2101302247	365986
15341040564	690199	32	8	692333	9606482	1878768	7727714	2101383684	365986
15342211525	690203	33	8	692337	9607261	1878899	7728362	2101469715	365986
15343520499	690208	27	8	692342	9608024	1879017	7729007	2101549132	365986
15344859591	690209	32	8	692343	9608801	1879141	7729660	2101628204	365986
15346328102	690210	30	8	692344	9609554	1879251	7730303	2101706098	365987
15347724549	690211	29	8	692345	9610329	1879370	7730959	2101784983	365987
15348916658	690216	30	8	692350	9611106	1879501	7731605	2101866441	365988
15350419399	690223	25	8	692357	9611898	1879628	7732270	2101953277	365992
15351704168	690223	32	8	692357	9612641	1879747	7732894	2102027027	365992
15353029217	690226	37	8	692360	9613430	1879883	7733547	2102111531	365993
15354179004	690235	26	8	692369	9614166	1879992	7734174	2102245956	365995
15356153453	690236	36	8	692370	9614928	1880106	7734822	2102324544	365995
15357251595	690245	29	8	692379	9615678	1880226	7735452	2102417832	365995
15358819262	690247	31	8	692381	9616474	1880366	7736108	2102499940	365996
15360060257	690256	32	8	692390	9617235	1880484	7736751	2102602462	365997
15361246407	690259	30	8	692393	9617982	1880589	7737393	2102681826	365996
15362374452	690262	31	8	692396	9618759	1880712	7738047	2102762991	365995
15363856418	690265	31	8	692399	9619536	1880832	7738704	2102841044	365995
15365115115	690278	33	8	692412	9620330	1880961	7739369	2102938205	365998
15366525731	690280	32	8	692414	9621079	1881080	7739999	2103020976	365998
15368098536	690280	30	8	692414	9621833	1881192	7740641	2103095863	365998
15369275384	690283	29	8	692417	9622586	1881303	7741283	2103176804	365997
15370622584	690283	28	8	692417	9623369	1881431	7741938	2103254544	365997
15372058632	690287	29	8	692421	9624149	1881536	7742613	2103332469	365998
15373585384	690294	29	8	692428	9624948	1881653	7743295	2103412061	365997
15375454462	690296	28	8	692430	9625733	1881765	7743968	2103495287	365998
15376968098	690297	34	8	692431	9626492	1881869	7744623	2103570955	365998
15378317411	690297	26	8	692431	9627267	1881984	7745283	2103649064	365998
15379724732	690299	33	8	692433	9628062	1882104	7745958	2103729758	365998
15381225105	690299	30	8	692433	9628855	1882225	7746630	2103808452	365998
15382466096	690306	27	8	692440	9629613	1882338	7747275	2103906607	365999
15383888120	690308	30	8	692442	9630375	1882448	7747927	2103985313	365999
15385226414	690308	34	8	692442	9631176	1882565	7748611	2104062985	365999
15386418171	690308	28	8	692442	9631956	1882699	7749257	2104141037	365999
15387796108	690308	30	8	692442	9632737	1882812	7749925	2104219217	365999
15389291595	690310	33	8	692444	9633509	1882930	7750579	2104299892	365999
15390311112	690317	30	8	692451	9634254	1883054	7751200	2104383006	366001
15391657333	690318	29	8	692452	9635020	1883164	7751856	2104461154	366001
15392686022	690323	34	8	692457	9635768	1883273	7752495	2104557356	365999
15393735698	690329	31	8	692463	9636542	1883405	7753137	2104638234	366002
15395000280	690329	31	8	692463	9637326	1883522	7753804	2104715839	366002
15396701989	690332	28	8	692466	9638110	1883656	7754454	2104793605	366003
15398255053	690335	31	8	692469	9638880	1883772	7755108	2104876551	366003
15399227728	690338	27	8	692472	9639624	1883908	7755716	2104954383	366004
15400554742	690338	34	8	692472	9640397	1884030	7756367	2105031668	366004
15402025483	690339	27	8	692473	9641161	1884144	7757017	2105118228	366004
15403280863	690341	30	8	692475	9641935	1884269	7757666	2105203033	366005
15404486018	690346	32	8	692480	9642731	1884402	7758329	2105303341	366005
15405897635	690347	29	8	692481	9643528	1884516	7759012	2105383226	366004
15407103955	690347	34	8	692481	9644325	1884641	7759684	2105460925	366004
15408234750	690348	31	8	692482	9645076	1884756	7760320	2105549183	366004
15409677873	690349	34	8	692483	9645849	1884872	7760977	2105626305	366003
15411219328	690354	31	8	692488	9646629	1884993	7761636	2105717108	366005
15412294355	690357	34	8	692491	9647410	1885115	7762295	2105794644	366005
15413904550	690359	34	8	692493	9648146	1885228	7762918	2105870210	366005
15415165655	690361	29	8	692495	9648927	1885366	7763561	2105950277	366005
15416407406	690364	35	8	692498	9649731	1885500	7764231	2106031661	366004
15417443112	690364	26	8	692498	9650455	1885612	7764843	2106105446	366004
15418660780	690364	33	8	692498	9651231	1885730	7765501	2106181570	366004
15419714180	690365	30	8	692499	9652005	1885847	7766158	2106258956	366004
15421077573	690366	29	8	692500	9652768	1885972	7766796	2106337751	366004
15421987044	690369	25	8	692503	9653523	1886105	7767418	2106414241	366006
15423618702	690371	27	8	692505	9654290	1886225	7768065	2106493890	366007
15425134816	690380	34	8	692514	9655081	1886356	7768725	2106578420	366007
15426467679	690383	28	8	692517	9655844	1886475	7769369	2106659700	366008
15427581914	690386	29	8	692520	9656610	1886577	7770033	2106743045	366008
15429068936	690387	30	8	692521	9657398	1886700	7770698	2106820422	366008
15430454390	690388	27	8	692522	9658165	1886821	7771344	2106896371	366008
15431657511	690388	34	8	692522	9658934	1886943	7771991	2106972072	366008
15432654182	690389	28	8	692523	9659685	1887055	7772630	2107047870	366007
15433930590	690391	25	8	692525	9660446	1887171	7773275	2107124311	366007
15435266535	690399	29	8	692533	9661198	1887292	7773906	2107206718	366008
15436694075	690399	29	8	692533	9661947	1887400	7774547	2107281427	366008
15437940797	690403	34	8	692537	9662715	1887522	7775193	2107357212	366007
15439166010	690403	28	8	692537	9663445	1887636	7775809	2107431719	366007
15440480577	690406	30	8	692540	9664221	1887762	7776459	2107512342	366006
15441915797	690409	33	8	692543	9664980	1887877	7777103	2107601986	366007
15443403260	690414	27	8	692548	9665694	1887986	7777708	2107681656	366009
15444846202	690414	32	8	692548	9666433	1888090	7778343	2107755885	366009
15446062907	690414	29	8	692548	9667205	1888216	7778989	2107832656	366008
15447319207	690417	29	8	692551	9667953	1888334	7779619	2107910695	366008
15448453605	690418	33	8	692552	9668702	1888447	7780255	2107986665	366008
15449605014	690419	27	8	692553	9669458	1888575	7780883	2108062987	366008
15450931163	690424	21	8	692558	9670222	1888688	7781534	2108139530	366010
15451932849	690426	34	8	692560	9670999	1888806	7782193	2108219593	366010
15452887714	690427	29	8	692561	9671701	1888909	7782792	2108292814	366010
15454395234	690428	27	8	692562	9672459	1889044	7783415	2108367593	366010
15455804480	690434	30	8	692568	9673249	1889177	7784072	2108471150	366012
15456972561	690436	34	8	692570	9673989	1889276	7784713	2108551725	366013
15458187561	690437	23	8	692571	9674721	1889399	7785322	2108628635	366013
15459583565	690440	29	8	692574	9675460	1889510	7785950	2108704590	366015
15460868436	690440	30	8	692574	9676240	1889629	7786611	2108780777	366015
15462019572	690443	27	8	692577	9676997	1889754	7787243	2108862994	366016
15463168384	690445	31	8	692579	9677750	1889866	7787884	2108942262	366016
15464503486	690447	27	8	692581	9678497	1889975	7788522	2109019167	366015
15465801238	690450	27	8	692584	9679225	1890096	7789129	2109096446	366015
15466878721	690454	32	8	692588	9680005	1890214	7789791	2109179681	366016
15468397449	690457	28	8	692591	9680759	1890318	7790441	2109260817	366017
15470154586	690457	33	8	692591	9681538	1890432	7791106	2109337162	366017
15471554923	690463	30	8	692597	9682307	1890550	7791757	2109432069	366018
15472721295	690465	24	8	692599	9683047	1890663	7792384	2109509212	366017
15474139020	690466	29	8	692600	9683827	1890786	7793041	2109584734	366017
15475514269	690467	31	8	692601	9684575	1890907	7793668	2109661270	366017
15476595230	690468	29	8	692602	9685324	1891032	7794292	2109737365	366017
15477684137	690468	32	8	692602	9686038	1891149	7794889	2109807191	366017
15478946890	690470	28	8	692604	9686751	1891259	7795492	2109883223	366017
15480284923	690470	24	8	692604	9687470	1891358	7796112	2109954740	366017
15481686117	690470	34	8	692604	9688185	1891469	7796716	2110025350	366017
15482674508	690475	32	8	692609	9688935	1891593	7797342	2110105520	366017
15483766594	690476	29	8	692610	9689680	1891697	7797983	2110180506	366017
15485300339	690477	24	8	692611	9690427	1891807	7798620	2110260943	366017
15486617775	690477	29	8	692611	9691194	1891924	7799270	2110336647	366017
15487963699	690483	31	8	692617	9691939	1892031	7799908	2110417384	366019
15489330752	690485	29	8	692619	9692677	1892130	7800547	2110495678	366019
15490764827	690486	29	8	692620	9693418	1892228	7801190	2110571949	366019
15492179552	690489	26	8	692623	9694163	1892332	7801831	2110653823	366019
15493405580	690490	23	8	692624	9694932	1892456	7802476	2110732994	366020
15494671903	690492	32	8	692626	9695692	1892575	7803117	2110810172	366020
15496187110	690492	25	8	692626	9696485	1892711	7803774	2110887961	366020
15497264504	690492	29	8	692626	9697209	1892829	7804380	2110961197	366020
15498598345	690492	31	8	692626	9697937	1892927	7805010	2111034876	366020
15499904058	690492	31	8	692626	9698710	1893040	7805670	2111111356	366020
15501255147	690497	29	8	692631	9699490	1893161	7806329	2111214033	366021
15502751340	690498	28	8	692632	9700214	1893263	7806951	2111287808	366020
15503858907	690512	33	8	692646	9700982	1893377	7807605	2111367246	366025
15505455735	690512	30	8	692646	9701728	1893492	7808236	2111441353	366025
15506900814	690512	35	8	692646	9702470	1893606	7808864	2111515871	366025
15508474808	690518	26	8	692652	9703198	1893727	7809471	2111593827	366025
15509995974	690520	31	8	692654	9703971	1893846	7810125	2111673322	366025
15511258572	690528	32	8	692662	9704730	1893970	7810760	2111767986	366027
15512372862	690531	27	8	692665	9705477	1894087	7811390	2111845374	366027
15513932916	690534	33	8	692668	9706257	1894207	7812050	2111923964	366025
15515565756	690535	30	8	692669	9707001	1894324	7812677	2112000053	366025
15516701453	690537	27	8	692671	9707732	1894419	7813313	2112074390	366025
15517943531	690537	25	8	692671	9708482	1894538	7813944	2112148911	366025
15519404133	690537	29	8	692671	9709234	1894655	7814579	2112223658	366025
15520787144	690538	26	8	692672	9710004	1894773	7815231	2112298495	366024
15522539312	690540	31	8	692674	9710746	1894889	7815857	2112378671	366024
15523727277	690541	28	8	692675	9711478	1895009	7816469	2112452544	366024
15524675128	690541	27	8	692675	9712203	1895127	7817076	2112524789	366024
15526089573	690546	31	8	692680	9713003	1895270	7817733	2112610994	366027
15527378870	690551	28	8	692685	9713753	1895388	7818365	2112690528	366028
15528378008	690552	30	8	692686	9714498	1895509	7818989	2112765132	366027
15529546321	690552	32	8	692686	9715193	1895597	7819596	2112836602	366027
15530878212	690554	32	8	692688	9715933	1895714	7820219	2112910903	366026
15531976733	690556	30	8	692690	9716644	1895826	7820818	2112987739	366027
15533037260	690559	22	8	692693	9717301	1895907	7821394	2113053807	366026
