bytes_written	total_items	curr_connections	threads	cmd_set	cmd_get	get_misses	get_hits	bytes_read
16942696940	3597855	30	8	3927536	13790007	1828046	11961961	2087398240	482110
16944329169	3598115	43	8	3927816	13791175	1828170	11963005	2087475349	482110
16945675329	3598381	37	8	3928124	13792284	1828270	11964014	2087565179	482108
16947548708	3598667	52	8	3928441	13793558	1828409	11965149	2087659655	482108
16949193547	3598964	36	8	3928774	13794800	1828540	11966260	2087758893	482108
16950724606	3599261	34	8	3929095	13796065	1828675	11967390	2087844530	482107
16952452273	3599560	31	8	3929415	13797336	1828787	11968549	2087936521	482107
16953949053	3599862	34	8	3929744	13798623	1828926	11969697	2088024677	482105
16955869131	3600155	26	8	3930067	13799870	1829047	11970823	2088111891	482103
16957752580	3600452	37	8	3930395	13801138	1829162	11971976	2088199487	482103
16959394716	3600742	46	8	3930715	13802383	1829293	11973090	2088296475	482103
16961043797	3601044	37	8	3931053	13803675	1829422	11974253	2088395254	482103
16962877210	3601343	34	8	3931382	13804935	1829546	11975389	2088487359	482102
16964633745	3601644	34	8	3931706	13806187	1829666	11976521	2088588639	482103
16966180899	3601938	28	8	3932029	13807433	1829794	11977639	2088671556	482103
16968057327	3602236	39	8	3932348	13808739	1829930	11978809	2088766699	482103
16969870030	3602537	34	8	3932672	13810023	1830063	11979960	2088860594	482102
16971582714	3602849	33	8	3933014	13811337	1830203	11981134	2088958150	482099
16973007149	3603156	31	8	3933340	13812619	1830346	11982273	2089059139	482097
16974183606	3603453	29	8	3933661	13813856	1830470	11983386	2089145776	482096
16975827895	3603748	32	8	3933978	13815121	1830602	11984519	2089230989	482096
16977740553	3604046	34	8	3934293	13816420	1830739	11985681	2089317885	482095
16979576516	3604350	27	8	3934634	13817705	1830881	11986824	2089411801	482091
16981046972	3604642	36	8	3934962	13818937	1831006	11987931	2089507124	482092
16982877105	3604931	33	8	3935281	13820209	1831147	11989062	2089591180	482092
16984807307	3605222	37	8	3935604	13821468	1831270	11990198	2089680371	482092
16986644299	3605521	34	8	3935941	13822742	1831389	11991353	2089782159	482090
16988138622	3605818	39	8	3936263	13824008	1831519	11992489	2089874196	482089
16989737039	3606105	40	8	3936572	13825254	1831655	11993599	2089962350	482085
16991649382	3606414	38	8	3936899	13826549	1831803	11994746	2090076779	482081
16993735990	3606716	40	8	3937225	13827825	1831916	11995909	2090172052	482079
16995029999	3607012	38	8	3937573	13829086	1832040	11997046	2090263438	482078
16996602178	3607313	36	8	3937904	13830351	1832166	11998185	2090352955	482078
16998068202	3607610	31	8	3938233	13831616	1832292	11999324	2090441760	482077
16999520654	3607902	29	8	3938561	13832868	1832427	12000441	2090530548	482077
17001593937	3608189	36	8	3938875	13834149	1832577	12001572	2090627374	482074
17003458578	3608497	35	8	3939217	13835474	1832719	12002755	2090728032	482074
17004819695	3608809	33	8	3939563	13836771	1832878	12003893	2090845527	482072
17006524001	3609107	30	8	3939896	13838028	1832998	12005030	2090935467	482071
17008230854	3609390	37	8	3940215	13839266	1833114	12006152	2091019815	482070
17009734990	3609680	31	8	3940540	13840545	1833260	12007285	2091104413	482070
17011247354	3609980	33	8	3940881	13841812	1833391	12008421	2091203424	482068
17012814995	3610276	28	8	3941209	13843083	1833513	12009570	2091292665	482067
17014247915	3610568	38	8	3941529	13844326	1833644	12010682	2091384458	482065
17016261839	3610874	23	8	3941855	13845604	1833783	12011821	2091488083	482062
17017644782	3611133	38	8	3942161	13846745	1833904	12012841	2091581387	482061
17018979758	3611403	34	8	3942464	13847910	1834034	12013876	2091659432	482061
17020995863	3611697	33	8	3942783	13849194	1834149	12015045	2091757604	482058
17022553323	3611993	26	8	3943106	13850428	1834263	12016165	2091842754	482057
17024274444	3612282	35	8	3943432	13851665	1834385	12017280	2091935283	482055
17026350047	3612568	35	8	3943754	13852925	1834510	12018415	2092027530	482055
17027916586	3612877	32	8	3944080	13854180	1834655	12019525	2092138575	482053
17029656376	3613175	33	8	3944402	13855443	1834780	12020663	2092224626	482052
17031140389	3613472	34	8	3944728	13856733	1834921	12021812	2092321220	482052
17032969047	3613771	32	8	3945059	13858008	1835066	12022942	2092416562	482049
17034531133	3614078	28	8	3945398	13859278	1835192	12024086	2092510469	482051
17036516385	3614364	31	8	3945703	13860530	1835311	12025219	2092594418	482051
17038174052	3614654	40	8	3946026	13861804	1835448	12026356	2092681005	482051
17040009177	3614944	37	8	3946351	13863067	1835572	12027495	2092764727	482050
17041548694	3615239	43	8	3946688	13864343	1835707	12028636	2092857478	482049
17042947210	3615546	24	8	3947023	13865601	1835829	12029772	2092946809	482048
17044446920	3615840	35	8	3947347	13866848	1835972	12030876	2093053499	482049
17045874613	3616122	44	8	3947670	13868069	1836098	12031971	2093139661	482049
17047327941	3616414	41	8	3947999	13869325	1836225	12033100	2093226356	482049
17048982778	3616723	43	8	3948333	13870603	1836371	12034232	2093336893	482050
17050953959	3617022	41	8	3948661	13871862	1836510	12035352	2093425246	482050
17052740780	3617319	33	8	3948990	13873111	1836629	12036482	2093521095	482049
17054329892	3617615	32	8	3949318	13874364	1836744	12037620	2093610764	482048
17055750036	3617909	34	8	3949641	13875582	1836866	12038716	2093703522	482046
17057579934	3618203	34	8	3949973	13876827	1836988	12039839	2093790340	482045
17059195509	3618505	34	8	3950321	13878106	1837119	12040987	2093908417	482044
17060939611	3618804	33	8	3950647	13879403	1837272	12042131	2093996373	482044
17062628597	3619099	36	8	3950974	13880659	1837392	12043267	2094088969	482041
17064505722	3619389	40	8	3951299	13881944	1837524	12044420	2094174058	482041
17066342393	3619690	39	8	3951626	13883216	1837660	12045556	2094269388	482041
17068343010	3619980	40	8	3951954	13884508	1837795	12046713	2094355974	482041
17070041926	3620271	36	8	3952282	13885746	1837921	12047825	2094445616	482039
17071696836	3620566	36	8	3952601	13886995	1838039	12048956	2094538566	482038
17073464215	3620848	40	8	3952918	13888243	1838171	12050072	2094628873	482036
17074902100	3621147	43	8	3953247	13889497	1838302	12051195	2094727784	482036
17076853913	3621445	42	8	3953574	13890784	1838435	12052349	2094827525	482034
17078132584	3621742	28	8	3953913	13892053	1838557	12053496	2094922299	482034
17079794719	3622040	27	8	3954247	13893353	1838685	12054668	2095009057	482033
17081466380	3622336	28	8	3954581	13894622	1838822	12055800	2095150701	482033
17083170978	3622625	27	8	3954918	13895890	1838963	12056927	2095240881	482034
17085168577	3622914	32	8	3955238	13897144	1839081	12058063	2095326749	482034
17086804869	3623205	33	8	3955558	13898392	1839207	12059185	2095431563	482032
17088455237	3623500	30	8	3955881	13899626	1839336	12060290	2095540303	482031
17090088430	3623789	34	8	3956202	13900909	1839466	12061443	2095627723	482031
17091675016	3624054	37	8	3956505	13902062	1839586	12062476	2095706310	482030
17093357110	3624340	38	8	3956819	13903280	1839694	12063586	2095788361	482028
17094890240	3624634	36	8	3957143	13904515	1839813	12064702	2095884257	482026
17096511014	3624926	37	8	3957460	13905758	1839936	12065822	2095972118	482025
17098345662	3625217	43	8	3957779	13907010	1840063	12066947	2096058129	482024
17099880804	3625512	35	8	3958116	13908276	1840175	12068101	2096148030	482023
17101154323	3625807	27	8	3958445	13909525	1840298	12069227	2096233007	482023
17102845059	3626104	33	8	3958777	13910780	1840420	12070360	2096327245	482022
17104322246	3626405	28	8	3959110	13912045	1840550	12071495	2096425881	482023
17105961335	3626697	28	8	3959427	13913296	1840670	12072626	2096510913	482024
17107610339	3626988	37	8	3959760	13914541	1840793	12073748	2096598242	482024
17109121624	3627305	33	8	3960113	13915844	1840948	12074896	2096708888	482021
17110769172	3627604	31	8	3960446	13917103	1841085	12076018	2096821008	482022
17112519995	3627892	29	8	3960764	13918366	1841203	12077163	2096909712	482021
17114082511	3628179	30	8	3961089	13919634	1841347	12078287	2096999291	482019
17115543895	3628472	28	8	3961425	13920907	1841473	12079434	2097092975	482019
17117086641	3628762	33	8	3961736	13922138	1841586	12080552	2097177364	482019
17118665311	3629048	38	8	3962041	13923381	1841713	12081668	2097263421	482019
17120051542	3629353	41	8	3962390	13924653	1841854	12082799	2097388317	482019
17121393277	3629645	32	8	3962713	13925896	1841978	12083918	2097475872	482018
17122897896	3629935	33	8	3963026	13927137	1842102	12085035	2097564627	482018
17124645218	3630227	33	8	3963348	13928371	1842220	12086151	2097648816	482018
17126371408	3630520	28	8	3963672	13929647	1842346	12087301	2097748663	482018
17127882410	3630806	38	8	3963982	13930905	1842475	12088430	2097833800	482016
17129439536	3631098	36	8	3964300	13932155	1842610	12089545	2097927608	482016
17131046306	3631387	35	8	3964629	13933400	1842742	12090658	2098024716	482015
17132630116	3631674	35	8	3964950	13934645	1842851	12091794	2098109561	482015
17134435604	3631976	32	8	3965278	13935903	1842982	12092921	2098213730	482012
17136113792	3632260	33	8	3965598	13937113	1843097	12094016	2098294666	482012
17137672818	3632556	28	8	3965928	13938371	1843243	12095128	2098384482	482012
17139206428	3632846	33	8	3966255	13939625	1843383	12096242	2098482454	482012
17140906920	3633133	34	8	3966579	13940876	1843519	12097357	2098568364	482012
17142600936	3633414	36	8	3966889	13942106	1843640	12098466	2098651711	482012
17144420140	3633700	33	8	3967201	13943365	1843783	12099582	2098739341	482008
17146194793	3633994	44	8	3967534	13944627	1843906	12100721	2098833808	482008
17147653574	3634281	37	8	3967866	13945874	1844027	12101847	2098928261	482007
17149499506	3634572	39	8	3968192	13947139	1844158	12102981	2099020189	482007
17150975787	3634867	32	8	3968527	13948417	1844303	12104114	2099122216	482005
17152753763	3635160	31	8	3968853	13949660	1844420	12105240	2099210365	482001
17154332472	3635456	27	8	3969192	13950948	1844568	12106380	2099312032	481999
17156040167	3635749	31	8	3969527	13952204	1844703	12107501	2099414418	481999
17157362296	3636036	34	8	3969842	13953433	1844848	12108585	2099508855	481998
17158943031	3636333	33	8	3970168	13954701	1844982	12109719	2099601205	481996
17160454312	3636636	27	8	3970505	13955968	1845098	12110870	2099713614	481995
17161873508	3636890	37	8	3970796	13957088	1845210	12111878	2099788549	481995
17163184105	3637178	37	8	3971126	13958355	1845359	12112996	2099876138	481993
17165033634	3637471	32	8	3971438	13959608	1845490	12114118	2099972085	481994
17166752557	3637773	28	8	3971769	13960871	1845612	12115259	2100071383	481992
17168078455	3638062	25	8	3972092	13962068	1845731	12116337	2100171481	481992
17169556171	3638342	36	8	3972400	13963303	1845862	12117441	2100254483	481991
17171204950	3638646	30	8	3972729	13964576	1846019	12118557	2100360300	481989
17173030404	3638934	38	8	3973041	13965833	1846150	12119683	2100463913	481989
17174585851	3639236	28	8	3973370	13967082	1846280	12120802	2100561802	481989
17176176273	3639528	41	8	3973697	13968364	1846424	12121940	2100667330	481989
17178044333	3639823	34	8	3974030	13969630	1846554	12123076	2100767932	481988
17179480154	3640114	33	8	3974353	13970865	1846673	12124192	2100851779	481988
17181245473	3640408	32	8	3974674	13972122	1846804	12125318	2100971171	481987
17182778623	3640702	30	8	3974990	13973364	1846924	12126440	2101053323	481987
17184609887	3640985	38	8	3975304	13974612	1847052	12127560	2101135969	481987
17186344172	3641287	32	8	3975625	13975872	1847185	12128687	2101236968	481986
17188019881	3641584	33	8	3975945	13977129	1847318	12129811	2101331182	481986
17189664561	3641886	28	8	3976278	13978425	1847462	12130963	2101430404	481985
17191571364	3642194	32	8	3976607	13979704	1847634	12132070	2101563943	481979
17193152470	3642474	26	8	3976918	13980909	1847770	12133139	2101663491	481982
17194668587	3642763	35	8	3977227	13982156	1847896	12134260	2101745714	481982
17196467001	3643063	35	8	3977569	13983417	1848025	12135392	2101852239	481982
17198003278	3643350	32	8	3977891	13984679	1848147	12136532	2101937458	481982
17199445502	3643652	40	8	3978223	13985927	1848282	12137645	2102045684	481979
17201177079	3643940	40	8	3978546	13987179	1848403	12138776	2102136992	481978
17202809533	3644235	36	8	3978868	13988423	1848533	12139890	2102241893	481978
17204710828	3644527	26	8	3979190	13989646	1848643	12141003	2102333222	481980
17206303763	3644812	36	8	3979501	13990885	1848781	12142104	2102420208	481979
17207680789	3645104	36	8	3979820	13992120	1848914	12143206	2102520127	481979
17209279318	3645389	35	8	3980132	13993359	1849033	12144326	2102601830	481979
17210901913	3645667	37	8	3980440	13994568	1849149	12145419	2102686052	481978
17212606941	3645970	34	8	3980771	13995817	1849276	12146541	2102780866	481978
17214197403	3646264	28	8	3981094	13997076	1849400	12147676	2102869585	481978
17215964304	3646560	34	8	3981416	13998369	1849536	12148833	2102967794	481978
17217527022	3646852	36	8	3981738	13999625	1849683	12149942	2103064143	481977
17219042615	3647142	42	8	3982059	14000878	1849822	12151056	2103155778	481977
17220563695	3647450	30	8	3982397	14002124	1849949	12152175	2103256930	481977
17221885698	3647750	33	8	3982720	14003391	1850078	12153313	2103341221	481976
17223495696	3648040	37	8	3983044	14004653	1850219	12154434	2103439075	481975
17224893803	3648333	31	8	3983368	14005906	1850357	12155549	2103532723	481973
17226558385	3648616	41	8	3983682	14007123	1850476	12156647	2103627011	481973
17228456331	3648910	40	8	3984003	14008375	1850598	12157777	2103716314	481972
17230138781	3649224	33	8	3984345	14009653	1850744	12158909	2103827505	481971
17231756806	3649504	45	8	3984650	14010856	1850872	12159984	2103931205	481971
17233077430	3649798	33	8	3984974	14012094	1851008	12161086	2104017809	481971
17234866332	3650083	30	8	3985287	14013326	1851132	12162194	2104107577	481969
17236508370	3650381	34	8	3985608	14014597	1851272	12163325	2104202032	481968
17238259705	3650662	33	8	3985917	14015801	1851388	12164413	2104281993	481968
17239899636	3650960	26	8	3986247	14017048	1851510	12165538	2104375903	481966
17241491548	3651238	31	8	3986554	14018265	1851649	12166616	2104461874	481965
17243185504	3651514	33	8	3986869	14019472	1851785	12167687	2104548409	481964
17244729781	3651836	32	8	3987227	14020764	1851952	12168812	2104662712	481961
17246210089	3652121	40	8	3987538	14021985	1852068	12169917	2104751287	481960
17247958345	3652410	34	8	3987860	14023239	1852198	12171041	2104841589	481960
17249282843	3652701	38	8	3988175	14024463	1852327	12172136	2104929863	481960
17251055512	3652988	32	8	3988497	14025710	1852455	12173255	2105018379	481959
17252821000	3653282	34	8	3988818	14026973	1852593	12174380	2105116876	481959
17254414683	3653570	36	8	3989133	14028199	1852711	12175488	2105204785	481958
17255871612	3653864	33	8	3989454	14029427	1852845	12176582	2105294472	481955
17257612505	3654153	31	8	3989770	14030678	1852971	12177707	2105379355	481955
17259025545	3654441	39	8	3990095	14031918	1853116	12178802	2105490022	481955
17260400231	3654732	31	8	3990415	14033167	1853245	12179922	2105574950	481954
17261929613	3655022	32	8	3990729	14034419	1853383	12181036	2105674436	481951
17263713172	3655312	29	8	3991065	14035664	1853507	12182157	2105772244	481952
17265425068	3655599	39	8	3991388	14036939	1853641	12183298	2105870802	481950
17266809614	3655879	39	8	3991699	14038152	1853765	12184387	2105974092	481950
17268488039	3656173	36	8	3992033	14039392	1853895	12185497	2106084912	481950
17270219837	3656486	27	8	3992364	14040648	1854026	12186622	2106190315	481949
17271824473	3656764	37	8	3992676	14041866	1854155	12187711	2106280347	481950
17273602762	3657047	37	8	3992990	14043074	1854273	12188801	2106380623	481950
17275525763	3657337	36	8	3993298	14044313	1854399	12189914	2106483087	481949
17277195487	3657635	30	8	3993614	14045562	1854517	12191045	2106568634	481950
17278679715	3657926	26	8	3993924	14046782	1854639	12192143	2106660637	481950
17280322554	3658212	37	8	3994245	14048012	1854766	12193246	2106757432	481949
17281634019	3658493	39	8	3994563	14049210	1854882	12194328	2106839911	481949
17283034590	3658779	36	8	3994889	14050424	1854999	12195425	2106929620	481948
17284760207	3659080	31	8	3995222	14051692	1855129	12196563	2107026306	481949
17286218161	3659363	32	8	3995533	14052912	1855257	12197655	2107106992	481949
17287808873	3659639	34	8	3995840	14054102	1855357	12198745	2107189529	481949
17289189287	3659930	31	8	3996159	14055318	1855472	12199846	2107279166	481947
17290799282	3660219	32	8	3996480	14056567	1855599	12200968	2107365246	481946
17292532661	3660512	32	8	3996799	14057803	1855739	12202064	2107468162	481947
17294081846	3660790	34	8	3997115	14058979	1855847	12203132	2107551978	481947
17295791484	3661069	37	8	3997413	14060194	1855978	12204216	2107636099	481947
17297271057	3661346	34	8	3997718	14061384	1856101	12205283	2107723179	481946
17298694326	3661625	33	8	3998024	14062596	1856222	12206374	2107812274	481945
17300338631	3661910	32	8	3998337	14063837	1856358	12207479	2107898988	481944
17301939733	3662208	32	8	3998662	14065056	1856487	12208569	2108005315	481946
17303273600	3662476	32	8	3998979	14066201	1856601	12209600	2108095759	481947
17304806711	3662758	38	8	3999285	14067405	1856725	12210680	2108182032	481946
17306228212	3663039	38	8	3999602	14068637	1856865	12211772	2108281370	481949
17307586045	3663325	25	8	3999912	14069847	1856997	12212850	2108367132	481950
17309137769	3663610	31	8	4000222	14071061	1857138	12213923	2108469306	481950
17310756992	3663892	36	8	4000527	14072292	1857279	12215013	2108562797	481949
17312554967	3664193	36	8	4000852	14073522	1857412	12216110	2108683634	481947
17314057991	3664479	30	8	4001164	14074765	1857562	12217203	2108767634	481947
17315647970	3664763	36	8	4001477	14075991	1857702	12218289	2108865666	481949
17317382676	3665061	27	8	4001806	14077234	1857831	12219403	2108966390	481949
17319189837	3665350	38	8	4002120	14078484	1857960	12220524	2109057861	481949
17320586108	3665637	36	8	4002429	14079722	1858098	12221624	2109142150	481948
17322274220	3665930	34	8	4002745	14080951	1858230	12222721	2109262750	481947
17323944923	3666208	37	8	4003052	14082141	1858356	12223785	2109360331	481945
17325272114	3666511	31	8	4003384	14083380	1858490	12224890	2109447330	481944
17326704953	3666794	30	8	4003693	14084596	1858610	12225986	2109530419	481943
17328461701	3667081	32	8	4004009	14085820	1858734	12227086	2109623519	481942
17329728592	3667360	35	8	4004316	14087039	1858863	12228176	2109709810	481943
17331352875	3667654	29	8	4004627	14088270	1858989	12229281	2109810121	481942
17333171625	3667934	36	8	4004933	14089496	1859127	12230369	2109915650	481941
17334828547	3668219	30	8	4005248	14090718	1859248	12231470	2110002342	481942
17336563180	3668505	31	8	4005569	14091978	1859377	12232601	2110100405	481941
17337880077	3668795	32	8	4005879	14093214	1859503	12233711	2110196112	481941
17339436077	3669094	35	8	4006209	14094442	1859651	12234791	2110298878	481942
17341065433	3669382	32	8	4006528	14095662	1859774	12235888	2110387063	481942
17342705058	3669665	28	8	4006842	14096858	1859878	12236980	2110473228	481943
17344426096	3669951	39	8	4007164	14098094	1860001	12238093	2110568939	481945
17346079391	3670241	30	8	4007496	14099330	1860142	12239188	2110658682	481946
17347459533	3670535	31	8	4007817	14100554	1860273	12240281	2110777063	481945
17349068139	3670797	35	8	4008103	14101684	1860389	12241295	2110856003	481946
17350543764	3671090	32	8	4008418	14102903	1860497	12242406	2110943316	481945
17352236195	3671424	34	8	4008780	14104210	1860689	12243521	2111046970	481944
17353843308	3671715	32	8	4009092	14105436	1860814	12244622	2111139675	481944
17355574802	3672002	27	8	4009406	14106675	1860950	12245725	2111228125	481943
17357123660	3672287	35	8	4009715	14107906	1861079	12246827	2111316396	481943
17358567191	3672574	31	8	4010026	14109114	1861200	12247914	2111401183	481943
17360222074	3672858	40	8	4010346	14110353	1861332	12249021	2111494156	481942
17361594402	3673153	35	8	4010665	14111559	1861465	12250094	2111604118	481937
17363107314	3673433	34	8	4010974	14112750	1861600	12251150	2111692504	481936
17364600627	3673724	39	8	4011289	14113961	1861735	12252226	2111800806	481938
17366105310	3674027	33	8	4011622	14115233	1861870	12253363	2111914778	481939
17367717026	3674311	32	8	4011941	14116461	1861994	12254467	2112003036	481939
17369535115	3674611	30	8	4012263	14117711	1862123	12255588	2112109908	481938
17370852753	3674899	39	8	4012570	14118926	1862252	12256674	2112223219	481939
17372406968	3675181	34	8	4012880	14120152	1862385	12257767	2112310606	481939
17373674135	3675430	28	8	4013176	14121192	1862506	12258686	2112429527	481943
17375355898	3675713	33	8	4013479	14122392	1862634	12259758	2112518522	481942
17376805563	3675996	30	8	4013791	14123600	1862753	12260847	2112619675	481942
17378606287	3676281	35	8	4014110	14124821	1862886	12261935	2112715412	481942
17379984915	3676568	28	8	4014431	14126059	1863032	12263027	2112811020	481941
17381644183	3676848	36	8	4014755	14127309	1863167	12264142	2112896787	481941
17383166672	3677133	27	8	4015074	14128531	1863282	12265249	2112981991	481941
17384740618	3677426	34	8	4015387	14129763	1863418	12266345	2113083918	481942
17386162502	3677716	28	8	4015701	14130992	1863534	12267458	2113166871	481941
17387783271	3678004	33	8	4016011	14132207	1863662	12268545	2113261231	481940
17389414509	3678290	33	8	4016320	14133409	1863786	12269623	2113361640	481940
17391014383	3678571	32	8	4016629	14134633	1863935	12270698	2113448690	481939
17392342429	3678849	40	8	4016942	14135861	1864065	12271796	2113535891	481940
17393967029	3679134	33	8	4017268	14137070	1864179	12272891	2113659689	481940
17395687650	3679431	34	8	4017586	14138313	1864317	12273996	2113767903	481941
17397198279	3679723	34	8	4017898	14139558	1864453	12275105	2113861359	481939
17399006221	3680003	34	8	4018200	14140751	1864556	12276195	2113945683	481938
17400480362	3680281	30	8	4018518	14141926	1864662	12277264	2114036995	481939
17402066511	3680570	35	8	4018828	14143137	1864786	12278351	2114123968	481938
17403396397	3680844	33	8	4019143	14144326	1864899	12279427	2114205361	481938
17404770038	3681135	29	8	4019461	14145563	1865043	12280520	2114291468	481936
17406596193	3681420	37	8	4019769	14146824	1865187	12281637	2114390854	481935
17408113141	3681719	29	8	4020102	14148044	1865288	12282756	2114498125	481933
17409650654	3682005	29	8	4020417	14149274	1865427	12283847	2114591199	481932
17411047642	3682292	33	8	4020732	14150515	1865565	12284950	2114692782	481932
17412939934	3682579	32	8	4021042	14151743	1865702	12286041	2114790018	481931
17414429632	3682862	38	8	4021358	14152981	1865825	12287156	2114902809	481930
17416127647	3683147	31	8	4021681	14154202	1865947	12288255	2115021086	481929
17417818408	3683434	30	8	4021996	14155408	1866066	12289342	2115112510	481929
17419297694	3683717	26	8	4022312	14156594	1866168	12290426	2115203784	481927
17420827924	3683999	37	8	4022624	14157855	1866299	12291556	2115296165	481925
17422123641	3684294	21	8	4022956	14159088	1866429	12292659	2115404935	481925
17423675473	3684574	31	8	4023270	14160307	1866550	12293757	2115490249	481926
17425148504	3684862	36	8	4023590	14161535	1866681	12294854	2115588455	481923
17426801214	3685149	34	8	4023921	14162769	1866810	12295959	2115690964	481920
17428442004	3685438	27	8	4024245	14164004	1866948	12297056	2115792953	481918
17429809363	3685716	37	8	4024552	14165221	1867079	12298142	2115877916	481917
17431352341	3685995	35	8	4024858	14166412	1867204	12299208	2115974970	481916
17432920177	3686281	30	8	4025165	14167612	1867335	12300277	2116067050	481914
17434656165	3686572	33	8	4025472	14168849	1867462	12301387	2116159274	481914
17436417429	3686856	36	8	4025781	14170085	1867581	12302504	2116250881	481914
17438057766	3687150	34	8	4026097	14171319	1867711	12303608	2116356922	481914
17439343387	3687428	35	8	4026403	14172551	1867851	12304700	2116442503	481912
17440773865	3687717	32	8	4026723	14173767	1867976	12305791	2116545025	481910
17442255172	3687990	40	8	4027030	14174962	1868107	12306855	2116639017	481911
17443789682	3688259	40	8	4027325	14176113	1868228	12307885	2116716882	481911
17445618039	3688531	35	8	4027628	14177301	1868360	12308941	2116803125	481911
17447046033	3688819	30	8	4027933	14178470	1868479	12309991	2116904783	481913
17448507272	3689109	30	8	4028249	14179689	1868588	12311101	2116994339	481914
17450311973	3689390	32	8	4028543	14180917	1868717	12312200	2117076244	481914
17452020801	3689685	35	8	4028880	14182175	1868853	12313322	2117197159	481915
17453714534	3689976	31	8	4029209	14183450	1869000	12314450	2117296638	481914
17455066778	3690258	38	8	4029522	14184653	1869128	12315525	2117402854	481915
17456787314	3690545	40	8	4029836	14185885	1869257	12316628	2117501176	481915
17458437423	3690822	39	8	4030145	14187056	1869360	12317696	2117585163	481916
17460193619	3691109	29	8	4030463	14188286	1869473	12318813	2117673486	481916
17461962560	3691379	38	8	4030765	14189506	1869602	12319904	2117756047	481917
17463551809	3691673	32	8	4031090	14190750	1869741	12321009	2117864253	481915
17465139790	3691961	29	8	4031406	14191977	1869864	12322113	2117954730	481915
17466795484	3692248	35	8	4031714	14193207	1870005	12323202	2118047817	481916
17468371218	3692537	39	8	4032040	14194436	1870138	12324298	2118142687	481915
17469887260	3692829	28	8	4032367	14195658	1870271	12325387	2118240000	481914
17471117960	3693113	37	8	4032678	14196885	1870396	12326489	2118321471	481914
17472851334	3693395	38	8	4032989	14198115	1870532	12327583	2118408739	481914
17474346025	3693691	29	8	4033304	14199367	1870682	12328685	2118495678	481913
17475739875	3693977	41	8	4033619	14200574	1870810	12329764	2118581034	481913
17477470138	3694268	44	8	4033938	14201837	1870954	12330883	2118670211	481913
17479171960	3694547	31	8	4034257	14203059	1871092	12331967	2118760630	481913
17480866223	3694827	26	8	4034581	14204278	1871211	12333067	2118850928	481911
17482537264	3695102	42	8	4034886	14205491	1871334	12334157	2118940830	481907
17484057211	3695387	35	8	4035200	14206700	1871454	12335246	2119025532	481906
17485587860	3695674	34	8	4035520	14207929	1871594	12336335	2119114275	481904
17487451689	3695955	35	8	4035823	14209148	1871709	12337439	2119205441	481904
17488667701	3696246	31	8	4036151	14210367	1871833	12338534	2119290059	481901
17490340871	3696506	34	8	4036437	14211535	1871962	12339573	2119368470	481901
17491967646	3696800	32	8	4036757	14212772	1872094	12340678	2119467108	481904
17493646923	3697078	35	8	4037074	14214035	1872232	12341803	2119555513	481903
17495200347	3697379	40	8	4037402	14215292	1872381	12342911	2119665561	481900
17496826283	3697672	28	8	4037740	14216528	1872498	12344030	2119770281	481901
17498430585	3697954	31	8	4038058	14217758	1872633	12345125	2119878960	481899
17499861822	3698242	30	8	4038375	14218975	1872765	12346210	2119980173	481897
17501425060	3698529	37	8	4038697	14220200	1872887	12347313	2120082747	481897
17502770268	3698828	30	8	4039026	14221420	1873010	12348410	2120195769	481898
17504725753	3699103	34	8	4039331	14222638	1873132	12349506	2120284496	481897
17506279982	3699384	34	8	4039639	14223827	1873260	12350567	2120381958	481897
17507967844	3699667	33	8	4039954	14225044	1873391	12351653	2120473733	481897
17509675211	3699953	30	8	4040267	14226276	1873524	12352752	2120556590	481897
17511318394	3700234	34	8	4040579	14227502	1873652	12353850	2120649204	481895
17512911241	3700527	40	8	4040903	14228741	1873791	12354950	2120741628	481894
17514749131	3700817	28	8	4041219	14229952	1873924	12356028	2120846333	481892
17516227961	3701087	26	8	4041517	14231109	1874044	12357065	2120931859	481890
17518494032	3701368	36	8	4041823	14232345	1874163	12358182	2121022039	481890
17519643115	3701659	31	8	4042141	14233575	1874294	12359281	2121108245	481888
17521046545	3701949	27	8	4042469	14234800	1874418	12360382	2121193828	481886
17522775146	3702230	32	8	4042783	14236026	1874523	12361503	2121278563	481885
17524491991	3702512	32	8	4043098	14237243	1874659	12362584	2121367967	481883
17525998991	3702795	34	8	4043410	14238425	1874791	12363634	2121468745	481882
17527521983	3703088	34	8	4043730	14239682	1874937	12364745	2121567817	481878
17529403406	3703387	35	8	4044053	14240952	1875089	12365863	2121674998	481877
17531036674	3703670	30	8	4044377	14242183	1875205	12366978	2121765704	481875
17532738969	3703948	36	8	4044677	14243404	1875329	12368075	2121848159	481874
17534246558	3704235	37	8	4044991	14244620	1875447	12369173	2121938843	481873
17536089736	3704523	26	8	4045315	14245836	1875567	12370269	2122043692	481873
17537448988	3704801	36	8	4045620	14247040	1875701	12371339	2122128063	481873
17538855888	3705077	37	8	4045926	14248238	1875818	12372420	2122209968	481873
17540357340	3705371	28	8	4046254	14249484	1875958	12373526	2122306552	481869
17541441546	3705648	27	8	4046565	14250687	1876082	12374605	2122392403	481868
17542913008	3705936	36	8	4046887	14251916	1876214	12375702	2122495988	481868
17544951687	3706223	34	8	4047199	14253181	1876364	12376817	2122584499	481868
17546741155	3706512	33	8	4047515	14254425	1876486	12377939	2122686008	481869
17548370826	3706798	32	8	4047829	14255644	1876608	12379036	2122782315	481868
17549870221	3707088	30	8	4048151	14256870	1876738	12380132	2122866831	481868
17551536114	3707375	34	8	4048473	14258051	1876839	12381212	2122981337	481867
17552975003	3707661	40	8	4048784	14259278	1876968	12382310	2123073414	481866
17554498243	3707952	34	8	4049101	14260483	1877087	12383396	2123172426	481866
17556129900	3708233	37	8	4049403	14261717	1877210	12384507	2123254577	481865
17557740197	3708524	33	8	4049726	14262974	1877341	12385633	2123350781	481865
17559264029	3708811	27	8	4050046	14264210	1877465	12386745	2123439573	481866
17561099862	3709087	43	8	4050344	14265410	1877580	12387830	2123521085	481866
17562841790	3709378	32	8	4050674	14266671	1877723	12388948	2123615703	481866
17564612656	3709662	32	8	4050978	14267878	1877851	12390027	2123697058	481866
17566350291	3709952	31	8	4051301	14269090	1877991	12391099	2123799895	481866
17568112692	3710234	31	8	4051619	14270323	1878119	12392204	2123885495	481865
17569602309	3710514	33	8	4051936	14271514	1878246	12393268	2123965128	481865
17571498504	3710798	30	8	4052245	14272720	1878362	12394358	2124056170	481864
17572971243	3711088	29	8	4052562	14273933	1878493	12395440	2124158297	481863
17574570015	3711370	40	8	4052881	14275142	1878606	12396536	2124260017	481863
17576224245	3711657	27	8	4053217	14276388	1878739	12397649	2124352760	481864
17577698771	3711933	32	8	4053527	14277596	1878870	12398726	2124446539	481865
17579238361	3712202	35	8	4053827	14278762	1878991	12399771	2124534717	481867
17580649427	3712485	30	8	4054145	14279961	1879103	12400858	2124614898	481867
17582160777	3712761	34	8	4054444	14281140	1879239	12401901	2124701288	481864
17583699157	3713029	36	8	4054750	14282321	1879365	12402956	2124788541	481863
17585197397	3713310	29	8	4055062	14283506	1879497	12404009	2124879071	481865
17586587403	3713592	29	8	4055367	14284691	1879610	12405081	2124965386	481865
17587866058	3713861	30	8	4055657	14285827	1879733	12406094	2125042909	481864
17589353239	3714127	28	8	4055962	14286975	1879854	12407121	2125126840	481863
17590938967	3714392	34	8	4056259	14288164	1879984	12408180	2125209237	481861
17592762099	3714666	33	8	4056558	14289353	1880087	12409266	2125294551	481861
17594424242	3714945	30	8	4056865	14290521	1880189	12410332	2125388016	481863
17596038994	3715216	31	8	4057170	14291710	1880300	12411410	2125474493	481863
17597543222	3715498	34	8	4057478	14292907	1880421	12412486	2125562289	481862
17599160324	3715772	31	8	4057791	14294100	1880548	12413552	2125643520	481861
17600948121	3716049	35	8	4058109	14295310	1880677	12414633	2125728290	481860
17602393295	3716334	26	8	4058418	14296489	1880779	12415710	2125814979	481858
17603862460	3716612	29	8	4058726	14297667	1880893	12416774	2125912526	481858
17605900045	3716898	34	8	4059038	14298879	1881020	12417859	2126000050	481857
17607432752	3717177	32	8	4059350	14300061	1881140	12418921	2126085106	481857
17608765880	3717448	37	8	4059661	14301261	1881272	12419989	2126171554	481857
17610300678	3717733	32	8	4059981	14302472	1881400	12421072	2126263407	481856
17612116025	3718012	33	8	4060295	14303678	1881519	12422159	2126347863	481856
17613554738	3718289	29	8	4060605	14304898	1881651	12423247	2126433839	481856
17615378942	3718567	30	8	4060905	14306083	1881768	12424315	2126513215	481856
17616831186	3718850	31	8	4061212	14307297	1881906	12425391	2126626608	481856
17618284077	3719134	35	8	4061521	14308498	1882052	12426446	2126722166	481854
17619898787	3719419	31	8	4061826	14309701	1882180	12427521	2126816336	481852
17621460000	3719698	29	8	4062127	14310874	1882301	12428573	2126906746	481850
17622871287	3719980	32	8	4062451	14312085	1882426	12429659	2127021107	481847
17624289354	3720256	32	8	4062752	14313289	1882560	12430729	2127105937	481847
17625912601	3720539	31	8	4063069	14314502	1882700	12431802	2127192810	481847
17627296893	3720808	33	8	4063374	14315701	1882824	12432877	2127282139	481845
17628778844	3721089	26	8	4063696	14316890	1882934	12433956	2127370886	481844
17630218176	3721350	33	8	4063986	14318041	1883064	12434977	2127449116	481844
17631993575	3721619	34	8	4064288	14319206	1883175	12436031	2127539582	481842
17633262301	3721899	29	8	4064591	14320398	1883308	12437090	2127619991	481841
17635088716	3722177	30	8	4064901	14321582	1883422	12438160	2127706574	481840
17636795840	3722447	33	8	4065185	14322749	1883531	12439218	2127784973	481840
17638418143	3722721	31	8	4065486	14323924	1883658	12440266	2127870008	481840
17640096029	3722999	30	8	4065788	14325119	1883784	12441335	2127967058	481839
17641761795	3723267	35	8	4066084	14326319	1883925	12442394	2128047674	481839
17643269645	3723538	25	8	4066391	14327471	1884040	12443431	2128126920	481839
17644676911	3723809	31	8	4066695	14328678	1884181	12444497	2128208528	481839
17646386886	3724088	36	8	4067002	14329878	1884309	12445569	2128313058	481840
17648164707	3724363	35	8	4067322	14331086	1884422	12446664	2128394807	481840
17650012204	3724647	33	8	4067640	14332266	1884551	12447715	2128494854	481839
17651691654	3724912	38	8	4067924	14333407	1884661	12448746	2128573581	481838
17653384209	3725196	28	8	4068241	14334593	1884786	12449807	2128663240	481838
17654935893	3725471	35	8	4068551	14335797	1884910	12450887	2128753266	481837
17656510087	3725764	26	8	4068867	14336991	1885045	12451946	2128879850	481838
17658228762	3726034	32	8	4069163	14338203	1885176	12453027	2128959439	481838
17659856003	3726316	26	8	4069475	14339392	1885287	12454105	2129051348	481839
17661868238	3726587	33	8	4069775	14340603	1885395	12455208	2129135157	481839
17663268608	3726850	39	8	4070071	14341754	1885524	12456230	2129222222	481839
17664976541	3727134	27	8	4070390	14342951	1885654	12457297	2129319379	481838
17666414169	3727406	32	8	4070699	14344146	1885768	12458378	2129402521	481838
17667806704	3727688	26	8	4071014	14345338	1885897	12459441	2129485282	481838
17669552834	3727964	31	8	4071316	14346528	1886007	12460521	2129567204	481837
17671427799	3728252	25	8	4071641	14347741	1886150	12461591	2129666815	481838
17672834559	3728521	34	8	4071939	14348915	1886250	12462665	2129755014	481838
17674618299	3728816	29	8	4072252	14350141	1886391	12463750	2129854458	481839
17676348921	3729091	31	8	4072559	14351329	1886512	12464817	2129943124	481839
17677983666	3729368	33	8	4072864	14352510	1886632	12465878	2130049036	481839
17679561721	3729643	34	8	4073180	14353688	1886746	12466942	2130132697	481838
17680950090	3729923	28	8	4073488	14354875	1886864	12468011	2130232992	481838
17682449642	3730185	35	8	4073781	14356032	1886992	12469040	2130316837	481839
17684027511	3730472	28	8	4074100	14357258	1887127	12470131	2130399606	481839
17685683837	3730740	40	8	4074405	14358441	1887257	12471184	2130481457	481836
17686876144	3731019	29	8	4074712	14359614	1887370	12472244	2130564613	481836
17688497838	3731304	26	8	4075026	14360810	1887487	12473323	2130660170	481835
17690097619	3731594	27	8	4075339	14362011	1887595	12474416	2130764586	481837
17691711256	3731866	35	8	4075636	14363220	1887725	12475495	2130846128	481836
17693192664	3732147	31	8	4075938	14364416	1887863	12476553	2130929575	481836
17694794887	3732428	33	8	4076241	14365635	1887984	12477651	2131012454	481836
17696478826	3732708	29	8	4076556	14366859	1888107	12478752	2131093987	481836
17697850272	3732978	37	8	4076854	14368009	1888211	12479798	2131181542	481837
17699354809	3733256	28	8	4077158	14369184	1888332	12480852	2131259988	481837
17700812353	3733534	29	8	4077457	14370378	1888454	12481924	2131350272	481837
17702361575	3733813	31	8	4077758	14371564	1888578	12482986	2131433685	481836
17703881233	3734086	33	8	4078058	14372744	1888701	12484043	2131534195	481838
17705414878	3734374	29	8	4078375	14373940	1888831	12485109	2131643580	481837
17706835300	3734657	25	8	4078681	14375127	1888941	12486186	2131728613	481839
17708373863	3734938	36	8	4078988	14376312	1889056	12487256	2131817765	481839
17709893336	3735212	30	8	4079307	14377500	1889176	12488324	2131897634	481838
17711524127	3735501	28	8	4079618	14378713	1889304	12489409	2131999543	481841
17713052906	3735775	30	8	4079925	14379883	1889406	12490477	2132080503	481841
17714245247	3736052	33	8	4080234	14381068	1889522	12491546	2132170768	481842
17715761043	3736321	38	8	4080528	14382232	1889639	12492593	2132257367	481842
17717010468	3736602	28	8	4080833	14383423	1889770	12493653	2132337942	481842
17718671975	3736869	32	8	4081130	14384590	1889886	12494704	2132415148	481842
17720279558	3737153	26	8	4081438	14385773	1890003	12495770	2132504556	481843
17721991378	3737431	35	8	4081735	14386964	1890127	12496837	2132584851	481841
17723501936	3737711	29	8	4082041	14388173	1890257	12497916	2132668013	481842
17724882615	3737987	28	8	4082340	14389378	1890391	12498987	2132749688	481842
17726639717	3738266	27	8	4082669	14390600	1890517	12500083	2132848220	481843
17728205688	3738531	37	8	4082973	14391752	1890628	12501124	2132930317	481842
17729667265	3738821	29	8	4083297	14392986	1890775	12502211	2133025515	481843
17730809831	3739099	31	8	4083607	14394180	1890906	12503274	2133127066	481845
17732422567	3739376	31	8	4083911	14395363	1891019	12504344	2133213757	481846
17733795626	3739626	26	8	4084191	14396414	1891127	12505287	2133291127	481846
17735091481	3739898	38	8	4084480	14397582	1891259	12506323	2133370938	481846
17736628104	3740179	31	8	4084784	14398768	1891383	12507385	2133463401	481847
17737990933	3740456	39	8	4085096	14399967	1891509	12508458	2133553217	481848
17739563563	3740728	32	8	4085395	14401140	1891627	12509513	2133633295	481847
17741024934	3741001	31	8	4085705	14402314	1891743	12510571	2133719914	481847
17742545479	3741272	31	8	4086009	14403498	1891872	12511626	2133802528	481846
17744146365	3741548	34	8	4086319	14404691	1891991	12512700	2133882280	481846
17745709335	3741826	33	8	4086627	14405900	1892114	12513786	2133965677	481846
17747289403	3742111	21	8	4086932	14407110	1892239	12514871	2134046960	481846
17749071625	3742371	32	8	4087227	14408285	1892366	12515919	2134124523	481846
17750370249	3742647	31	8	4087540	14409430	1892491	12516939	2134227660	481845
17752045970	3742920	35	8	4087836	14410624	1892617	12518007	2134316246	481846
17753571777	3743200	32	8	4088137	14411804	1892740	12519064	2134409735	481847
17754892021	3743486	26	8	4088456	14412999	1892853	12520146	2134496093	481847
17756316346	3743767	35	8	4088760	14414198	1892988	12521210	2134590684	481847
17757574137	3744046	22	8	4089077	14415354	1893100	12522254	2134674468	481846
17759320953	3744309	34	8	4089381	14416544	1893230	12523314	2134755477	481846
17760953182	3744594	26	8	4089689	14417717	1893356	12524361	2134843538	481847
17762648325	3744860	30	8	4089978	14418908	1893480	12525428	2134923465	481846
17764218404	3745142	35	8	4090297	14420128	1893607	12526521	2135010945	481847
17765914784	3745416	29	8	4090609	14421300	1893711	12527589	2135092220	481848
17767601589	3745682	38	8	4090900	14422475	1893822	12528653	2135171349	481847
17769370393	3745964	29	8	4091207	14423664	1893949	12529715	2135257855	481848
17771036656	3746235	33	8	4091502	14424855	1894059	12530796	2135342630	481848
17772535359	3746524	29	8	4091818	14426037	1894194	12531843	2135437260	481849
17774399649	3746798	32	8	4092122	14427217	1894326	12532891	2135531872	481850
17775485682	3747085	31	8	4092439	14428422	1894464	12533958	2135616746	481851
17777005738	3747359	32	8	4092745	14429613	1894567	12535046	2135698511	481849
17778321495	3747636	27	8	4093068	14430825	1894685	12536140	2135779049	481849
17779679285	3747903	29	8	4093369	14431981	1894802	12537179	2135859567	481850
17781258567	3748169	34	8	4093667	14433156	1894923	12538233	2135944004	481851
17782932488	3748446	27	8	4093967	14434364	1895060	12539304	2136027383	481851
17784653968	3748710	36	8	4094253	14435502	1895169	12540333	2136120890	481849
17786106310	3748985	31	8	4094556	14436667	1895285	12541382	2136202478	481848
17787504654	3749267	30	8	4094867	14437880	1895419	12542461	2136288687	481848
17788836529	3749542	30	8	4095175	14439060	1895536	12543524	2136368673	481847
17790442400	3749820	32	8	4095467	14440258	1895657	12544601	2136447215	481847
17791805746	3750104	26	8	4095768	14441444	1895798	12545646	2136539384	481849
17793286729	3750376	29	8	4096064	14442611	1895916	12546695	2136616561	481849
17794961015	3750651	32	8	4096369	14443809	1896036	12547773	2136710431	481849
17796436911	3750928	31	8	4096674	14444995	1896153	12548842	2136796044	481848
17798102496	3751216	27	8	4096988	14446229	1896286	12549943	2136878031	481848
17799357027	3751488	34	8	4097289	14447399	1896411	12550988	2136961111	481848
17800823154	3751761	35	8	4097599	14448576	1896538	12552038	2137040925	481847
17802247972	3752027	35	8	4097877	14449713	1896659	12553054	2137116343	481847
17803670505	3752294	32	8	4098194	14450879	1896780	12554099	2137197167	481847
17805307180	3752559	32	8	4098489	14452042	1896895	12555147	2137274556	481846
17807085043	3752828	32	8	4098785	14453223	1897016	12556207	2137356151	481846
17808631648	3753119	25	8	4099107	14454424	1897138	12557286	2137450699	481847
17810025532	3753385	31	8	4099399	14455574	1897265	12558309	2137528368	481846
17811553608	3753659	32	8	4099697	14456770	1897387	12559383	2137607288	481846
17813236063	3753934	28	8	4100002	14457975	1897507	12560468	2137686672	481846
17814429669	3754205	34	8	4100302	14459155	1897629	12561526	2137765942	481846
17815845945	3754481	31	8	4100608	14460339	1897755	12562584	2137850106	481847
17817571484	3754749	35	8	4100904	14461544	1897877	12563667	2137931590	481848
17819227953	3755038	28	8	4101224	14462759	1898011	12564748	2138017004	481848
17820792862	3755307	38	8	4101529	14463968	1898152	12565816	2138097223	481848
17822375770	3755581	29	8	4101832	14465179	1898287	12566892	2138179765	481849
17824227143	3755850	35	8	4102126	14466372	1898405	12567967	2138257891	481849
17825702187	3756127	28	8	4102433	14467560	1898539	12569021	2138340391	481849
17827265475	3756398	37	8	4102732	14468750	1898668	12570082	2138430418	481850
17828900960	3756679	34	8	4103052	14469941	1898786	12571155	2138526192	481851
17830199319	3756931	42	8	4103324	14471053	1898893	12572160	2138599503	481851
17831588355	3757217	27	8	4103654	14472235	1899016	12573219	2138689680	481851
17832973097	3757484	36	8	4103957	14473418	1899154	12574264	2138783922	481852
17834228612	3757766	32	8	4104270	14474641	1899292	12575349	2138867957	481852
17835815083	3758048	31	8	4104581	14475838	1899418	12576420	2138962400	481852
17837392332	3758314	30	8	4104876	14477026	1899542	12577484	2139040467	481852
17838645225	3758599	22	8	4105189	14478204	1899651	12578553	2139121457	481853
17839927292	3758871	34	8	4105490	14479382	1899768	12579614	2139222431	481854
17841626296	3759148	34	8	4105797	14480581	1899890	12580691	2139311148	481855
17843023236	3759430	31	8	4106102	14481767	1900010	12581757	2139394807	481855
17844582081	3759696	33	8	4106399	14482946	1900133	12582813	2139476590	481856
17846176156	3759974	29	8	4106721	14484153	1900264	12583889	2139565406	481857
17847746648	3760233	27	8	4107004	14485265	1900366	12584899	2139638890	481857
17849124690	3760504	33	8	4107290	14486446	1900496	12585950	2139716745	481857
17850779019	3760785	33	8	4107604	14487651	1900611	12587040	2139799242	481857
17852429926	3761064	29	8	4107915	14488866	1900732	12588134	2139884496	481858
17854117945	3761349	30	8	4108222	14490073	1900840	12589233	2139972898	481858
17855692325	3761627	34	8	4108535	14491274	1900971	12590303	2140054632	481858
17857645278	3761900	32	8	4108838	14492491	1901092	12591399	2140136466	481858
17859377532	3762179	33	8	4109137	14493684	1901205	12592479	2140218328	481857
17860832932	3762460	31	8	4109453	14494884	1901322	12593562	2140305276	481856
17862388281	3762732	35	8	4109753	14496088	1901452	12594636	2140386991	481855
17863687913	3763008	29	8	4110069	14497273	1901567	12595706	2140465867	481855
17865237367	3763283	28	8	4110374	14498473	1901684	12596789	2140545256	481855
17867012578	3763565	31	8	4110700	14499682	1901803	12597879	2140647845	481857
17868358587	3763848	29	8	4111012	14500852	1901918	12598934	2140728188	481856
17869855726	3764105	34	8	4111296	14501982	1902026	12599956	2140802545	481856
17871475773	3764381	34	8	4111591	14503182	1902150	12601032	2140892070	481857
17873398549	3764662	30	8	4111891	14504382	1902278	12602104	2140971297	481857
17874927585	3764926	31	8	4112184	14505553	1902393	12603160	2141054877	481857
17876314629	3765198	28	8	4112470	14506694	1902503	12604191	2141132789	481856
17877954935	3765474	28	8	4112772	14507881	1902608	12605273	2141215473	481856
17879398009	3765758	34	8	4113075	14509093	1902758	12606335	2141308249	481856
17880927843	3766033	32	8	4113379	14510281	1902872	12607409	2141387965	481856
17882492272	3766305	31	8	4113678	14511468	1902980	12608488	2141466286	481856
17883839804	3766579	30	8	4113984	14512629	1903096	12609533	2141552232	481856
17885320145	3766867	35	8	4114302	14513840	1903230	12610610	2141648703	481855
17886942827	3767140	28	8	4114606	14515026	1903352	12611674	2141734330	481856
17888452505	3767405	32	8	4114902	14516180	1903468	12612712	2141810832	481856
17890039029	3767680	34	8	4115205	14517364	1903586	12613778	2141890474	481856
17891688508	3767954	31	8	4115507	14518572	1903710	12614862	2141969905	481856
17893091158	3768230	27	8	4115805	14519750	1903837	12615913	2142055590	481858
17894493476	3768515	32	8	4116105	14520965	1903965	12617000	2142137332	481858
17896038224	3768794	29	8	4116401	14522153	1904086	12618067	2142219347	481857
17897955888	3769061	36	8	4116695	14523333	1904202	12619131	2142299603	481857
17899437037	3769338	26	8	4116987	14524525	1904322	12620203	2142377722	481857
17900981884	3769613	36	8	4117291	14525709	1904435	12621274	2142458193	481857
17902484527	3769889	36	8	4117602	14526912	1904556	12622356	2142537648	481857
17903851134	3770169	30	8	4117909	14528120	1904694	12623426	2142624005	481859
17905283418	3770441	38	8	4118216	14529319	1904820	12624499	2142707291	481858
17907256593	3770709	37	8	4118518	14530495	1904925	12625570	2142785284	481858
17908660604	3770983	29	8	4118825	14531681	1905047	12626634	2142863827	481858
17910065574	3771261	32	8	4119126	14532877	1905176	12627701	2142945368	481858
17911606628	3771538	33	8	4119431	14534073	1905293	12628780	2143025549	481858
17913106831	3771814	34	8	4119733	14535257	1905413	12629844	2143108568	481858
17914523870	3772083	31	8	4120035	14536422	1905524	12630898	2143185800	481858
17916722342	3772354	36	8	4120328	14537628	1905648	12631980	2143267132	481858
17918454614	3772636	33	8	4120637	14538826	1905764	12633062	2143355652	481859
17920181616	3772909	31	8	4120935	14540026	1905876	12634150	2143437084	481859
17921704495	3773183	27	8	4121242	14541192	1905982	12635210	2143519624	481859
17923315813	3773457	31	8	4121544	14542365	1906107	12636258	2143609068	481857
17924904244	3773733	29	8	4121848	14543522	1906210	12637312	2143694969	481856
17926353323	3774000	39	8	4122151	14544710	1906323	12638387	2143773542	481856
17927768433	3774280	28	8	4122452	14545903	1906440	12639463	2143862092	481857
17929319790	3774552	32	8	4122755	14547081	1906563	12640518	2143948255	481857
17930910225	3774829	32	8	4123058	14548289	1906688	12641601	2144028085	481857
17932470145	3775109	34	8	4123355	14549498	1906823	12642675	2144111116	481857
17934042520	3775378	34	8	4123651	14550656	1906930	12643726	2144187664	481857
17935652489	3775656	35	8	4123961	14551879	1907048	12644831	2144268365	481857
17937231246	3775928	32	8	4124257	14553044	1907164	12645880	2144346794	481857
17938542106	3776206	31	8	4124558	14554225	1907286	12646939	2144429797	481856
17940452254	3776475	32	8	4124853	14555391	1907393	12647998	2144507259	481856
17941726173	3776738	33	8	4125150	14556515	1907497	12649018	2144586227	481856
17943251481	3777006	33	8	4125451	14557675	1907599	12650076	2144663866	481856
17944655295	3777281	30	8	4125765	14558892	1907726	12651166	2144745368	481855
17946195586	3777539	27	8	4126068	14560027	1907844	12652183	2144821231	481855
17947840257	3777811	33	8	4126368	14561214	1907967	12653247	2144901020	481855
17949526931	3778082	32	8	4126665	14562416	1908096	12654320	2144984815	481855
17951081677	3778357	27	8	4126966	14563589	1908210	12655379	2145063850	481855
17952479531	3778634	26	8	4127271	14564753	1908320	12656433	2145149272	481855
17954213403	3778899	28	8	4127552	14565878	1908440	12657438	2145233518	481856
17955653899	3779169	35	8	4127848	14567046	1908560	12658486	2145328275	481856
17956965737	3779449	22	8	4128155	14568200	1908684	12659516	2145410103	481855
17958341066	3779725	31	8	4128457	14569391	1908816	12660575	2145494943	481856
17960148101	3779999	31	8	4128755	14570580	1908927	12661653	2145581814	481856
17961930617	3780266	24	8	4129055	14571725	1909034	12662691	2145663952	481856
17963427535	3780532	35	8	4129345	14572872	1909150	12663722	2145751657	481857
17965279097	3780803	29	8	4129643	14574041	1909263	12664778	2145828778	481857
17966637381	3781075	27	8	4129936	14575212	1909384	12665828	2145909643	481857
17967937353	3781339	31	8	4130232	14576362	1909516	12666846	2145995509	481857
17969526854	3781606	28	8	4130535	14577530	1909646	12667884	2146074787	481857
17971031810	3781866	34	8	4130823	14578666	1909758	12668908	2146153128	481856
17972652750	3782135	34	8	4131119	14579818	1909859	12669959	2146229109	481856
17973946031	3782403	32	8	4131405	14580954	1909972	12670982	2146304307	481856
17975187353	3782671	33	8	4131701	14582120	1910084	12672036	2146389685	481856
17976497054	3782940	28	8	4131999	14583268	1910218	12673050	2146470211	481855
17978027082	3783199	37	8	4132281	14584413	1910334	12674079	2146545812	481855
17979716437	3783473	27	8	4132588	14585603	1910448	12675155	2146631667	481856
17981227856	3783740	31	8	4132890	14586763	1910562	12676201	2146708658	481856
17982646579	3784002	32	8	4133180	14587915	1910693	12677222	2146785397	481854
17984122812	3784274	27	8	4133480	14589075	1910809	12678266	2146864657	481854
17985703715	3784549	27	8	4133768	14590223	1910927	12679296	2146943175	481854
17987127967	3784808	35	8	4134047	14591378	1911041	12680337	2147018846	481853
17988694223	3785078	37	8	4134359	14592540	1911160	12681380	2147098994	481851
17989979924	3785332	31	8	4134646	14593644	1911266	12682378	2147172434	481851
17991481222	3785601	31	8	4134943	14594791	1911375	12683416	2147259448	481852
17993148208	3785866	31	8	4135243	14595976	1911509	12684467	2147337914	481852
17994608532	3786138	20	8	4135552	14597116	1911608	12685508	2147413981	481852
17996270910	3786394	30	8	4135844	14598264	1911725	12686539	2147501492	481853
17997695654	3786666	29	8	4136141	14599403	1911840	12687563	2147578765	481853
17998995157	3786938	31	8	4136437	14600565	1911965	12688600	2147659824	481854
18000532302	3787208	41	8	4136731	14601716	1912088	12689628	2147737847	481853
18002105015	3787476	28	8	4137026	14602884	1912214	12690670	2147815521	481853
18003434006	3787733	30	8	4137319	14604009	1912333	12691676	2147890771	481853
18005015140	3788001	34	8	4137622	14605185	1912448	12692737	2147970668	481853
18006625137	3788271	26	8	4137912	14606323	1912549	12693774	2148045800	481853
18007941936	3788536	31	8	4138200	14607489	1912675	12694814	2148123886	481853
18009387619	3788800	26	8	4138485	14608605	1912794	12695811	2148198363	481853
18011032466	3789069	25	8	4138801	14609778	1912911	12696867	2148278162	481853
18012781021	3789329	28	8	4139089	14610937	1913020	12697917	2148354278	481853
18014455643	3789593	31	8	4139368	14612083	1913135	12698948	2148429252	481853
18015786999	3789858	31	8	4139656	14613218	1913243	12699975	2148504497	481852
18017086692	3790103	36	8	4139937	14614302	1913355	12700947	2148578294	481852
18019000853	3790365	29	8	4140217	14615422	1913464	12701958	2148652119	481852
18020547781	3790622	27	8	4140506	14616523	1913568	12702955	2148725415	481852
18021967239	3790867	34	8	4140774	14617593	1913673	12703920	2148798002	481852
18023731201	3791130	30	8	4141078	14618751	1913789	12704962	2148876467	481852
18025091970	3791395	25	8	4141374	14619896	1913904	12705992	2148952477	481852
18026814044	3791665	26	8	4141665	14621072	1914020	12707052	2149029584	481852
18028211056	3791928	32	8	4141974	14622248	1914136	12708112	2149107611	481852
18029973942	3792195	34	8	4142272	14623416	1914253	12709163	2149192852	481852
18031365235	3792461	26	8	4142573	14624545	1914374	12710171	2149268625	481852
18033016944	3792726	28	8	4142867	14625723	1914500	12711223	2149346197	481852
18034547348	3792996	28	8	4143172	14626897	1914628	12712269	2149431795	481852
18035876476	3793270	27	8	4143478	14628066	1914746	12713320	2149512926	481852
18037294606	3793526	33	8	4143762	14629197	1914863	12714334	2149592122	481851
18038976276	3793801	24	8	4144064	14630329	1914951	12715378	2149667480	481851
18040487961	3794063	26	8	4144350	14631472	1915066	12716406	2149742997	481851
18042236068	3794323	34	8	4144634	14632613	1915193	12717420	2149818382	481851
18043900440	3794590	32	8	4144928	14633796	1915316	12718480	2149896079	481851
18045196564	3794860	30	8	4145225	14634956	1915447	12719509	2149981349	481853
18046378438	3795125	28	8	4145519	14636113	1915567	12720546	2150059387	481853
18047686289	3795392	34	8	4145814	14637237	1915682	12721555	2150139295	481854
18049389758	3795655	30	8	4146100	14638375	1915782	12722593	2150213923	481854
18050567871	3795907	34	8	4146385	14639484	1915875	12723609	2150287303	481854
18052151711	3796176	27	8	4146685	14640623	1915989	12724634	2150372646	481855
18053600336	3796440	33	8	4146970	14641742	1916095	12725647	2150448649	481854
18054907178	3796713	31	8	4147266	14642877	1916212	12726665	2150533967	481854
18056468930	3796981	28	8	4147558	14644028	1916320	12727708	2150628969	481856
18058079549	3797246	32	8	4147852	14645199	1916440	12728759	2150707900	481856
18059530038	3797517	31	8	4148158	14646365	1916563	12729802	2150787736	481856
18061120244	3797783	31	8	4148442	14647512	1916690	12730822	2150878069	481857
18062819517	3798047	29	8	4148720	14648647	1916805	12731842	2150954896	481857
18063926417	3798308	31	8	4149015	14649778	1916921	12732857	2151030094	481857
18065309069	3798564	25	8	4149300	14650866	1917013	12733853	2151102496	481857
18066760159	3798823	31	8	4149598	14652027	1917133	12734894	2151179127	481857
18068404743	3799080	30	8	4149883	14653144	1917239	12735905	2151252910	481857
18069862847	3799334	32	8	4150171	14654248	1917345	12736903	2151326040	481857
18071190792	3799597	31	8	4150459	14655372	1917455	12737917	2151404131	481857
18072621855	3799863	27	8	4150745	14656506	1917569	12738937	2151480661	481857
18074283596	3800128	31	8	4151043	14657657	1917681	12739976	2151558325	481856
18075762053	3800386	38	8	4151326	14658787	1917802	12740985	2151636906	481857
18076993105	3800643	30	8	4151621	14659914	1917914	12742000	2151711683	481857
18078465398	3800891	25	8	4151912	14660968	1918007	12742961	2151782663	481857
18080094953	3801128	24	8	4152180	14662000	1918114	12743886	2151852494	481857
