bytes_written	total_items	curr_connections	threads	cmd_set	cmd_get	get_misses	get_hits	bytes_read
14718127224	668014	31	8	666541	9769879	1775735	7994144	1672988726	386846
14719277117	668015	44	8	666542	9770729	1775875	7994854	1673040084	386845
14720400702	668017	38	8	666544	9771488	1775987	7995501	1673083526	386845
14721447772	668033	48	8	666560	9772366	1776126	7996240	1673150940	386843
14722539895	668046	40	8	666573	9773235	1776262	7996973	1673223160	386843
14724030225	668056	36	8	666583	9774139	1776394	7997745	1673281998	386840
14725563412	668057	35	8	666584	9775037	1776534	7998503	1673331814	386840
14727177049	668059	35	8	666586	9775940	1776672	7999268	1673381738	386840
14728319289	668063	32	8	666590	9776824	1776802	8000022	1673431223	386838
14729682241	668073	37	8	666600	9777728	1776944	8000784	1673496094	386835
14730834309	668085	43	8	666612	9778595	1777074	8001521	1673574244	386832
14732277701	668092	37	8	666619	9779464	1777193	8002271	1673625835	386832
14733630256	668093	36	8	666620	9780341	1777327	8003014	1673675458	386832
14735325481	668100	34	8	666627	9781253	1777468	8003785	1673736075	386831
14736873234	668100	36	8	666627	9782164	1777609	8004555	1673783300	386831
14738164210	668103	38	8	666630	9783060	1777738	8005322	1673833912	386830
14739800419	668105	37	8	666632	9783967	1777861	8006106	1673884088	386829
14740964060	668111	36	8	666638	9784858	1777988	8006870	1673933192	386827
14742370452	668127	37	8	666654	9785767	1778131	8007636	1674005249	386827
14744094789	668136	33	8	666663	9786656	1778252	8008404	1674072573	386826
14745839241	668145	38	8	666672	9787581	1778396	8009185	1674136075	386824
14747370490	668147	38	8	666674	9788480	1778528	8009952	1674184674	386823
14748992857	668154	37	8	666681	9789377	1778663	8010714	1674236098	386821
14750090340	668162	37	8	666689	9790230	1778787	8011443	1674296712	386820
14751342581	668164	34	8	666691	9791109	1778914	8012195	1674343924	386820
14752691336	668165	37	8	666692	9791985	1779047	8012938	1674391600	386820
14753926932	668169	39	8	666696	9792895	1779197	8013698	1674442936	386818
14755126578	668180	40	8	666707	9793809	1779340	8014469	1674506399	386816
14756499171	668184	38	8	666711	9794657	1779452	8015205	1674567272	386816
14757561730	668201	38	8	666728	9795539	1779586	8015953	1674649097	386808
14759367749	668204	40	8	666731	9796456	1779716	8016740	1674703696	386808
14760850180	668207	42	8	666734	9797354	1779850	8017504	1674754339	386808
14762329578	668219	38	8	666746	9798266	1779982	8018284	1674811927	386808
14763775370	668220	36	8	666747	9799123	1780099	8019024	1674859560	386808
14765329557	668223	36	8	666750	9799995	1780213	8019782	1674918736	386809
14766729338	668226	39	8	666753	9800873	1780330	8020543	1674965474	386808
14768099420	668237	34	8	666764	9801765	1780451	8021314	1675037998	386804
14769802430	668255	34	8	666782	9802676	1780585	8022091	1675107357	386801
14770888563	668260	36	8	666787	9803566	1780717	8022849	1675164228	386800
14772236738	668262	39	8	666789	9804428	1780848	8023580	1675219729	386801
14773696796	668268	31	8	666795	9805291	1780954	8024337	1675275043	386801
14775025873	668276	33	8	666803	9806186	1781086	8025100	1675329289	386799
14776573138	668280	32	8	666807	9807073	1781205	8025868	1675387044	386799
14778009781	668282	32	8	666809	9807930	1781313	8026617	1675432582	386798
14779672950	668296	29	8	666823	9808827	1781457	8027370	1675501470	386792
14781214442	668307	40	8	666834	9809672	1781588	8028084	1675552565	386788
14782462070	668311	37	8	666838	9810491	1781709	8028782	1675602205	386787
14783776508	668312	37	8	666839	9811401	1781861	8029540	1675653604	386787
14785718424	668319	32	8	666846	9812309	1781998	8030311	1675739468	386787
14786760109	668321	35	8	666848	9813156	1782129	8031027	1675783898	386786
14788157124	668323	35	8	666850	9814024	1782256	8031768	1675836556	386786
14789579652	668346	35	8	666873	9814949	1782393	8032556	1675927413	386784
14791232424	668346	35	8	666873	9815845	1782513	8033332	1675973488	386784
14792684130	668350	38	8	666877	9816739	1782640	8034099	1676025387	386784
14793887462	668355	31	8	666882	9817577	1782748	8034829	1676082358	386781
14795398491	668373	30	8	666900	9818500	1782905	8035595	1676142113	386780
14796734064	668375	37	8	666902	9819399	1783044	8036355	1676189002	386779
14798013049	668383	43	8	666910	9820295	1783176	8037119	1676250754	386778
14799611570	668384	36	8	666911	9821159	1783290	8037869	1676298040	386777
14801258747	668395	41	8	666922	9822070	1783421	8038649	1676359788	386775
14802859377	668403	29	8	666930	9822949	1783553	8039396	1676428362	386773
14804228541	668413	36	8	666940	9823842	1783685	8040157	1676484751	386769
14805491800	668420	44	8	666947	9824702	1783816	8040886	1676545997	386767
14806831168	668427	45	8	666954	9825557	1783923	8041634	1676592221	386767
14808116992	668450	41	8	666977	9826445	1784060	8042385	1676664206	386764
14809542029	668465	38	8	666992	9827352	1784210	8043142	1676733140	386761
14810751179	668467	35	8	666994	9828216	1784324	8043892	1676795801	386760
14812401220	668469	34	8	666996	9829097	1784435	8044662	1676842832	386759
14813739045	668476	34	8	667003	9829972	1784561	8045411	1676900235	386761
14815499603	668484	34	8	667011	9830869	1784694	8046175	1676956117	386761
14816706275	668490	34	8	667017	9831742	1784824	8046918	1677012451	386760
14818141417	668497	33	8	667024	9832618	1784945	8047673	1677074661	386760
14819588713	668499	36	8	667026	9833506	1785079	8048427	1677122519	386759
14821055481	668504	40	8	667031	9834385	1785206	8049179	1677179151	386758
14822465877	668511	41	8	667038	9835280	1785327	8049953	1677239054	386760
14823905617	668511	38	8	667038	9836146	1785434	8050712	1677283642	386760
14825247673	668515	38	8	667042	9837025	1785561	8051464	1677331268	386759
14826135959	668516	33	8	667043	9837850	1785687	8052163	1677374396	386759
14827186910	668520	40	8	667047	9838687	1785799	8052888	1677424487	386757
14828402840	668524	39	8	667051	9839559	1785918	8053641	1677486776	386756
14829916061	668530	41	8	667057	9840451	1786050	8054401	1677554434	386754
14831486363	668534	32	8	667061	9841333	1786173	8055160	1677600447	386754
14833079793	668536	30	8	667063	9842215	1786291	8055924	1677655012	386752
14834170998	668547	32	8	667074	9843096	1786423	8056673	1677770226	386748
14835558760	668555	33	8	667082	9843950	1786533	8057417	1677838658	386747
14837317737	668560	34	8	667087	9844833	1786658	8058175	1677886761	386746
14838640955	668562	34	8	667089	9845713	1786802	8058911	1677933956	386743
14839846036	668578	34	8	667105	9846566	1786940	8059626	1677997804	386744
14841334700	668582	37	8	667109	9847451	1787061	8060390	1678049968	386743
14842578669	668589	38	8	667116	9848254	1787187	8061067	1678099481	386740
14844083486	668590	38	8	667117	9849113	1787298	8061815	1678148464	386740
14845391061	668594	40	8	667121	9849967	1787428	8062539	1678196991	386739
14846602449	668594	40	8	667121	9850834	1787548	8063286	1678241917	386739
14848155388	668595	43	8	667122	9851719	1787673	8064046	1678288978	386739
14849272746	668598	38	8	667125	9852590	1787805	8064785	1678337489	386739
14850419972	668603	34	8	667130	9853453	1787946	8065507	1678389031	386737
14852127173	668605	36	8	667132	9854363	1788076	8066287	1678439382	386736
14853362652	668623	30	8	667150	9855261	1788213	8067048	1678501976	386728
14855159798	668627	29	8	667154	9856152	1788340	8067812	1678570444	386728
14856668180	668635	32	8	667162	9857016	1788458	8068558	1678625314	386726
14858138706	668671	30	8	667198	9857949	1788610	8069339	1678692750	386725
14859760921	668689	34	8	667216	9858860	1788744	8070116	1678781333	386724
14861569062	668695	34	8	667222	9859749	1788892	8070857	1678833994	386724
14863151677	668699	33	8	667226	9860596	1788995	8071601	1678882820	386724
14864642259	668699	34	8	667226	9861490	1789122	8072368	1678928843	386724
14866263474	668703	33	8	667230	9862386	1789267	8073119	1678981775	386723
14867685830	668711	39	8	667238	9863278	1789391	8073887	1679038669	386720
14869223348	668726	37	8	667253	9864147	1789523	8074624	1679093563	386718
14870544672	668728	32	8	667255	9865004	1789645	8075359	1679147671	386719
14872195967	668735	33	8	667262	9865908	1789771	8076137	1679208673	386717
14873411774	668739	36	8	667266	9866774	1789903	8076871	1679256657	386716
14874596153	668748	33	8	667275	9867632	1790031	8077601	1679325109	386714
14876025301	668751	38	8	667278	9868514	1790151	8078363	1679374177	386714
14877606324	668757	37	8	667284	9869379	1790277	8079102	1679435325	386714
14878975762	668765	36	8	667292	9870242	1790412	8079830	1679485995	386712
14880572571	668767	36	8	667294	9871093	1790533	8080560	1679539692	386711
14881860246	668774	31	8	667301	9871969	1790670	8081299	1679593972	386710
14883051226	668777	34	8	667304	9872829	1790785	8082044	1679649644	386709
14884570127	668795	33	8	667322	9873711	1790916	8082795	1679736013	386708
14885895578	668807	35	8	667334	9874589	1791037	8083552	1679811609	386705
14887292211	668813	36	8	667340	9875469	1791164	8084305	1679864648	386703
14888546286	668819	37	8	667346	9876326	1791295	8085031	1679915003	386703
14890055983	668828	34	8	667355	9877161	1791421	8085740	1679970882	386701
14891532146	668834	42	8	667361	9878046	1791561	8086485	1680021117	386700
14893111887	668843	36	8	667370	9878939	1791698	8087241	1680076261	386696
14894410073	668853	35	8	667380	9879822	1791842	8087980	1680138188	386694
14895964792	668861	32	8	667388	9880688	1791963	8088725	1680198412	386695
14897241372	668868	35	8	667395	9881561	1792098	8089463	1680257801	386695
14898588875	668874	30	8	667401	9882427	1792228	8090199	1680310178	386693
14900145539	668893	37	8	667420	9883330	1792369	8090961	1680395266	386689
14901409023	668906	37	8	667433	9884167	1792503	8091664	1680453854	386687
14902848182	668917	35	8	667444	9885040	1792629	8092411	1680512575	386683
14904382978	668933	33	8	667460	9885929	1792778	8093151	1680581724	386681
14905616510	668937	40	8	667464	9886733	1792889	8093844	1680636993	386682
14906915556	668942	40	8	667469	9887602	1793007	8094595	1680690332	386681
14908291429	668951	37	8	667478	9888492	1793135	8095357	1680764801	386680
14909791397	668962	30	8	667489	9889367	1793267	8096100	1680823336	386677
14911288110	668976	31	8	667503	9890251	1793412	8096839	1680891628	386676
14912715716	668977	34	8	667504	9891093	1793530	8097563	1680937884	386675
14913972614	668987	37	8	667514	9891979	1793655	8098324	1681002228	386674
14915401384	668988	36	8	667515	9892846	1793782	8099064	1681049061	386674
14916770804	668993	35	8	667520	9893726	1793916	8099810	1681103839	386674
14918303895	668997	38	8	667524	9894625	1794045	8100580	1681160011	386673
14919475947	669004	36	8	667531	9895481	1794165	8101316	1681222666	386674
14920854935	669006	36	8	667533	9896371	1794310	8102061	1681273185	386674
14922189469	669011	32	8	667538	9897243	1794437	8102806	1681325359	386675
14923712249	669020	32	8	667547	9898128	1794565	8103563	1681381674	386673
14925024806	669027	40	8	667554	9898998	1794685	8104313	1681469193	386672
14926482457	669036	34	8	667563	9899865	1794804	8105061	1681532782	386672
14927784549	669037	37	8	667564	9900749	1794935	8105814	1681578678	386672
14929329622	669050	34	8	667577	9901624	1795057	8106567	1681649686	386672
14930581737	669073	37	8	667600	9902503	1795178	8107325	1681705446	386668
14931895138	669078	32	8	667605	9903309	1795290	8108019	1681765965	386666
14933394235	669080	39	8	667607	9904197	1795418	8108779	1681817016	386667
14934807037	669088	35	8	667615	9905057	1795547	8109510	1681870460	386667
14935928052	669088	36	8	667615	9905894	1795666	8110228	1681913923	386667
14937471394	669091	36	8	667618	9906760	1795777	8110983	1681959695	386667
14938905751	669099	35	8	667626	9907616	1795903	8111713	1682015238	386668
14940211307	669107	35	8	667634	9908485	1796045	8112440	1682066742	386663
14941784330	669120	31	8	667647	9909394	1796197	8113197	1682143003	386660
14943182242	669121	41	8	667648	9910268	1796316	8113952	1682191582	386660
14944531756	669130	39	8	667657	9911146	1796446	8114700	1682247589	386658
14945811314	669133	37	8	667660	9911998	1796567	8115431	1682296435	386658
14947198538	669135	37	8	667662	9912846	1796691	8116155	1682341666	386658
14948463878	669150	33	8	667677	9913725	1796825	8116900	1682412741	386653
14950007960	669158	32	8	667685	9914609	1796964	8117645	1682473451	386652
14951281399	669166	34	8	667693	9915499	1797099	8118400	1682536939	386650
14952722365	669177	37	8	667704	9916347	1797204	8119143	1682596144	386647
14954038002	669184	41	8	667711	9917235	1797347	8119888	1682655000	386646
14955256071	669199	34	8	667726	9918124	1797496	8120628	1682716708	386643
14956898938	669210	36	8	667737	9919049	1797633	8121416	1682808492	386644
14958318267	669219	38	8	667746	9919936	1797772	8122164	1682867485	386643
14959956081	669229	36	8	667756	9920808	1797891	8122917	1682925732	386640
14961308934	669240	42	8	667767	9921687	1798026	8123661	1683002217	386640
14962850097	669246	38	8	667773	9922555	1798151	8124404	1683051873	386638
14964037704	669258	35	8	667785	9923436	1798284	8125152	1683118020	386637
14965487392	669273	41	8	667800	9924267	1798411	8125856	1683173337	386629
14966669135	669279	29	8	667806	9925122	1798531	8126591	1683239029	386630
14968099815	669283	32	8	667810	9925979	1798656	8127323	1683288866	386629
14969366065	669289	34	8	667816	9926863	1798792	8128071	1683336746	386626
14970525692	669297	34	8	667824	9927713	1798923	8128790	1683402537	386626
14971866179	669307	29	8	667834	9928593	1799065	8129528	1683460324	386623
14973435957	669310	37	8	667837	9929443	1799174	8130269	1683506910	386623
14974745929	669314	32	8	667841	9930226	1799284	8130942	1683558838	386622
14976097541	669358	37	8	667885	9931151	1799452	8131699	1683622144	386619
14977450357	669361	39	8	667888	9932016	1799586	8132430	1683670031	386618
14978401061	669365	34	8	667892	9932849	1799706	8133143	1683716720	386616
14980078969	669372	34	8	667899	9933744	1799840	8133904	1683772041	386615
14981192484	669377	33	8	667904	9934609	1799965	8134644	1683826375	386615
14982859085	669390	39	8	667917	9935505	1800105	8135400	1683893160	386613
14984264203	669394	35	8	667921	9936375	1800240	8136135	1683940323	386612
14985430560	669411	35	8	667938	9937237	1800381	8136856	1684001504	386611
14986896084	669414	32	8	667941	9938112	1800510	8137602	1684051630	386610
14988198549	669418	37	8	667945	9938986	1800632	8138354	1684114370	386611
14989569922	669420	32	8	667947	9939829	1800744	8139085	1684159065	386610
14990735174	669429	32	8	667956	9940676	1800870	8139806	1684223908	386608
14991975716	669433	35	8	667960	9941506	1800996	8140510	1684279864	386609
14993502181	669444	41	8	667971	9942379	1801127	8141252	1684337999	386609
14995092782	669448	39	8	667975	9943208	1801243	8141965	1684389899	386607
14996386287	669460	37	8	667987	9944085	1801375	8142710	1684462152	386605
14997351558	669469	29	8	667996	9944946	1801518	8143428	1684532359	386602
14998708461	669477	37	8	668004	9945798	1801648	8144150	1684586052	386601
14999945626	669486	39	8	668013	9946645	1801767	8144878	1684639850	386599
15001342243	669492	39	8	668019	9947493	1801884	8145609	1684687850	386598
15002524875	669493	31	8	668020	9948344	1802001	8146343	1684731995	386598
15004160124	669498	35	8	668025	9949220	1802123	8147097	1684784803	386598
15005508805	669505	40	8	668032	9950086	1802236	8147850	1684844655	386597
15006923347	669508	40	8	668035	9950934	1802351	8148583	1684894991	386597
15008291665	669513	32	8	668040	9951770	1802472	8149298	1684947135	386598
15009844350	669520	32	8	668047	9952643	1802604	8150039	1685003012	386599
15011498878	669525	36	8	668052	9953516	1802717	8150799	1685053019	386599
15012963798	669530	39	8	668057	9954376	1802839	8151537	1685107399	386600
15014556406	669534	35	8	668061	9955253	1802966	8152287	1685162985	386600
15016129074	669540	35	8	668067	9956103	1803101	8153002	1685211831	386601
15017447428	669551	35	8	668078	9956972	1803237	8153735	1685279063	386600
15018643648	669554	35	8	668081	9957794	1803373	8154421	1685324738	386600
15019905571	669558	36	8	668085	9958607	1803491	8155116	1685373673	386599
15021416418	669562	35	8	668089	9959442	1803610	8155832	1685425834	386598
15022876846	669573	33	8	668100	9960277	1803736	8156541	1685491828	386599
15024183322	669576	33	8	668103	9961118	1803859	8157259	1685543119	386598
15025601046	669584	36	8	668111	9961991	1803985	8158006	1685599854	386597
15026815428	669594	34	8	668121	9962792	1804103	8158689	1685659579	386597
15028423199	669604	37	8	668131	9963645	1804228	8159417	1685718502	386596
15029856815	669612	39	8	668139	9964477	1804337	8160140	1685790129	386596
15031117716	669615	28	8	668142	9965292	1804460	8160832	1685836519	386595
15032711405	669628	34	8	668155	9966162	1804601	8161561	1685896139	386595
15034259556	669629	36	8	668156	9967023	1804714	8162309	1685940829	386596
15035485967	669654	31	8	668181	9967913	1804866	8163047	1686014189	386596
15036822084	669662	32	8	668189	9968759	1804987	8163772	1686080857	386595
15038241373	669667	36	8	668194	9969607	1805102	8164505	1686128729	386594
15039410645	669684	29	8	668211	9970465	1805236	8165229	1686193253	386593
15040951553	669698	36	8	668225	9971358	1805366	8165992	1686293113	386592
15042428469	669702	36	8	668229	9972231	1805502	8166729	1686347413	386593
15043762781	669718	37	8	668245	9973095	1805629	8167466	1686420425	386594
15044999715	669724	39	8	668251	9973911	1805759	8168152	1686470168	386592
15046193326	669737	27	8	668264	9974740	1805882	8168858	1686526514	386592
15047458625	669738	32	8	668265	9975588	1805998	8169590	1686570252	386591
15048619257	669750	37	8	668277	9976468	1806118	8170350	1686653630	386592
15050117497	669758	34	8	668285	9977287	1806232	8171055	1686724006	386593
15051597437	669772	29	8	668299	9978155	1806370	8171785	1686788067	386596
15052659566	669785	39	8	668312	9979005	1806509	8172496	1686853691	386596
15054024598	669790	33	8	668317	9979852	1806634	8173218	1686904145	386596
15055393672	669801	34	8	668328	9980692	1806754	8173938	1686968626	386595
15056487307	669806	31	8	668333	9981551	1806877	8174674	1687027840	386594
15058019914	669825	38	8	668352	9982422	1807000	8175422	1687093187	386589
15059494100	669827	35	8	668354	9983275	1807130	8176145	1687137601	386589
15061014750	669831	34	8	668358	9984155	1807258	8176897	1687200159	386588
15062225151	669840	38	8	668367	9984998	1807373	8177625	1687273281	386588
15063767133	669846	33	8	668373	9985846	1807488	8178358	1687325368	386587
15065442082	669851	33	8	668378	9986703	1807603	8179100	1687374980	386586
15066710654	669862	36	8	668389	9987521	1807741	8179780	1687458408	386583
15068198735	669863	34	8	668390	9988397	1807883	8180514	1687503877	386583
15069506535	669934	37	8	668461	9989336	1808070	8181266	1687573887	386612
15070791587	669940	33	8	668467	9990201	1808186	8182015	1687632833	386612
15071985587	669949	28	8	668476	9991044	1808312	8182732	1687692941	386609
15073576156	669956	36	8	668483	9991938	1808448	8183490	1687751371	386610
15074975332	669969	30	8	668496	9992797	1808578	8184219	1687812228	386609
15076553156	669974	41	8	668501	9993667	1808697	8184970	1687861730	386607
15077972779	669980	35	8	668507	9994513	1808816	8185697	1687911224	386606
15079194414	669991	36	8	668518	9995319	1808926	8186393	1687974631	386604
15080861222	670008	36	8	668535	9996162	1809052	8187110	1688035996	386604
15082188941	670011	32	8	668538	9997026	1809195	8187831	1688083953	386603
15083746404	670015	34	8	668542	9997898	1809324	8188574	1688132670	386602
15084906395	670026	32	8	668553	9998763	1809463	8189300	1688187346	386599
15086391470	670048	40	8	668575	9999660	1809611	8190049	1688263163	386599
15087720866	670052	37	8	668579	10000484	1809716	8190768	1688311531	386598
15088984328	670067	29	8	668594	10001181	1809823	8191358	1688359893	386600
15090374249	670073	32	8	668600	10002011	1809939	8192072	1688414584	386600
15091740573	670080	32	8	668607	10002880	1810065	8192815	1688470313	386600
15092856826	670095	35	8	668622	10003694	1810174	8193520	1688526256	386597
15094139737	670103	34	8	668630	10004526	1810300	8194226	1688579795	386596
15095584783	670111	34	8	668638	10005385	1810424	8194961	1688643940	386592
15096973224	670115	34	8	668642	10006251	1810557	8195694	1688697306	386590
15098506988	670125	33	8	668652	10007085	1810669	8196416	1688759541	386591
15100306175	670129	32	8	668656	10007964	1810808	8197156	1688810836	386590
15101523875	670131	32	8	668658	10008822	1810931	8197891	1688855784	386590
15102761309	670145	32	8	668672	10009644	1811053	8198591	1688903923	386593
15103951003	670149	35	8	668676	10010482	1811157	8199325	1688955007	386591
15105328088	670160	36	8	668687	10011317	1811272	8200045	1689026267	386591
15106598958	670164	31	8	668691	10012169	1811399	8200770	1689076370	386589
15108219261	670173	33	8	668700	10013035	1811525	8201510	1689130639	386590
15109364196	670184	31	8	668711	10013887	1811643	8202244	1689202960	386590
15110682084	670189	36	8	668716	10014769	1811781	8202988	1689260564	386590
15112070014	670194	29	8	668721	10015599	1811911	8203688	1689311774	386590
15113507408	670209	34	8	668736	10016483	1812054	8204429	1689369290	386590
15114918215	670221	34	8	668748	10017351	1812182	8205169	1689424414	386590
15116155340	670232	31	8	668759	10018193	1812294	8205899	1689490161	386591
15117579788	670237	38	8	668764	10019034	1812422	8206612	1689542418	386590
15119229161	670242	31	8	668769	10019907	1812558	8207349	1689594383	386590
15120708890	670246	32	8	668773	10020750	1812689	8208061	1689641387	386590
15122425284	670251	32	8	668778	10021602	1812797	8208805	1689704041	386592
15123720893	670260	36	8	668787	10022453	1812921	8209532	1689767021	386590
15125023803	670263	38	8	668790	10023300	1813050	8210250	1689811793	386589
15126473718	670265	31	8	668792	10024145	1813180	8210965	1689857654	386589
15128030378	670273	35	8	668800	10025003	1813314	8211689	1689911991	386587
15129592014	670278	32	8	668805	10025843	1813448	8212395	1689959056	386586
15130843683	670280	37	8	668807	10026685	1813565	8213120	1690003984	386587
15132185648	670287	25	8	668814	10027530	1813697	8213833	1690051835	386587
15133872879	670289	36	8	668816	10028429	1813838	8214591	1690103381	386587
15135349794	670300	35	8	668827	10029273	1813961	8215312	1690165678	386583
15136290384	670313	35	8	668840	10030104	1814092	8216012	1690224874	386579
15137642028	670318	33	8	668845	10030938	1814209	8216729	1690289604	386579
15139345784	670331	41	8	668858	10031815	1814326	8217489	1690341745	386577
15140586050	670337	38	8	668864	10032636	1814453	8218183	1690397585	386577
15142084330	670350	32	8	668877	10033467	1814561	8218906	1690454228	386572
15143554234	670356	33	8	668883	10034318	1814677	8219641	1690503469	386570
15145116613	670360	38	8	668887	10035197	1814803	8220394	1690558195	386568
15146405426	670365	33	8	668892	10036011	1814907	8221104	1690606912	386567
15147841424	670369	36	8	668896	10036843	1815027	8221816	1690655452	386565
15149149354	670381	37	8	668908	10037715	1815157	8222558	1690719376	386565
15150391920	670383	40	8	668910	10038545	1815281	8223264	1690766066	386565
15151872699	670392	36	8	668919	10039354	1815393	8223961	1690817646	386565
15153032960	670400	38	8	668927	10040162	1815490	8224672	1690865463	386562
15154175000	670404	31	8	668931	10040978	1815606	8225372	1690912097	386562
15155583436	670413	31	8	668940	10041831	1815728	8226103	1690971175	386558
15156938376	670420	33	8	668947	10042680	1815843	8226837	1691029226	386556
15158470489	670433	32	8	668960	10043557	1815981	8227576	1691081660	386555
15159754868	670437	34	8	668964	10044398	1816102	8228296	1691130283	386554
15161327095	670445	40	8	668972	10045233	1816224	8229009	1691185178	386553
15162511374	670452	37	8	668979	10046048	1816329	8229719	1691236770	386552
15163780728	670453	34	8	668980	10046878	1816455	8230423	1691282943	386552
15165033952	670459	33	8	668986	10047727	1816575	8231152	1691329154	386549
15166152309	670464	43	8	668991	10048559	1816688	8231871	1691389214	386548
15167550187	670474	30	8	669001	10049393	1816812	8232581	1691451754	386548
15168828640	670481	31	8	669008	10050245	1816941	8233304	1691504386	386546
15170418063	670488	39	8	669015	10051110	1817063	8234047	1691557899	386543
15172119318	670495	38	8	669022	10051949	1817182	8234767	1691614073	386542
15173413186	670505	30	8	669032	10052795	1817314	8235481	1691673864	386540
15174467770	670510	38	8	669037	10053646	1817437	8236209	1691729004	386539
15175792833	670519	37	8	669046	10054492	1817553	8236939	1691795387	386537
15177093481	670525	31	8	669052	10055354	1817673	8237681	1691840656	386537
15178982765	670533	39	8	669060	10056214	1817797	8238417	1691898496	386537
15180060129	670543	33	8	669070	10057032	1817905	8239127	1691970017	386539
15181431299	670551	33	8	669078	10057842	1818020	8239822	1692025401	386538
15182771266	670557	30	8	669084	10058681	1818154	8240527	1692076470	386538
15183967881	670562	41	8	669089	10059557	1818303	8241254	1692127369	386537
15185251625	670569	34	8	669096	10060369	1818429	8241940	1692179621	386534
15186720204	670572	29	8	669099	10061200	1818539	8242661	1692225272	386533
15188009537	670578	36	8	669105	10062056	1818663	8243393	1692279586	386532
15189248021	670587	34	8	669114	10062899	1818791	8244108	1692331709	386531
15190470944	670592	35	8	669119	10063695	1818902	8244793	1692400245	386532
15191636962	670596	34	8	669123	10064528	1819029	8245499	1692444978	386532
15193204408	670602	35	8	669129	10065381	1819156	8246225	1692497123	386531
15194880876	670612	34	8	669139	10066217	1819285	8246932	1692555614	386530
15196325666	670623	29	8	669150	10067061	1819421	8247640	1692607911	386528
15197792292	670626	34	8	669153	10067906	1819531	8248375	1692655615	386527
15198978165	670643	35	8	669170	10068745	1819669	8249076	1692710401	386527
15200387651	670655	38	8	669182	10069626	1819807	8249819	1692771056	386524
15201882035	670668	29	8	669195	10070504	1819953	8250551	1692832146	386526
15203381838	670670	36	8	669197	10071371	1820072	8251299	1692883582	386525
15204668093	670681	34	8	669208	10072217	1820197	8252020	1692952386	386524
15205970789	670687	33	8	669214	10073051	1820315	8252736	1693001494	386523
15207585505	670689	34	8	669216	10073899	1820431	8253468	1693056541	386522
15208830826	670701	36	8	669228	10074748	1820560	8254188	1693131820	386520
15209964674	670708	32	8	669235	10075584	1820693	8254891	1693185591	386519
15211349108	670715	33	8	669242	10076425	1820816	8255609	1693237540	386518
15212520543	670716	32	8	669243	10077238	1820931	8256307	1693279615	386518
15213850663	670723	38	8	669250	10078094	1821057	8257037	1693328476	386516
15214925968	670726	32	8	669253	10078906	1821157	8257749	1693375433	386516
15216352425	670738	32	8	669265	10079782	1821298	8258484	1693457847	386513
15217608457	670744	35	8	669271	10080648	1821438	8259210	1693507628	386512
15218798720	670753	34	8	669280	10081494	1821560	8259934	1693564458	386510
15219998406	670771	34	8	669298	10082313	1821697	8260616	1693624492	386515
15221452689	670780	34	8	669307	10083166	1821819	8261347	1693697750	386516
15222656473	670805	35	8	669332	10084009	1821954	8262055	1693761782	386526
15223936777	670809	34	8	669336	10084830	1822078	8262752	1693806331	386524
15225167641	670817	38	8	669344	10085679	1822200	8263479	1693856119	386522
15226394121	670824	31	8	669351	10086520	1822333	8264187	1693911501	386519
15227648565	670839	26	8	669366	10087383	1822479	8264904	1693986950	386514
15228871433	670844	37	8	669371	10088231	1822605	8265626	1694037163	386514
15230422181	670852	37	8	669379	10089116	1822739	8266377	1694095189	386514
15231414558	670866	29	8	669393	10089952	1822875	8267077	1694162241	386512
15233178017	670875	36	8	669402	10090839	1823007	8267832	1694213983	386509
15234763334	670886	35	8	669413	10091686	1823132	8268554	1694287148	386508
15236260173	670892	34	8	669419	10092537	1823250	8269287	1694345417	386508
15237586676	670903	35	8	669430	10093403	1823388	8270015	1694413613	386508
15238906386	670911	35	8	669438	10094256	1823509	8270747	1694472394	386507
15240293407	670915	29	8	669442	10095110	1823637	8271473	1694518253	386505
15241698113	670931	34	8	669458	10095987	1823764	8272223	1694578996	386503
15243080857	670940	37	8	669467	10096839	1823879	8272960	1694642531	386501
15244417692	670941	32	8	669468	10097708	1824014	8273694	1694687628	386501
15245894762	670956	36	8	669483	10098598	1824165	8274433	1694746934	386496
15247096282	670964	34	8	669491	10099421	1824285	8275136	1694802273	386494
15248776902	670970	29	8	669497	10100305	1824414	8275891	1694860541	386495
15250138661	670977	39	8	669504	10101155	1824530	8276625	1694918407	386495
15251419413	670985	32	8	669512	10101979	1824646	8277333	1694975175	386493
15252707540	670993	36	8	669520	10102852	1824778	8278074	1695028828	386490
15253840713	671008	34	8	669535	10103665	1824916	8278749	1695080075	386489
15254903078	671012	31	8	669539	10104477	1825035	8279442	1695124659	386489
15256576510	671019	34	8	669546	10105341	1825163	8280178	1695186209	386489
15258110520	671027	29	8	669554	10106223	1825308	8280915	1695236943	386486
15259311339	671038	35	8	669565	10107051	1825425	8281626	1695305780	386486
15260538033	671046	36	8	669573	10107875	1825552	8282323	1695353335	386488
15261989667	671048	28	8	669575	10108694	1825658	8283036	1695397114	386487
15263547352	671053	35	8	669580	10109549	1825777	8283772	1695451367	386486
15264873985	671065	38	8	669592	10110359	1825894	8284465	1695522452	386487
15266418558	671067	31	8	669594	10111203	1826011	8285192	1695570904	386487
15267893109	671073	32	8	669600	10112033	1826128	8285905	1695633236	386486
15269315005	671081	32	8	669608	10112829	1826236	8286593	1695689048	386486
15270658377	671092	29	8	669619	10113648	1826359	8287289	1695746902	386486
15272149677	671095	32	8	669622	10114492	1826472	8288020	1695795059	386486
15273874940	671101	32	8	669628	10115303	1826569	8288734	1695848188	386485
15275222734	671107	29	8	669634	10116086	1826673	8289413	1695898819	386487
15276680988	671112	33	8	669639	10116912	1826789	8290123	1695948186	386486
15278194321	671117	35	8	669644	10117735	1826904	8290831	1696000506	386487
15279255582	671126	31	8	669653	10118550	1827040	8291510	1696054964	386487
15280762925	671126	33	8	669653	10119381	1827163	8292218	1696098140	386487
15282437044	671133	38	8	669660	10120241	1827285	8292956	1696157641	386485
15283814031	671138	31	8	669665	10121065	1827386	8293679	1696211221	386486
15284984131	671142	34	8	669669	10121877	1827497	8294380	1696264495	386485
15286411735	671146	27	8	669673	10122698	1827622	8295076	1696308619	386484
15287582769	671162	34	8	669689	10123539	1827754	8295785	1696360563	386481
15288858488	671181	35	8	669708	10124380	1827884	8296496	1696416692	386479
15290059861	671185	28	8	669712	10125181	1827997	8297184	1696465153	386479
15291595660	671190	37	8	669717	10126059	1828120	8297939	1696517166	386478
15293052306	671193	34	8	669720	10126885	1828237	8298648	1696562077	386479
15294270087	671200	34	8	669727	10127700	1828360	8299340	1696617591	386478
15295619953	671204	34	8	669731	10128537	1828481	8300056	1696666294	386478
15296821475	671206	30	8	669733	10129365	1828603	8300762	1696712522	386478
15298464523	671214	32	8	669741	10130220	1828738	8301482	1696761311	386475
15300304264	671223	33	8	669750	10131066	1828857	8302209	1696833789	386473
15301792269	671228	33	8	669755	10131894	1828967	8302927	1696879356	386473
15302923000	671235	30	8	669762	10132702	1829087	8303615	1696928506	386471
15304360228	671243	33	8	669770	10133556	1829227	8304329	1696983819	386471
15305832199	671253	33	8	669780	10134387	1829340	8305047	1697040642	386470
15307190535	671264	29	8	669791	10135212	1829474	8305738	1697091661	386468
15308315335	671268	34	8	669795	10136008	1829591	8306417	1697137581	386468
15309410265	671274	27	8	669801	10136800	1829704	8307096	1697191183	386468
15310577974	671284	35	8	669811	10137621	1829832	8307789	1697251265	386465
15311746776	671295	32	8	669822	10138405	1829942	8308463	1697305372	386463
15312969191	671311	33	8	669838	10139242	1830063	8309179	1697379367	386464
15314356228	671314	30	8	669841	10140076	1830173	8309903	1697424725	386463
15316022466	671316	33	8	669843	10140918	1830290	8310628	1697471621	386462
15317358295	671322	31	8	669849	10141721	1830408	8311313	1697525969	386461
15318721678	671330	32	8	669857	10142550	1830518	8312032	1697581439	386458
15320047710	671332	36	8	669859	10143340	1830614	8312726	1697622494	386457
15321590766	671333	28	8	669860	10144137	1830731	8313406	1697664454	386457
15323078885	671339	33	8	669866	10144970	1830848	8314122	1697715783	386455
15324132704	671345	38	8	669872	10145781	1830974	8314807	1697778506	386454
15325498427	671351	32	8	669878	10146607	1831086	8315521	1697833095	386452
15326834958	671359	30	8	669886	10147424	1831206	8316218	1697906743	386453
15328161741	671361	35	8	669888	10148212	1831304	8316908	1697947750	386453
15329526662	671363	28	8	669890	10149027	1831417	8317610	1697994544	386453
15330811855	671369	34	8	669896	10149888	1831556	8318332	1698058503	386455
15332468175	671394	29	8	669921	10150736	1831690	8319046	1698141374	386459
15333725053	671395	34	8	669922	10151547	1831806	8319741	1698186751	386459
15335231591	671402	33	8	669929	10152384	1831931	8320453	1698240191	386461
15336306485	671407	36	8	669934	10153197	1832068	8321129	1698288969	386461
15337728792	671411	38	8	669938	10154000	1832183	8321817	1698339291	386461
15338893949	671419	31	8	669946	10154808	1832307	8322501	1698390907	386462
15339973067	671422	33	8	669949	10155620	1832430	8323190	1698439286	386461
15341225063	671427	29	8	669954	10156463	1832555	8323908	1698485057	386462
15342402815	671430	32	8	669957	10157302	1832686	8324616	1698530392	386461
15343538109	671438	27	8	669965	10158100	1832802	8325298	1698583187	386461
15345102772	671441	35	8	669968	10158956	1832924	8326032	1698630327	386461
15346303082	671453	30	8	669980	10159788	1833051	8326737	1698686638	386460
15347677736	671458	35	8	669985	10160619	1833179	8327440	1698734945	386458
15348785452	671468	31	8	669995	10161422	1833310	8328112	1698784214	386457
15350184550	671469	33	8	669996	10162258	1833420	8328838	1698829202	386457
15351841198	671470	30	8	669997	10163088	1833523	8329565	1698890342	386457
15353258563	671472	38	8	669999	10163923	1833643	8330280	1698933980	386457
15354354181	671479	28	8	670006	10164721	1833747	8330974	1698978821	386458
15355871882	671488	37	8	670015	10165574	1833867	8331707	1699042401	386459
15357053058	671498	31	8	670025	10166405	1833999	8332406	1699094954	386458
15358493686	671508	33	8	670035	10167235	1834130	8333105	1699170496	386462
15359704302	671522	30	8	670049	10168086	1834270	8333816	1699227270	386464
15361123081	671526	37	8	670053	10168940	1834385	8334555	1699278888	386464
15362292189	671529	29	8	670056	10169718	1834484	8335234	1699324473	386464
15363587565	671532	32	8	670059	10170555	1834602	8335953	1699371429	386464
15364859130	671536	35	8	670063	10171411	1834735	8336676	1699417008	386465
15366122860	671540	34	8	670067	10172226	1834856	8337370	1699465496	386466
15367705631	671547	32	8	670074	10173082	1834979	8338103	1699527935	386467
15369129184	671552	29	8	670079	10173894	1835093	8338801	1699578600	386467
15370560473	671555	35	8	670082	10174723	1835205	8339518	1699623911	386466
15371865283	671561	34	8	670088	10175539	1835317	8340222	1699676251	386466
15372896885	671567	34	8	670094	10176348	1835432	8340916	1699726115	386467
15374289029	671573	27	8	670100	10177187	1835544	8341643	1699786289	386468
15375752710	671580	37	8	670107	10178050	1835664	8342386	1699841140	386469
15377146376	671593	34	8	670120	10178863	1835795	8343068	1699943705	386471
15378503288	671605	33	8	670132	10179719	1835936	8343783	1700014009	386474
15380083256	671607	31	8	670134	10180570	1836061	8344509	1700060912	386475
15381235762	671611	36	8	670138	10181435	1836194	8345241	1700109043	386474
15382347473	671619	35	8	670146	10182226	1836307	8345919	1700154226	386475
15383803065	671622	30	8	670149	10183034	1836410	8346624	1700198288	386475
15385243115	671626	35	8	670153	10183862	1836522	8347340	1700243269	386475
15386791349	671628	30	8	670155	10184700	1836645	8348055	1700286819	386475
15388343740	671634	35	8	670161	10185534	1836769	8348765	1700335843	386477
15389947483	671639	31	8	670166	10186359	1836887	8349472	1700391494	386476
15391420929	671641	31	8	670168	10187186	1836993	8350193	1700434579	386476
15392412980	671645	31	8	670172	10187989	1837110	8350879	1700489725	386475
15393920431	671650	35	8	670177	10188828	1837244	8351584	1700547081	386476
15395234119	671660	32	8	670187	10189684	1837369	8352315	1700602205	386475
15396582830	671666	34	8	670193	10190504	1837491	8353013	1700649239	386476
15397731948	671670	32	8	670197	10191329	1837612	8353717	1700695924	386476
15398739784	671674	28	8	670201	10192047	1837712	8354335	1700738735	386476
15400297735	671684	34	8	670211	10192904	1837838	8355066	1700795846	386474
15401569280	671690	31	8	670217	10193721	1837955	8355766	1700846798	386474
15402973184	671697	33	8	670224	10194546	1838074	8356472	1700903059	386475
15404472929	671699	34	8	670226	10195388	1838191	8357197	1700956036	386476
15405953833	671702	33	8	670229	10196218	1838316	8357902	1701011181	386477
15407287823	671704	35	8	670231	10197023	1838426	8358597	1701054696	386476
15408649804	671708	33	8	670235	10197844	1838521	8359323	1701103678	386476
15409725247	671711	37	8	670238	10198673	1838638	8360035	1701148942	386477
15410914971	671715	23	8	670242	10199469	1838744	8360725	1701193960	386476
15411878213	671717	36	8	670244	10200281	1838859	8361422	1701242702	386477
15413243689	671736	30	8	670263	10201064	1838976	8362088	1701329900	386481
15414550393	671740	35	8	670267	10201898	1839094	8362804	1701377450	386482
15415687817	671744	33	8	670271	10202758	1839212	8363546	1701422392	386482
15417213696	671747	29	8	670274	10203605	1839339	8364266	1701469454	386482
15418589146	671754	32	8	670281	10204447	1839455	8364992	1701524748	386486
15419708075	671764	24	8	670291	10205244	1839584	8365660	1701584468	386486
15421308307	671765	37	8	670292	10206095	1839693	8366402	1701628382	386485
15422707534	671767	30	8	670294	10206913	1839800	8367113	1701675608	386485
15424102286	671768	33	8	670295	10207711	1839897	8367814	1701721254	386485
15425325236	671780	32	8	670307	10208525	1840005	8368520	1701792471	386487
15426565945	671783	31	8	670310	10209364	1840130	8369234	1701838173	386488
15427587314	671784	39	8	670311	10210180	1840252	8369928	1701880553	386487
15428967327	671788	29	8	670315	10210987	1840369	8370618	1701929263	386487
15430394527	671790	35	8	670317	10211838	1840502	8371336	1701976991	386486
15431736613	671800	31	8	670327	10212656	1840614	8372042	1702028160	386492
15432870845	671803	34	8	670330	10213469	1840723	8372746	1702080087	386492
15434315707	671812	28	8	670339	10214300	1840843	8373457	1702137539	386492
15435464643	671814	32	8	670341	10215139	1840967	8374172	1702181236	386493
15437086550	671815	29	8	670342	10215984	1841100	8374884	1702225217	386492
15438625825	671818	27	8	670345	10216805	1841215	8375590	1702273113	386492
15439873424	671820	32	8	670347	10217625	1841341	8376284	1702315955	386493
15441111294	671824	33	8	670351	10218466	1841461	8377005	1702363959	386493
15442378678	671828	38	8	670355	10219303	1841592	8377711	1702411952	386493
15443526576	671830	30	8	670357	10220091	1841706	8378385	1702454145	386493
15445095013	671842	31	8	670369	10220921	1841831	8379090	1702517289	386493
15446323670	671850	32	8	670377	10221790	1841962	8379828	1702601957	386493
15447766795	671851	31	8	670378	10222615	1842071	8380544	1702646345	386493
15449468569	671856	31	8	670383	10223456	1842178	8381278	1702690037	386494
15450530780	671856	28	8	670383	10224266	1842295	8381971	1702731989	386494
15451925275	671863	33	8	670390	10225132	1842429	8382703	1702782035	386494
15453416098	671865	31	8	670392	10225939	1842528	8383411	1702826611	386494
15455039510	671882	31	8	670409	10226778	1842652	8384126	1702883567	386501
15456260107	671884	37	8	670411	10227593	1842759	8384834	1702936100	386501
15457595497	671886	34	8	670413	10228408	1842871	8385537	1702981937	386501
15459031671	671887	37	8	670414	10229267	1842993	8386274	1703029834	386501
15460309312	671891	35	8	670418	10230039	1843097	8386942	1703072446	386500
15461735252	671898	31	8	670425	10230845	1843207	8387638	1703125113	386502
15463110168	671900	35	8	670427	10231688	1843329	8388359	1703170783	386502
15464500300	671908	30	8	670435	10232498	1843455	8389043	1703227059	386504
15466155170	671915	32	8	670442	10233349	1843566	8389783	1703278117	386502
15467437686	671917	32	8	670444	10234179	1843691	8390488	1703321737	386501
15468679413	671917	31	8	670444	10234987	1843787	8391200	1703363266	386501
15469999088	671917	32	8	670444	10235799	1843903	8391896	1703405430	386501
15471497089	671919	30	8	670446	10236634	1844028	8392606	1703456551	386501
15472768744	671919	35	8	670446	10237446	1844139	8393307	1703498672	386501
15474155265	671926	27	8	670453	10238276	1844261	8394015	1703556331	386502
15475457235	671929	34	8	670456	10239127	1844385	8394742	1703606819	386503
15476635838	671933	31	8	670460	10239937	1844487	8395450	1703652280	386502
15477974546	671934	36	8	670461	10240764	1844597	8396167	1703694913	386502
15479404749	671936	31	8	670463	10241574	1844694	8396880	1703739010	386501
15480846060	671937	40	8	670464	10242439	1844823	8397616	1703785094	386501
15482184515	671944	35	8	670471	10243247	1844950	8398297	1703833666	386502
15483911966	671946	42	8	670473	10244071	1845076	8398995	1703881605	386502
15485252428	671952	29	8	670479	10244866	1845197	8399669	1703929616	386501
15486596985	671954	37	8	670481	10245690	1845307	8400383	1703978308	386501
15487740172	671957	28	8	670484	10246480	1845403	8401077	1704021369	386501
15488885698	671977	32	8	670504	10247326	1845534	8401792	1704080559	386503
15489999125	671977	32	8	670504	10248106	1845635	8402471	1704120951	386503
15491717937	671985	22	8	670512	10248915	1845753	8403162	1704177158	386504
15493354794	671994	34	8	670521	10249772	1845889	8403883	1704233482	386505
15494485231	672002	36	8	670529	10250624	1846014	8404610	1704297784	386508
15495819671	672004	30	8	670531	10251403	1846121	8405282	1704342147	386508
15497113704	672004	36	8	670531	10252234	1846236	8405998	1704385145	386508
15498453785	672007	27	8	670534	10253043	1846345	8406698	1704429271	386508
15500094121	672007	27	8	670534	10253821	1846443	8407378	1704469294	386508
15501669916	672011	34	8	670538	10254680	1846565	8408115	1704518926	386508
15503025881	672012	33	8	670539	10255519	1846683	8408836	1704563526	386508
15504099084	672017	32	8	670544	10256341	1846791	8409550	1704617674	386508
15505077319	672024	32	8	670551	10257179	1846922	8410257	1704671387	386507
15506455948	672028	33	8	670555	10257996	1847044	8410952	1704721471	386506
15507837290	672028	32	8	670555	10258809	1847137	8411672	1704763229	386506
15509212267	672035	34	8	670562	10259680	1847271	8412409	1704812448	386508
15510572629	672036	32	8	670563	10260507	1847395	8413112	1704855433	386507
15512237365	672040	35	8	670567	10261347	1847506	8413841	1704904543	386507
15513561794	672044	31	8	670571	10262192	1847633	8414559	1704953475	386506
15514991949	672046	32	8	670573	10263033	1847749	8415284	1705001007	386506
15516158083	672054	33	8	670581	10263862	1847876	8415986	1705057501	386507
15517754244	672061	30	8	670588	10264696	1847998	8416698	1705110257	386508
15519277412	672064	32	8	670591	10265502	1848109	8417393	1705160470	386508
15520534917	672071	36	8	670598	10266338	1848239	8418099	1705215446	386506
15521809028	672075	33	8	670602	10267178	1848374	8418804	1705259446	386507
15523200124	672078	36	8	670605	10267975	1848485	8419490	1705306059	386508
15524806215	672080	32	8	670607	10268806	1848601	8420205	1705352376	386508
15526269929	672080	32	8	670607	10269637	1848701	8420936	1705395017	386508
15527442824	672089	35	8	670616	10270465	1848807	8421658	1705446022	386512
15528797689	672091	32	8	670618	10271282	1848934	8422348	1705490825	386511
15530210876	672094	31	8	670621	10272144	1849062	8423082	1705539796	386511
15531650382	672097	32	8	670624	10272973	1849183	8423790	1705587386	386513
15532982079	672107	34	8	670634	10273832	1849309	8424523	1705636183	386516
15534201129	672111	35	8	670638	10274676	1849429	8425247	1705682834	386515
15535624364	672111	36	8	670638	10275498	1849552	8425946	1705725250	386515
15536748284	672114	32	8	670641	10276327	1849683	8426644	1705772342	386514
15538214548	672114	32	8	670641	10277143	1849786	8427357	1705814317	386514
15539366856	672121	30	8	670648	10277984	1849917	8428067	1705868558	386517
15540797354	672130	29	8	670657	10278831	1850043	8428788	1705928070	386516
15542181814	672133	28	8	670660	10279674	1850161	8429513	1705973426	386514
15543510676	672134	35	8	670661	10280513	1850289	8430224	1706018333	386514
15544761930	672134	29	8	670661	10281325	1850406	8430919	1706060459	386514
15546467743	672137	33	8	670664	10282175	1850519	8431656	1706109416	386513
15547795855	672137	35	8	670664	10282974	1850633	8432341	1706150796	386513
15549091881	672140	30	8	670667	10283811	1850749	8433062	1706195520	386513
15550028870	672142	34	8	670669	10284618	1850867	8433751	1706239782	386515
15551518800	672144	37	8	670671	10285447	1850996	8434451	1706284532	386514
15553190692	672144	30	8	670671	10286256	1851093	8435163	1706326119	386514
15554646954	672146	32	8	670673	10287114	1851215	8435899	1706371630	386513
15555936964	672146	36	8	670673	10287964	1851332	8436632	1706415537	386513
15557458442	672151	31	8	670678	10288806	1851452	8437354	1706468050	386516
15559043287	672153	35	8	670680	10289640	1851569	8438071	1706512097	386515
15560332934	672156	35	8	670683	10290470	1851692	8438778	1706566616	386516
15561573672	672158	32	8	670685	10291288	1851800	8439488	1706615784	386516
15562928907	672163	33	8	670690	10292127	1851925	8440202	1706661834	386515
15564235620	672165	27	8	670692	10292912	1852025	8440887	1706705575	386515
15565347942	672168	33	8	670695	10293771	1852156	8441615	1706752221	386516
15566900633	672172	30	8	670699	10294601	1852275	8442326	1706801020	386518
15568489201	672172	38	8	670699	10295463	1852399	8443064	1706845493	386518
15569725645	672177	30	8	670704	10296300	1852521	8443779	1706890396	386518
15570993942	672179	33	8	670706	10297122	1852636	8444486	1706933137	386517
15572784019	672185	34	8	670712	10297973	1852751	8445222	1706985902	386519
15574169298	672186	30	8	670713	10298804	1852870	8445934	1707030330	386519
15575568802	672186	34	8	670713	10299633	1852984	8446649	1707072965	386519
15576802068	672191	31	8	670718	10300438	1853102	8447336	1707126448	386518
15578483346	672192	35	8	670719	10301293	1853224	8448069	1707172217	386518
15579781811	672195	34	8	670722	10302120	1853348	8448772	1707230799	386518
15581474068	672198	36	8	670725	10302964	1853461	8449503	1707283740	386518
15582625510	672200	34	8	670727	10303737	1853577	8450160	1707328065	386518
15583858077	672201	32	8	670728	10304546	1853697	8450849	1707369919	386518
15585207865	672203	35	8	670730	10305368	1853800	8451568	1707414748	386518
15586330697	672203	28	8	670730	10306123	1853894	8452229	1707453676	386518
15588100410	672204	33	8	670731	10306957	1854007	8452950	1707499956	386518
15589291040	672205	33	8	670732	10307757	1854103	8453654	1707543687	386519
15590690012	672208	34	8	670735	10308583	1854218	8454365	1707587167	386517
15592173516	672213	29	8	670740	10309402	1854333	8455069	1707635747	386517
15593503507	672214	27	8	670741	10310181	1854430	8455751	1707675966	386517
15594769927	672219	35	8	670746	10310999	1854544	8456455	1707725180	386517
15596260814	672221	27	8	670748	10311805	1854655	8457150	1707771283	386517
15597698411	672226	30	8	670753	10312637	1854777	8457860	1707815025	386519
15599221850	672227	30	8	670754	10313442	1854890	8458552	1707857030	386518
15600528299	672229	30	8	670756	10314248	1855001	8459247	1707904602	386519
15601677428	672231	36	8	670758	10315057	1855112	8459945	1707949808	386519
15603092971	672232	30	8	670759	10315841	1855216	8460625	1707991663	386519
15604541916	672233	28	8	670760	10316665	1855336	8461329	1708034484	386519
15605799029	672236	30	8	670763	10317473	1855450	8462023	1708081621	386521
15606862838	672239	29	8	670766	10318244	1855554	8462690	1708123828	386521
15608133851	672241	35	8	670768	10319030	1855663	8463367	1708172692	386522
15609550601	672241	30	8	670768	10319830	1855771	8464059	1708213768	386522
15610957414	672243	32	8	670770	10320640	1855874	8464766	1708261595	386522
15612416279	672245	34	8	670772	10321460	1855989	8465471	1708313846	386524
15613705490	672251	32	8	670778	10322270	1856106	8466164	1708362311	386523
15614881039	672252	36	8	670779	10323060	1856210	8466850	1708404859	386523
15616273195	672254	30	8	670781	10323854	1856309	8467545	1708457057	386523
15617490617	672255	29	8	670782	10324650	1856420	8468230	1708499584	386523
15618637397	672259	33	8	670786	10325472	1856534	8468938	1708548323	386523
15620079793	672260	30	8	670787	10326286	1856644	8469642	1708590905	386523
15621090898	672267	28	8	670794	10327093	1856765	8470328	1708637465	386527
15622623745	672267	36	8	670794	10327916	1856879	8471037	1708679919	386527
15623750546	672269	30	8	670796	10328668	1856990	8471678	1708722701	386527
15625225866	672270	30	8	670797	10329458	1857110	8472348	1708765463	386527
15626506064	672274	30	8	670801	10330275	1857211	8473064	1708807959	386527
15627865921	672276	33	8	670803	10331084	1857333	8473751	1708851334	386526
15629011437	672277	23	8	670804	10331898	1857453	8474445	1708893460	386525
15630212486	672280	31	8	670807	10332680	1857571	8475109	1708937390	386524
15631287214	672281	33	8	670808	10333519	1857690	8475829	1708983353	386524
15632652634	672286	29	8	670813	10334310	1857798	8476512	1709025083	386526
15634023008	672290	34	8	670817	10335132	1857917	8477215	1709072523	386526
15635436224	672292	30	8	670819	10335939	1858035	8477904	1709116769	386526
15636664634	672294	29	8	670821	10336719	1858134	8478585	1709162239	386526
15637990529	672296	32	8	670823	10337538	1858245	8479293	1709208248	386525
15639107514	672298	26	8	670825	10338349	1858373	8479976	1709254507	386526
15640340455	672300	34	8	670827	10339156	1858477	8480679	1709296076	386525
15641585318	672301	32	8	670828	10339943	1858578	8481365	1709339017	386525
15642949277	672302	27	8	670829	10340743	1858686	8482057	1709380529	386524
15644504190	672305	28	8	670832	10341552	1858802	8482750	1709426795	386524
15646208946	672306	30	8	670833	10342345	1858905	8483440	1709470054	386524
15647648789	672306	31	8	670833	10343145	1859011	8484134	1709511358	386524
15649043213	672308	37	8	670835	10343878	1859101	8484777	1709549086	386524
15650467505	672309	30	8	670836	10344657	1859208	8485449	1709590552	386524
15651669056	672309	26	8	670836	10345438	1859319	8486119	1709630728	386524
15652893801	672311	33	8	670838	10346195	1859417	8486778	1709671572	386523
15654269138	672312	34	8	670839	10346990	1859521	8487469	1709712490	386523
15655555207	672313	28	8	670840	10347799	1859646	8488153	1709756265	386523
15657095059	672315	27	8	670842	10348621	1859767	8488854	1709802293	386523
15658155802	672315	31	8	670842	10349420	1859882	8489538	1709843575	386523
15659342218	672320	33	8	670847	10350234	1860002	8490232	1709894177	386522
15660828889	672322	28	8	670849	10351066	1860119	8490947	1709936921	386523
15662120743	672323	32	8	670850	10351887	1860238	8491649	1709979474	386523
15663330888	672325	28	8	670852	10352669	1860357	8492312	1710020613	386523
15664712102	672329	21	8	670856	10353463	1860460	8493003	1710073078	386524
15666097963	672333	36	8	670860	10354280	1860579	8493701	1710120688	386523
15667448423	672335	30	8	670862	10355098	1860700	8494398	1710165902	386523
15668807566	672335	30	8	670862	10355901	1860812	8495089	1710207335	386523
15669960621	672335	31	8	670862	10356699	1860921	8495778	1710248443	386523
15671395648	672335	31	8	670862	10357504	1861024	8496480	1710289819	386523
15672582061	672342	32	8	670869	10358299	1861136	8497163	1710334670	386523
15673779675	672342	31	8	670869	10359087	1861239	8497848	1710374966	386523
15675258161	672351	34	8	670878	10359929	1861369	8498560	1710427154	386526
15676486957	672351	30	8	670878	10360697	1861476	8499221	1710466963	386526
15677962005	672351	36	8	670878	10361497	1861597	8499900	1710508488	386526
15679094530	672354	27	8	670881	10362268	1861710	8500558	1710558687	386526
15680521693	672362	32	8	670889	10363105	1861836	8501269	1710610455	386525
15681997100	672366	35	8	670893	10363895	1861957	8501938	1710653666	386524
15683142333	672367	32	8	670894	10364696	1862075	8502621	1710701667	386524
15684307762	672368	33	8	670895	10365482	1862186	8503296	1710745991	386524
15685336927	672368	30	8	670895	10366265	1862291	8503974	1710786232	386524
15686774728	672370	31	8	670897	10367091	1862408	8504683	1710829061	386524
15688098028	672371	29	8	670898	10367879	1862513	8505366	1710873780	386524
15689561926	672371	32	8	670898	10368682	1862627	8506055	1710915064	386524
15690839900	672373	27	8	670900	10369461	1862753	8506708	1710957398	386524
15692049989	672374	32	8	670901	10370242	1862856	8507386	1711002369	386525
15693156168	672376	30	8	670903	10371025	1862962	8508063	1711046331	386525
15694561007	672376	31	8	670903	10371788	1863059	8508729	1711085531	386525
15696018446	672380	31	8	670907	10372566	1863155	8509411	1711135643	386526
15697099409	672387	32	8	670914	10373372	1863275	8510097	1711182042	386527
15698450474	672388	32	8	670915	10374193	1863385	8510808	1711227237	386527
15699819772	672388	33	8	670915	10374962	1863498	8511464	1711267142	386527
15701102358	672388	32	8	670915	10375739	1863605	8512134	1711307398	386527
15702409326	672391	31	8	670918	10376494	1863712	8512782	1711346412	386527
15703439489	672392	26	8	670919	10377210	1863824	8513386	1711384996	386527
