0.483333333085
0.510000000397
0.523333333433
0.466666667412
0.433333333582
0.483333334327
0.483333333085
0.47000000005
0.466666667412
0.47000000005
0.449999999255
0.473333333929
0.446666666617
0.473333332688
0.456666667014
0.456666665773
0.453333333135
0.47000000005
0.47000000005
0.459999999652
0.459999999652
0.486666666965
0.453333334376
0.473333333929
0.473333333929
0.446666666617
0.456666667014
0.479999999205
0.449999999255
0.433333333582
0.473333333929
0.47000000005
0.456666665773
0.440000000099
0.466666667412
0.423333333184
0.47000000005
0.483333333085
0.413333334029
0.510000000397
0.436666667461
0.440000000099
0.47000000005
0.450000000497
0.459999999652
0.473333333929
0.453333333135
0.473333332688
0.473333332688
0.429999999702
0.493333333482
0.453333334376
0.480000000447
0.433333333582
0.440000000099
0.463333333532
0.459999999652
0.466666667412
0.446666666617
0.463333333532
0.463333333532
0.463333333532
0.440000000099
0.433333333582
0.476666666567
0.423333333184
0.446666666617
0.429999999702
0.460000000894
0.453333333135
0.456666667014
0.450000000497
0.460000000894
0.46666666617
0.446666666617
0.47000000005
0.443333332737
0.516666666915
0.473333333929
0.456666667014
0.493333333482
0.416666666667
0.473333332688
0.450000000497
0.463333333532
0.483333333085
0.43666666622
0.47000000005
0.436666667461
0.460000000894
0.439999998858
0.463333333532
0.423333333184
0.46333333229
0.480000000447
0.46666666617
0.463333333532
0.439999998858
0.46666666617
0.453333334376
0.516666665673
0.460000000894
0.443333333979
0.46666666617
0.5
0.486666666965
0.450000000497
0.463333333532
0.453333333135
0.43666666622
0.490000000844
0.463333333532
0.446666666617
0.446666666617
0.456666667014
0.433333333582
0.43666666622
0.463333333532
0.440000000099
0.426666667064
0.449999999255
0.440000000099
0.446666667859
0.449999999255
0.446666666617
0.436666667461
0.439999998858
0.47000000005
0.440000000099
0.459999999652
0.430000000944
0.460000000894
0.47000000005
0.443333333979
0.453333333135
0.456666667014
0.443333332737
0.473333333929
0.459999999652
0.43666666622
0.429999999702
0.456666667014
0.473333333929
0.476666666567
0.476666666567
0.440000000099
0.47000000005
0.456666667014
0.426666667064
0.47000000005
0.43666666622
0.453333333135
0.473333333929
0.459999999652
0.450000000497
0.476666666567
0.493333333482
0.563333332539
0.440000000099
0.46666666617
0.476666666567
0.440000000099
0.473333332688
0.49666666612
0.46333333229
0.446666666617
0.456666667014
0.490000000844
0.50333333388
0.479999999205
0.443333332737
0.450000000497
0.456666665773
0.46666666617
0.516666665673
0.453333334376
0.439999998858
0.429999999702
0.423333333184
0.473333333929
0.443333333979
0.463333333532
0.463333333532
0.440000000099
0.480000000447
0.43666666622
0.453333333135
0.433333333582
0.433333333582
0.443333332737
0.453333333135
0.479999999205
0.443333333979
0.446666666617
0.493333333482
0.449999999255
0.453333333135
0.446666666617
0.433333333582
0.463333333532
0.460000000894
0.453333333135
0.440000000099
0.473333332688
0.456666667014
0.450000000497
0.46333333229
0.523333332191
0.47000000005
0.47000000005
0.486666665723
0.473333332688
0.47000000005
0.440000000099
0.440000000099
0.426666665822
0.47000000005
0.456666667014
0.423333333184
0.453333334376
0.453333333135
0.453333333135
0.43333333234
0.47000000005
0.440000000099
0.483333334327
0.440000000099
0.426666665822
0.429999999702
0.459999999652
0.440000000099
0.456666667014
0.443333332737
0.526666666071
0.510000000397
0.473333333929
0.43666666622
0.47000000005
0.43666666622
0.456666667014
0.456666667014
0.46666666617
0.46666666617
0.493333333482
0.426666667064
0.456666665773
0.443333332737
0.43666666622
0.453333333135
0.476666666567
0.423333333184
0.466666667412
0.486666665723
0.453333333135
0.433333333582
0.430000000944
0.459999999652
0.426666665822
0.489999999603
0.430000000944
0.433333333582
0.463333333532
0.473333332688
0.46333333229
0.473333332688
0.463333333532
0.443333333979
0.450000000497
0.433333333582
0.433333333582
0.479999999205
0.450000000497
0.480000000447
0.456666667014
0.450000000497
0.446666666617
0.459999999652
0.446666666617
0.446666666617
0.473333333929
0.476666666567
0.463333333532
0.489999999603
0.490000000844
0.47000000005
0.443333333979
0.46666666617
0.473333333929
0.480000000447
0.483333334327
0.483333333085
0.440000000099
0.483333333085
0.46666666617
0.413333334029
0.47000000005
0.5
0.456666665773
0.446666666617
0.480000000447
0.456666667014
0.463333333532
0.453333333135
0.429999999702
0.463333333532
0.463333333532
0.446666666617
0.440000000099
0.490000000844
0.480000000447
0.449999999255
0.43666666622
0.47000000005
0.473333333929
0.440000000099
0.486666666965
0.486666666965
0.423333333184
0.466666667412
0.440000000099
0.440000000099
0.456666667014
0.456666667014
0.459999999652
0.47000000005
0.443333332737
0.440000000099
0.46333333229
0.433333333582
0.483333333085
0.479999999205
0.413333334029
0.446666666617
0.473333332688
0.483333333085
0.443333333979
0.546666666865
0.516666666915
0.473333332688
0.479999999205
0.473333333929
0.506666667759
0.453333333135
0.483333333085
0.483333333085
0.446666666617
0.433333333582
0.443333332737
0.476666666567
0.486666666965
0.436666667461
0.480000000447
0.459999999652
0.536666666468
0.496666667362
0.459999999652
0.473333332688
0.450000000497
0.483333333085
0.453333333135
0.433333333582
0.463333333532
0.426666667064
0.479999999205
0.459999999652
0.463333333532
0.443333332737
0.453333333135
0.440000000099
0.479999999205
0.486666665723
0.466666667412
0.466666667412
0.480000000447
0.46666666617
0.440000000099
0.456666667014
0.46333333229
0.450000000497
0.456666665773
0.440000000099
0.473333332688
0.476666666567
0.456666667014
0.463333333532
0.483333334327
0.483333333085
0.456666667014
0.456666667014
0.443333332737
0.43333333234
0.473333333929
0.46666666617
0.496666667362
0.47000000005
0.459999999652
0.453333333135
0.403333333631
0.463333333532
0.443333333979
0.46666666617
0.46333333229
0.473333333929
0.453333334376
0.479999999205
0.473333333929
0.443333332737
0.463333333532
0.459999999652
0.446666666617
0.453333333135
0.463333333532
0.453333333135
0.506666666518
0.489999999603
0.480000000447
0.426666665822
0.43666666622
0.466666667412
0.460000000894
0.450000000497
0.456666665773
0.510000000397
0.459999999652
0.476666666567
0.443333333979
0.47000000005
0.443333333979
0.446666666617
0.443333332737
0.466666667412
0.446666666617
0.459999999652
0.453333333135
0.446666666617
0.423333333184
0.459999999652
0.459999999652
0.446666666617
0.459999999652
0.50333333388
0.450000000497
0.476666666567
0.436666667461
0.550000000745
0.459999999652
0.459999999652
0.453333333135
0.459999999652
0.493333333482
0.483333334327
0.486666665723
0.453333333135
0.463333333532
0.433333333582
0.486666665723
0.486666666965
0.460000000894
0.459999999652
0.47000000005
0.433333333582
0.426666667064
0.483333333085
0.463333333532
0.423333334426
0.449999999255
0.443333333979
0.443333333979
0.480000000447
0.423333333184
0.43666666622
0.589999999851
0.429999999702
0.443333332737
0.446666666617
0.449999999255
0.47000000005
0.450000000497
0.453333333135
0.426666667064
0.456666667014
0.440000000099
0.449999999255
0.43666666622
0.473333332688
0.440000000099
0.410000000149
0.440000000099
0.46666666617
0.443333333979
0.456666667014
0.459999999652
0.479999999205
0.456666667014
0.463333333532
0.456666665773
0.46666666617
0.449999999255
0.49666666612
0.450000000497
0.440000000099
0.456666665773
0.456666667014
0.46333333229
0.46666666617
0.440000000099
0.459999999652
0.456666667014
0.426666667064
0.419999999305
0.486666665723
0.459999999652
0.429999999702
0.47000000005
0.480000000447
0.443333333979
0.46333333229
0.459999999652
0.456666667014
0.463333333532
0.43666666622
0.443333333979
0.459999999652
0.480000000447
0.483333333085
0.443333333979
0.483333333085
0.423333333184
0.473333333929
0.423333333184
0.433333333582
0.46666666617
0.463333333532
0.456666665773
0.460000000894
0.453333333135
0.453333333135
0.476666666567
0.456666667014
0.456666667014
0.479999999205
0.453333333135
0.473333332688
0.460000000894
0.456666667014
0.433333333582
0.479999999205
0.443333333979
0.483333333085
0.503333332638
0.456666667014
0.46666666617
0.46666666617
0.423333333184
0.450000000497
0.476666666567
0.453333334376
0.466666667412
0.46333333229
0.473333332688
0.473333333929
0.43666666622
0.446666666617
0.5
0.5
0.459999999652
0.473333333929
0.466666667412
0.449999999255
0.46333333229
0.450000000497
0.433333333582
0.473333332688
0.459999999652
0.479999999205
0.443333332737
0.453333333135
0.440000000099
0.440000000099
0.43666666622
0.446666666617
0.459999999652
0.453333334376
0.433333333582
0.46666666617
0.47000000005
0.486666666965
0.450000000497
0.469999998808
0.463333333532
0.46666666617
0.47000000005
0.47000000005
0.473333333929
0.483333334327
0.456666667014
0.46666666617
0.419999999305
0.443333332737
0.476666666567
0.420000000546
0.47000000005
0.463333333532
0.43333333234
0.453333333135
0.46333333229
0.456666667014
0.463333333532
0.463333333532
0.493333333482
0.446666666617
0.47000000005
0.446666666617
0.436666667461
0.440000000099
0.429999999702
0.440000000099
0.426666667064
0.433333333582
0.459999999652
0.446666666617
0.483333333085
0.483333333085
0.406666667511
0.450000000497
0.426666665822
0.463333333532
0.429999999702
0.43666666622
0.453333333135
0.436666667461
0.436666667461
0.440000000099
0.513333333035
0.453333333135
0.463333333532
0.420000000546
0.450000000497
0.440000000099
0.453333333135
0.47000000005
0.433333333582
0.459999999652
0.463333333532
0.469999998808
0.476666666567
0.47000000005
0.489999999603
0.483333334327
0.480000000447
0.463333333532
0.450000000497
0.46666666617
0.429999999702
0.423333333184
0.446666666617
0.436666667461
0.43666666622
0.5
0.453333333135
0.440000000099
0.446666667859
0.446666666617
0.440000000099
0.469999998808
0.456666667014
0.5
0.463333333532
0.473333333929
0.460000000894
0.463333333532
0.453333333135
0.459999999652
0.453333333135
0.43666666622
0.426666667064
0.476666666567
0.47000000005
0.463333333532
0.433333333582
0.5
0.456666667014
0.483333333085
0.439999998858
0.426666667064
0.450000000497
0.433333333582
0.433333333582
0.456666667014
0.46666666617
0.426666667064
0.443333332737
0.496666667362
0.420000000546
0.423333333184
0.446666666617
0.433333333582
0.456666667014
0.440000000099
0.443333333979
0.463333333532
0.426666665822
0.473333333929
0.43666666622
0.449999999255
0.446666666617
0.463333333532
0.47000000005
0.46666666617
0.463333333532
0.459999999652
0.479999999205
0.433333333582
0.473333332688
0.459999999652
0.450000000497
0.466666667412
0.459999999652
0.456666665773
0.463333333532
0.453333333135
0.460000000894
0.459999999652
0.449999999255
0.456666665773
0.5
0.486666666965
0.443333333979
0.466666667412
0.453333333135
0.456666667014
0.480000000447
0.443333333979
0.46333333229
0.463333333532
0.489999999603
0.450000000497
0.47000000005
0.456666667014
0.453333334376
0.480000000447
0.453333333135
0.493333332241
0.423333333184
0.476666666567
0.46666666617
0.460000000894
0.443333332737
0.466666667412
0.463333333532
0.429999999702
0.430000000944
0.46666666617
0.473333332688
0.463333333532
0.489999999603
0.476666666567
0.463333333532
0.47000000005
0.473333332688
0.459999999652
0.47000000005
0.540000000348
0.49666666612
0.43666666622
0.473333332688
0.453333333135
0.456666667014
0.453333333135
0.446666666617
0.433333333582
0.459999999652
0.419999999305
0.416666666667
0.43333333234
0.459999999652
0.460000000894
0.453333333135
0.47000000005
0.456666667014
0.450000000497
0.443333332737
0.446666666617
0.47000000005
0.47000000005
0.473333332688
0.459999999652
0.47000000005
0.460000000894
0.480000000447
0.459999999652
0.450000000497
0.446666666617
0.413333334029
0.410000000149
0.443333333979
0.456666667014
0.453333333135
0.433333333582
0.436666667461
0.446666666617
0.459999999652
0.486666666965
0.480000000447
0.416666666667
0.429999999702
0.473333332688
0.440000000099
0.413333334029
0.459999999652
0.503333332638
0.456666667014
0.460000000894
0.446666666617
0.453333334376
0.49666666612
0.426666665822
0.423333333184
0.480000000447
0.429999999702
0.433333333582
0.443333333979
0.513333334277
0.486666666965
0.443333333979
0.463333333532
0.46666666617
0.433333333582
0.456666667014
0.473333333929
0.439999998858
0.413333334029
0.449999999255
0.433333333582
0.450000000497
0.46666666617
0.459999999652
0.433333333582
0.450000000497
0.473333333929
0.489999999603
0.483333333085
0.43666666622
0.489999999603
0.5
0.473333333929
0.43333333234
0.46666666617
0.479999999205
0.459999999652
0.473333333929
0.433333333582
0.453333333135
0.466666667412
0.429999999702
0.443333333979
0.459999999652
0.436666667461
0.456666667014
0.446666666617
0.443333333979
0.456666667014
0.459999999652
0.459999999652
0.449999999255
0.443333332737
0.476666666567
0.463333333532
0.456666667014
0.463333333532
0.459999999652
0.473333333929
0.443333333979
0.46666666617
0.429999999702
0.456666667014
0.429999999702
0.429999999702
0.433333333582
0.436666667461
0.429999999702
0.459999999652
0.446666666617
0.46333333229
0.473333333929
0.460000000894
0.466666667412
0.5
0.473333332688
0.47000000005
0.459999999652
0.443333332737
0.473333332688
0.459999999652
0.446666666617
0.453333333135
0.460000000894
0.46666666617
0.443333332737
0.486666666965
0.456666665773
0.480000000447
0.459999999652
0.480000000447
0.473333333929
0.453333333135
0.473333332688
0.480000000447
0.463333333532
0.433333333582
0.473333333929
0.463333333532
0.456666667014
0.463333333532
0.466666667412
0.473333332688
0.443333333979
0.479999999205
0.480000000447
0.476666666567
0.456666667014
0.443333333979
0.49666666612
0.473333332688
0.433333333582
0.456666667014
0.459999999652
0.459999999652
0.463333333532
0.440000000099
0.459999999652
0.463333333532
0.473333332688
0.459999999652
0.416666666667
0.420000000546
0.47000000005
0.466666667412
0.426666665822
0.463333333532
0.463333333532
0.446666666617
0.460000000894
0.453333333135
0.440000000099
0.433333333582
0.450000000497
0.449999999255
0.43666666622
0.460000000894
0.5
0.449999999255
0.430000000944
0.473333332688
0.483333333085
0.483333333085
0.483333333085
0.473333332688
0.476666666567
0.480000000447
0.443333333979
0.429999999702
0.533333332588
0.526666666071
0.463333333532
0.476666666567
0.46666666617
0.456666665773
0.456666667014
0.466666667412
0.466666667412
0.440000000099
0.463333333532
0.513333333035
0.493333333482
0.476666666567
0.476666666567
0.466666667412
0.473333333929
0.466666667412
0.450000000497
0.429999999702
0.433333333582
0.466666667412
0.423333333184
0.473333333929
0.440000000099
0.443333332737
0.429999999702
0.459999999652
0.446666666617
0.456666667014
0.433333333582
0.443333332737
0.433333333582
0.450000000497
0.450000000497
0.460000000894
0.480000000447
0.47000000005
0.463333333532
0.479999999205
0.460000000894
0.456666665773
0.440000000099
0.443333332737
0.450000000497
0.453333333135
0.463333333532
0.429999999702
0.456666667014
0.486666666965
0.433333333582
0.47000000005
0.480000000447
0.456666667014
0.43666666622
0.456666665773
0.433333333582
0.473333332688
0.446666666617
0.463333333532
0.463333333532
0.456666667014
0.463333333532
0.5
0.480000000447
0.440000000099
0.429999999702
0.433333333582
0.486666666965
0.423333333184
0.450000000497
0.450000000497
0.429999999702
0.416666666667
0.473333333929
0.476666666567
0.476666666567
0.440000000099
0.423333333184
0.476666667809
0.443333332737
0.429999999702
0.453333333135
0.429999999702
0.450000000497
0.429999999702
0.46666666617
0.450000000497
0.436666667461
0.463333333532
0.456666667014
0.5
0.449999999255
0.429999999702
0.436666667461
0.46666666617
0.450000000497
0.446666666617
0.466666667412
0.453333334376
0.473333332688
0.46666666617
0.446666666617
0.456666667014
0.456666667014
0.429999999702
0.466666667412
0.450000000497
0.440000000099
0.489999999603
0.483333334327
0.416666666667
0.476666666567
0.453333333135
0.440000000099
0.456666667014
0.47000000005
0.443333332737
0.453333333135
0.450000000497
0.446666666617
0.426666667064
0.453333333135
0.43666666622
0.429999999702
0.453333333135
0.429999999702
0.47000000005
0.480000000447
0.446666666617
0.476666667809
0.433333333582
0.440000000099
0.423333333184
0.469999998808
0.483333333085
0.473333333929
0.446666666617
0.443333333979
0.476666667809
0.463333333532
0.446666666617
0.450000000497
0.466666667412
0.486666666965
0.483333333085
0.486666665723
0.426666667064
0.440000000099
0.416666666667
0.489999999603
0.456666667014
0.476666666567
0.473333332688
0.449999999255
0.43333333234
0.46666666617
0.456666667014
0.426666667064
0.49666666612
0.453333333135
0.483333333085
0.466666667412
0.50333333388
0.449999999255
0.443333333979
0.443333332737
0.466666667412
0.446666666617
0.443333333979
0.423333333184
0.459999999652
0.426666667064
0.450000000497
0.46666666617
0.450000000497
0.453333333135
0.466666667412
0.473333333929
0.446666666617
0.426666665822
0.423333333184
0.480000000447
0.443333332737
0.446666666617
0.460000000894
0.47000000005
0.440000000099
0.450000000497
0.453333333135
0.449999999255
0.440000000099
0.456666667014
0.453333333135
0.443333332737
0.456666667014
0.450000000497
0.443333332737
0.456666667014
0.47000000005
0.47000000005
0.453333334376
0.440000000099
0.439999998858
0.47000000005
0.460000000894
0.429999999702
0.473333332688
0.440000000099
0.433333333582
0.456666667014
0.450000000497
0.456666665773
0.453333333135
0.47000000005
0.453333333135
0.459999999652
0.47000000005
0.47000000005
0.449999999255
0.439999998858
0.490000000844
0.433333333582
0.46666666617
0.486666665723
0.450000000497
0.480000000447
0.513333334277
0.453333334376
0.450000000497
0.446666666617
0.459999999652
0.453333334376
0.43666666622
0.476666666567
0.430000000944
0.46666666617
0.446666666617
0.450000000497
0.483333333085
0.449999999255
0.476666666567
0.463333333532
0.513333333035
0.49666666612
0.533333332588
0.456666667014
0.453333334376
0.436666667461
0.463333333532
0.446666666617
0.426666665822
0.46666666617
0.460000000894
0.433333333582
0.463333333532
0.43666666622
0.453333334376
0.456666667014
0.456666667014
0.443333333979
0.466666667412
0.440000000099
0.459999999652
0.440000000099
0.46666666617
0.446666666617
0.459999999652
0.456666667014
0.433333333582
0.503333332638
0.460000000894
0.449999999255
0.486666666965
0.456666665773
0.443333333979
0.426666667064
0.456666667014
0.446666666617
0.449999999255
0.47000000005
0.47000000005
0.456666667014
0.523333333433
0.476666666567
0.440000000099
0.430000000944
0.440000000099
0.46333333229
0.473333332688
0.446666666617
0.463333333532
0.426666665822
0.433333333582
0.440000000099
0.463333333532
0.459999999652
0.446666666617
0.46666666617
0.443333333979
0.463333333532
0.493333332241
0.450000000497
0.456666667014
0.446666666617
0.476666666567
0.453333333135
0.466666667412
0.453333333135
0.46666666617
0.429999999702
0.453333334376
0.429999999702
0.453333333135
0.416666666667
0.463333333532
0.439999998858
0.420000000546
0.429999999702
0.426666665822
0.47000000005
0.440000000099
0.446666666617
0.476666666567
0.493333333482
0.443333332737
0.446666666617
0.456666667014
0.476666666567
0.476666666567
0.423333333184
0.440000000099
0.456666667014
0.489999999603
0.47000000005
0.416666666667
0.423333333184
0.456666667014
0.460000000894
0.440000000099
0.439999998858
0.426666665822
0.5
0.47000000005
0.473333332688
0.433333333582
0.423333333184
0.423333334426
0.46666666617
0.506666667759
0.47000000005
0.430000000944
0.476666666567
0.419999999305
0.463333333532
0.443333333979
0.456666667014
0.456666667014
0.473333333929
0.456666665773
0.47000000005
0.480000000447
0.433333333582
0.47000000005
0.473333332688
0.466666667412
0.466666667412
0.496666667362
0.453333333135
0.450000000497
0.456666665773
0.449999999255
0.46333333229
0.47000000005
0.476666666567
0.450000000497
0.476666666567
0.429999999702
0.483333333085
0.5
0.426666667064
0.509999999156
0.446666666617
0.446666666617
0.440000000099
0.433333333582
0.459999999652
0.456666667014
0.446666666617
0.416666666667
0.459999999652
0.429999999702
0.46666666617
0.440000000099
0.453333333135
0.433333333582
0.473333333929
0.43333333234
0.483333334327
0.430000000944
0.473333332688
0.463333333532
0.456666667014
0.459999999652
0.423333333184
0.466666667412
0.449999999255
0.453333333135
0.473333333929
0.446666666617
0.446666666617
0.46666666617
0.473333333929
0.453333333135
0.443333333979
0.480000000447
0.446666666617
0.46666666617
0.429999999702
0.446666666617
0.43666666622
0.446666666617
0.423333333184
0.453333334376
0.43666666622
0.453333333135
0.476666666567
0.443333332737
0.43666666622
0.433333333582
0.453333333135
0.446666666617
0.449999999255
0.443333332737
0.43666666622
0.46333333229
0.466666667412
0.450000000497
0.443333332737
0.440000000099
0.449999999255
0.476666666567
0.463333333532
0.476666666567
0.443333333979
0.459999999652
0.459999999652
0.429999999702
0.413333334029
0.503333332638
0.463333333532
0.440000000099
0.450000000497
0.430000000944
0.440000000099
0.429999999702
0.450000000497
0.46333333229
0.569999999056
0.47000000005
0.459999999652
0.453333333135
0.420000000546
0.440000000099
0.443333332737
0.433333333582
0.473333332688
0.440000000099
0.420000000546
0.506666666518
0.463333333532
0.473333333929
0.456666665773
0.450000000497
0.419999999305
0.463333333532
0.463333333532
0.453333333135
0.46666666617
0.466666667412
0.540000000348
0.43666666622
0.486666666965
0.476666666567
0.419999999305
0.47000000005
0.440000000099
0.429999999702
0.453333333135
0.443333333979
0.486666665723
0.489999999603
0.466666667412
0.460000000894
0.433333333582
0.463333333532
0.459999999652
0.453333333135
0.453333333135
0.453333334376
0.449999999255
0.456666667014
0.450000000497
0.429999999702
0.420000000546
0.443333333979
0.456666665773
0.480000000447
0.456666665773
0.463333333532
0.46666666617
0.429999999702
0.476666666567
0.473333332688
0.453333333135
0.436666667461
0.449999999255
0.476666666567
0.480000000447
0.446666666617
0.449999999255
0.419999999305
0.453333334376
0.483333333085
0.459999999652
0.480000000447
0.449999999255
0.47000000005
0.453333333135
0.460000000894
0.476666666567
0.449999999255
0.433333333582
0.43666666622
0.426666667064
0.440000000099
0.423333333184
0.456666667014
0.46333333229
0.453333333135
0.480000000447
0.483333333085
0.433333333582
0.456666667014
0.426666667064
0.426666667064
0.433333333582
0.479999999205
0.460000000894
0.419999999305
0.459999999652
0.459999999652
0.446666666617
0.453333333135
0.449999999255
0.456666667014
0.433333333582
0.456666667014
0.450000000497
0.453333333135
0.440000000099
0.466666667412
0.446666666617
0.433333333582
0.479999999205
0.476666666567
0.446666667859
0.47000000005
0.453333334376
0.459999999652
0.456666667014
0.456666667014
0.429999999702
0.453333333135
0.419999999305
0.46666666617
0.463333333532
0.429999999702
0.416666666667
0.429999999702
0.449999999255
0.423333334426
0.449999999255
0.433333333582
0.446666666617
0.463333333532
0.479999999205
0.466666667412
0.450000000497
0.426666665822
0.43666666622
0.416666666667
0.446666666617
0.46666666617
0.43666666622
0.420000000546
0.426666665822
0.463333333532
0.436666667461
0.453333333135
0.446666666617
0.489999999603
0.486666666965
0.426666665822
0.43666666622
0.453333333135
0.466666667412
0.459999999652
0.483333334327
0.446666666617
0.47000000005
0.456666665773
0.413333334029
0.450000000497
0.436666667461
0.449999999255
0.430000000944
0.46666666617
0.446666666617
0.443333332737
0.449999999255
0.420000000546
0.443333333979
0.459999999652
0.453333333135
0.466666667412
0.473333333929
0.449999999255
0.456666667014
0.43333333234
0.460000000894
0.446666666617
0.456666667014
0.49666666612
0.46666666617
0.456666667014
0.459999999652
0.446666666617
0.429999999702
0.43666666622
0.450000000497
0.433333333582
0.440000000099
0.46333333229
0.430000000944
0.423333333184
0.436666667461
0.440000000099
0.443333332737
0.453333334376
0.46333333229
0.459999999652
0.5
0.420000000546
0.446666666617
0.443333332737
0.446666666617
0.446666666617
0.543333332986
0.456666667014
0.47000000005
0.443333333979
0.43666666622
0.443333332737
0.489999999603
0.436666667461
0.429999999702
0.429999999702
0.5
0.449999999255
0.440000000099
0.466666667412
0.456666665773
0.436666667461
0.420000000546
0.446666666617
0.399999999752
0.449999999255
0.426666667064
0.426666667064
0.443333332737
0.46666666617
0.473333332688
0.446666666617
0.443333332737
0.440000000099
0.47000000005
0.480000000447
0.473333333929
0.43333333234
0.47000000005
0.47000000005
0.453333333135
0.463333333532
0.443333333979
