bytes_written	total_items	curr_connections	threads	cmd_set	cmd_get	get_misses	get_hits	bytes_read
20032489861	4142472	18	8	4530225	16152454	2065540	14086914	2250827953	481783
20032899331	4142551	16	8	4530308	16152789	2065575	14087214	2250850083	481783
20033380151	4142628	16	8	4530390	16153135	2065614	14087521	2250872475	481783
20033921574	4142710	12	8	4530477	16153481	2065650	14087831	2250895334	481783
20034497470	4142787	17	8	4530556	16153827	2065687	14088140	2250917607	481783
20034828922	4142866	12	8	4530638	16154167	2065721	14088446	2250939848	481783
20035214640	4142944	15	8	4530719	16154513	2065754	14088759	2250962280	481783
20035647756	4143020	14	8	4530795	16154826	2065790	14089036	2250983040	481783
20036097576	4143100	17	8	4530876	16155172	2065827	14089345	2251005591	481783
20036620857	4143178	17	8	4530957	16155500	2065859	14089641	2251027190	481783
20037045242	4143259	17	8	4531042	16155855	2065898	14089957	2251050296	481783
20037514709	4143338	18	8	4531126	16156197	2065933	14090264	2251072920	481783
20038058621	4143417	16	8	4531217	16156543	2065970	14090573	2251096056	481783
20038487021	4143496	16	8	4531307	16156881	2065996	14090885	2251118621	481783
20039045961	4143577	17	8	4531396	16157233	2066027	14091206	2251141609	481783
20039509810	4143656	12	8	4531479	16157566	2066059	14091507	2251163570	481783
20040089727	4143732	15	8	4531559	16157926	2066096	14091830	2251186670	481783
20040503514	4143809	13	8	4531643	16158244	2066121	14092123	2251207803	481783
20040889978	4143888	15	8	4531726	16158600	2066168	14092432	2251231012	481783
20041391762	4143965	16	8	4531806	16158932	2066204	14092728	2251252693	481783
20041910035	4144045	19	8	4531888	16159276	2066239	14093037	2251275351	481783
20042393893	4144122	17	8	4531974	16159632	2066283	14093349	2251298630	481783
20042864158	4144204	15	8	4532059	16159970	2066307	14093663	2251320715	481783
20043269161	4144284	16	8	4532139	16160306	2066340	14093966	2251342607	481783
20043656319	4144363	14	8	4532221	16160640	2066372	14094268	2251364565	481783
20044011218	4144440	16	8	4532300	16160965	2066397	14094568	2251385880	481783
20044536527	4144518	16	8	4532386	16161306	2066431	14094875	2251408420	481783
20044894037	4144594	16	8	4532468	16161629	2066465	14095164	2251429835	481783
20045515498	4144675	15	8	4532554	16161983	2066497	14095486	2251452904	481783
20045792759	4144752	15	8	4532638	16162304	2066531	14095773	2251474382	481783
20046344001	4144832	16	8	4532720	16162649	2066566	14096083	2251497017	481783
20046827859	4144911	13	8	4532806	16162985	2066598	14096387	2251519143	481783
20047205019	4144988	13	8	4532886	16163315	2066632	14096683	2251540762	481783
20047677438	4145066	19	8	4532970	16163658	2066668	14096990	2251563348	481783
20048042606	4145144	16	8	4533052	16163996	2066704	14097292	2251585541	481783
20048404552	4145226	13	8	4533137	16164329	2066732	14097597	2251607454	481783
20048839206	4145302	16	8	4533216	16164666	2066763	14097903	2251629453	481783
20049197941	4145384	12	8	4533302	16165015	2066802	14098213	2251652337	481783
20049484279	4145462	16	8	4533381	16165350	2066840	14098510	2251674206	481783
20049878987	4145539	14	8	4533463	16165681	2066869	14098812	2251695992	481783
20050194329	4145620	12	8	4533546	16166011	2066897	14099114	2251717755	481783
20050544638	4145697	17	8	4533627	16166331	2066925	14099406	2251738910	481783
20050917145	4145776	16	8	4533710	16166676	2066970	14099706	2251761687	481783
20051332498	4145852	18	8	4533787	16167000	2067002	14099998	2251782944	481783
20051707281	4145933	18	8	4533869	16167333	2067035	14100298	2251804888	481783
20052265431	4146012	19	8	4533948	16167688	2067072	14100616	2251827719	481783
20052966349	4146092	17	8	4534030	16168026	2067103	14100923	2251849815	481783
20053345383	4146172	16	8	4534117	16168363	2067138	14101225	2251872306	481783
20053742281	4146252	12	8	4534200	16168699	2067160	14101539	2251894164	481783
20054120082	4146331	13	8	4534280	16169035	2067194	14101841	2251916123	481783
20054628388	4146409	13	8	4534362	16169370	2067228	14102142	2251938145	481783
20055038955	4146485	12	8	4534443	16169698	2067261	14102437	2251959730	481783
20055418918	4146566	12	8	4534529	16170039	2067290	14102749	2251982141	481783
20055814951	4146641	16	8	4534608	16170372	2067326	14103046	2252003976	481783
20056151022	4146720	14	8	4534690	16170691	2067353	14103338	2252025169	481783
20056596039	4146797	19	8	4534770	16171033	2067386	14103647	2252047395	481783
20056997861	4146877	17	8	4534858	16171365	2067415	14103950	2252069458	481783
20057381564	4146959	15	8	4534946	16171716	2067453	14104263	2252092638	481783
20058022667	4147036	17	8	4535025	16172056	2067491	14104565	2252114775	481783
20058292152	4147115	15	8	4535114	16172397	2067525	14104872	2252137533	481783
20058622501	4147194	15	8	4535195	16172713	2067551	14105162	2252158507	481783
20059217190	4147274	12	8	4535278	16173054	2067584	14105470	2252180857	481783
20059782723	4147353	13	8	4535363	16173398	2067611	14105787	2252203288	481783
20060186402	4147428	14	8	4535440	16173715	2067645	14106070	2252224172	481783
20060503861	4147509	14	8	4535522	16174057	2067676	14106381	2252246515	481783
20060855572	4147585	18	8	4535599	16174388	2067714	14106674	2252268214	481783
20061452042	4147665	16	8	4535686	16174726	2067740	14106986	2252290564	481783
20061742478	4147744	16	8	4535767	16175053	2067768	14107285	2252312020	481783
20062254839	4147823	15	8	4535849	16175386	2067797	14107589	2252333935	481783
20062805244	4147905	16	8	4535932	16175743	2067842	14107901	2252357059	481783
20063266354	4147983	16	8	4536013	16176077	2067874	14108203	2252378916	481783
20063736350	4148065	13	8	4536096	16176422	2067897	14108525	2252401277	481783
20064160824	4148141	15	8	4536174	16176744	2067930	14108814	2252422542	481783
20064516264	4148220	16	8	4536255	16177084	2067962	14109122	2252444705	481783
20064918069	4148301	14	8	4536338	16177421	2067992	14109429	2252466793	481783
20065262558	4148378	15	8	4536421	16177752	2068029	14109723	2252488662	481783
20065570351	4148457	16	8	4536506	16178096	2068062	14110034	2252511237	481783
20065909482	4148533	15	8	4536582	16178420	2068104	14110316	2252532651	481783
20066256453	4148613	14	8	4536667	16178759	2068139	14110620	2252554952	481783
20066728565	4148693	17	8	4536749	16179110	2068178	14110932	2252577742	481783
20067262980	4148771	13	8	4536831	16179436	2068208	14111228	2252599320	481783
20067786698	4148849	15	8	4536911	16179786	2068243	14111543	2252621974	481783
20068185778	4148928	13	8	4536996	16180117	2068273	14111844	2252643897	481783
20068623727	4149008	13	8	4537082	16180463	2068303	14112160	2252666481	481783
20069094781	4149084	16	8	4537166	16180805	2068336	14112469	2252688896	481783
20069807526	4149162	17	8	4537249	16181148	2068372	14112776	2252711337	481783
20070155772	4149242	16	8	4537332	16181491	2068407	14113084	2252733775	481783
20070689336	4149323	15	8	4537415	16181844	2068442	14113402	2252756685	481783
20071141024	4149401	16	8	4537494	16182174	2068481	14113693	2252778504	481783
20071755503	4149481	15	8	4537578	16182512	2068506	14114006	2252800632	481783
20072131443	4149557	18	8	4537658	16182828	2068538	14114290	2252821600	481783
20072553538	4149635	15	8	4537742	16183153	2068576	14114577	2252843337	481783
20072986492	4149715	14	8	4537827	16183496	2068615	14114881	2252865952	481783
20073399692	4149792	15	8	4537910	16183833	2068649	14115184	2252888118	481783
20073805968	4149871	15	8	4537991	16184171	2068687	14115484	2252910295	481783
20074102233	4149949	16	8	4538072	16184515	2068731	14115784	2252932810	481783
20074617975	4150027	14	8	4538151	16184841	2068766	14116075	2252954300	481783
20074936015	4150106	17	8	4538233	16185179	2068802	14116377	2252976610	481783
20075368753	4150185	17	8	4538313	16185505	2068832	14116673	2252998101	481783
20075736591	4150266	16	8	4538401	16185857	2068871	14116986	2253021341	481783
20076174204	4150344	18	8	4538484	16186189	2068903	14117286	2253043100	481783
20076706731	4150422	14	8	4538573	16186534	2068930	14117604	2253065835	481783
20077100781	4150501	15	8	4538652	16186870	2068960	14117910	2253087648	481783
20077579198	4150577	14	8	4538732	16187195	2068988	14118207	2253108934	481783
20078056335	4150655	15	8	4538814	16187533	2069027	14118506	2253131545	481783
20078415553	4150734	13	8	4538893	16187859	2069051	14118808	2253152839	481783
20078779886	4150812	14	8	4538973	16188187	2069087	14119100	2253174371	481783
20079105252	4150889	14	8	4539059	16188548	2069125	14119423	2253198415	481783
20079495211	4150967	16	8	4539144	16188886	2069158	14119728	2253220781	481783
20079967380	4151045	13	8	4539231	16189220	2069192	14120028	2253242988	481783
20080305068	4151127	15	8	4539321	16189575	2069231	14120344	2253289126	481782
20080789232	4151203	18	8	4539400	16189920	2069268	14120652	2253311536	481782
20081287212	4151283	14	8	4539487	16190252	2069302	14120950	2253333683	481782
20081822086	4151362	16	8	4539573	16190605	2069342	14121263	2253356810	481782
20082221943	4151438	16	8	4539655	16190923	2069369	14121554	2253377977	481782
20082565639	4151518	16	8	4539738	16191276	2069400	14121876	2253400825	481782
20083095084	4151597	17	8	4539821	16191626	2069433	14122193	2253423528	481782
20083519254	4151678	17	8	4539910	16191963	2069467	14122496	2253446076	481782
20084046180	4151755	12	8	4539988	16192302	2069504	14122798	2253468032	481782
20084526275	4151834	14	8	4540070	16192643	2069541	14123102	2253490437	481782
20084982964	4151909	15	8	4540149	16192958	2069568	14123390	2253511301	481782
20085405264	4151987	14	8	4540233	16193297	2069606	14123691	2253533522	481782
20085972818	4152064	14	8	4540311	16193627	2069641	14123986	2253555150	481782
20086474354	4152143	14	8	4540393	16193972	2069683	14124289	2253577691	481782
20086811039	4152220	15	8	4540481	16194299	2069709	14124590	2253599611	481782
20087286393	4152299	13	8	4540566	16194633	2069746	14124887	2253621833	481782
20087822220	4152378	19	8	4540645	16194958	2069774	14125184	2253643272	481782
20088267510	4152456	16	8	4540724	16195283	2069801	14125482	2253664646	481782
20088587142	4152537	15	8	4540809	16195629	2069841	14125788	2253687327	481782
20089020944	4152616	14	8	4540889	16195977	2069883	14126094	2253709979	481782
20089455229	4152692	16	8	4540975	16196321	2069915	14126406	2253732594	481782
20089887338	4152774	15	8	4541061	16196681	2069953	14126728	2253755974	481782
20090442778	4152850	17	8	4541140	16197014	2069988	14127026	2253777851	481782
20090807363	4152928	15	8	4541223	16197338	2070009	14127329	2253799302	481782
20091192469	4153006	14	8	4541303	16197676	2070050	14127626	2253821410	481782
20091744514	4153085	14	8	4541383	16198013	2070084	14127929	2253843470	481782
20092139240	4153163	15	8	4541467	16198360	2070122	14128238	2253866145	481782
20092595689	4153244	13	8	4541552	16198698	2070151	14128547	2253888373	481782
20093066653	4153322	17	8	4541632	16199032	2070186	14128846	2253910413	481782
20093417541	4153402	14	8	4541718	16199373	2070221	14129152	2253932846	481782
20093782937	4153479	18	8	4541798	16199705	2070252	14129453	2253954731	481782
20094178325	4153558	17	8	4541881	16200048	2070281	14129767	2253976986	481782
20094662797	4153639	17	8	4541966	16200391	2070312	14130079	2253999384	481782
20095113368	4153716	18	8	4542044	16200720	2070348	14130372	2254021125	481782
20095359628	4153795	13	8	4542127	16201047	2070387	14130660	2254042879	481782
20095761490	4153875	11	8	4542209	16201371	2070413	14130958	2254064235	481782
20096287622	4153944	14	8	4542279	16201677	2070451	14131226	2254084084	481782
20096848872	4154017	13	8	4542352	16201999	2070484	14131515	2254104992	481782
20097363675	4154085	16	8	4542421	16202305	2070522	14131783	2254124945	481782
20097926186	4154161	15	8	4542497	16202638	2070552	14132086	2254146266	481782
20098359967	4154232	19	8	4542568	16202945	2070577	14132368	2254166148	481782
20098704909	4154310	16	8	4542653	16203265	2070605	14132660	2254187519	481782
20099082602	4154382	16	8	4542728	16203584	2070644	14132940	2254208335	481782
20099446541	4154454	14	8	4542803	16203899	2070678	14133221	2254228920	481782
20099875228	4154529	16	8	4542879	16204213	2070710	14133503	2254249573	481782
20100312474	4154599	15	8	4542952	16204515	2070749	14133766	2254269457	481782
20100701998	4154672	13	8	4543028	16204835	2070774	14134061	2254290212	481782
20101105802	4154743	15	8	4543102	16205139	2070806	14134333	2254310244	481782
20101519831	4154816	13	8	4543175	16205446	2070840	14134606	2254330367	481782
20101854703	4154889	17	8	4543248	16205775	2070882	14134893	2254351700	481782
20102322258	4154962	13	8	4543322	16206083	2070915	14135168	2254371854	481782
20102909760	4155037	15	8	4543398	16206411	2070944	14135467	2254393137	481782
20103203538	4155109	15	8	4543470	16206711	2070974	14135737	2254412806	481782
20103684936	4155182	15	8	4543543	16207029	2071009	14136020	2254433420	481782
20104151350	4155253	15	8	4543614	16207342	2071037	14136305	2254453463	481782
20104582695	4155325	13	8	4543687	16207656	2071070	14136586	2254473915	481782
20104958404	4155396	15	8	4543760	16207967	2071100	14136867	2254494132	481782
20105354275	4155468	16	8	4543832	16208273	2071139	14137134	2254514202	481782
20105610206	4155539	18	8	4543905	16208579	2071174	14137405	2254534419	481782
20105982228	4155614	15	8	4543981	16208888	2071202	14137686	2254554644	481782
20106339841	4155689	15	8	4544057	16209207	2071227	14137980	2254575247	481782
20106719208	4155759	17	8	4544130	16209532	2071264	14138268	2254596200	481782
20107354760	4155833	17	8	4544205	16209850	2071295	14138555	2254616844	481782
20107864106	4155907	15	8	4544281	16210174	2071334	14138840	2254638059	481782
20108409333	4155979	15	8	4544354	16210491	2071368	14139123	2254658597	481782
20108694636	4156052	13	8	4544428	16210797	2071394	14139403	2254678404	481782
20109153936	4156125	15	8	4544503	16211113	2071432	14139681	2254699115	481782
20109556930	4156196	16	8	4544577	16211433	2071463	14139970	2254719825	481782
20110151326	4156269	14	8	4544651	16211744	2071491	14140253	2254740057	481782
20110596274	4156341	16	8	4544726	16212056	2071526	14140530	2254760500	481782
20110991126	4156413	17	8	4544799	16212370	2071558	14140812	2254781077	481782
20111339189	4156488	19	8	4544877	16212695	2071594	14141101	2254802319	481782
20111776097	4156563	14	8	4544953	16212993	2071619	14141374	2254822078	481782
20112159529	4156634	12	8	4545025	16213311	2071661	14141650	2254842611	481782
20112626815	4156704	15	8	4545100	16213610	2071679	14141931	2254862195	481782
20113215236	4156778	12	8	4545176	16213933	2071709	14142224	2254883098	481782
20113590360	4156848	17	8	4545247	16214258	2071746	14142512	2254903818	481782
20113974383	4156920	14	8	4545319	16214566	2071774	14142792	2254923813	481782
20114414090	4156993	16	8	4545392	16214874	2071802	14143072	2254944000	481782
20114999181	4157064	18	8	4545467	16215187	2071832	14143355	2254964523	481782
20115486724	4157140	16	8	4545546	16215509	2071863	14143646	2254985496	481782
20115853452	4157215	16	8	4545622	16215824	2071894	14143930	2255006019	481782
20116132586	4157284	16	8	4545691	16216118	2071924	14144194	2255025391	481782
20116560135	4157356	17	8	4545764	16216430	2071958	14144472	2255045726	481782
20116897221	4157431	13	8	4545844	16216752	2071993	14144759	2255066879	481782
20117219796	4157501	12	8	4545919	16217063	2072028	14145035	2255087225	481782
20117616629	4157574	14	8	4545993	16217382	2072061	14145321	2255107882	481782
20118007647	4157645	12	8	4546068	16217685	2072084	14145601	2255127653	481782
20118483723	4157716	13	8	4546140	16218002	2072120	14145882	2255148155	481782
20118884653	4157786	19	8	4546212	16218311	2072152	14146159	2255168436	481782
20119218365	4157861	18	8	4546293	16218615	2072173	14146442	2255188658	481782
20119538856	4157936	16	8	4546370	16218918	2072201	14146717	2255208779	481782
20119933980	4158008	18	8	4546445	16219237	2072237	14147000	2255229605	481782
20120330377	4158079	18	8	4546524	16219546	2072265	14147281	2255250025	481782
20120601527	4158156	14	8	4546607	16219873	2072305	14147568	2255271583	481782
20121011825	4158228	12	8	4546680	16220172	2072329	14147843	2255291120	481782
20121377878	4158299	15	8	4546753	16220481	2072358	14148123	2255311271	481782
20121756238	4158369	14	8	4546827	16220780	2072390	14148390	2255331056	481782
20122196690	4158441	15	8	4546902	16221095	2072421	14148674	2255351556	481782
20122683896	4158514	14	8	4546978	16221422	2072450	14148972	2255372673	481782
20123076070	4158585	16	8	4547055	16221743	2072485	14149258	2255393719	481782
20123557929	4158659	16	8	4547135	16222055	2072513	14149542	2255414227	481782
20123915156	4158731	13	8	4547216	16222369	2072544	14149825	2255435052	481782
20124284461	4158803	17	8	4547289	16222678	2072574	14150104	2255455292	481782
20124732591	4158876	15	8	4547365	16222981	2072600	14150381	2255475290	481782
20125171543	4158948	18	8	4547442	16223308	2072630	14150678	2255496337	481782
20125473617	4159020	14	8	4547519	16223611	2072659	14150952	2255516444	481782
20126046260	4159092	17	8	4547595	16223929	2072692	14151237	2255537195	481782
20126633726	4159167	13	8	4547672	16224250	2072722	14151528	2255558099	481782
20127112371	4159238	14	8	4547749	16224566	2072758	14151808	2255578904	481782
20127564159	4159310	13	8	4547824	16224869	2072781	14152088	2255598802	481782
20128058015	4159382	15	8	4547901	16225189	2072815	14152374	2255619802	481782
20128400249	4159457	15	8	4547980	16225515	2072851	14152664	2255641068	481782
20128818413	4159528	14	8	4548052	16225814	2072878	14152936	2255660739	481782
20129327134	4159601	14	8	4548131	16226141	2072917	14153224	2255682137	481782
20129700596	4159673	14	8	4548204	16226437	2072941	14153496	2255701609	481782
20130012223	4159745	14	8	4548282	16226747	2072971	14153776	2255722024	481782
20130496167	4159817	13	8	4548355	16227052	2073001	14154051	2255741927	481782
20130785155	4159888	13	8	4548432	16227371	2073037	14154334	2255762891	481782
20131200623	4159959	15	8	4548507	16227687	2073066	14154621	2255783418	481782
20131517906	4160033	14	8	4548582	16228002	2073094	14154908	2255803796	481782
20131988722	4160105	17	8	4548657	16228319	2073126	14155193	2255824443	481782
20132471332	4160177	17	8	4548729	16228630	2073156	14155474	2255844646	481782
20132861280	4160251	16	8	4548806	16228944	2073189	14155755	2255865348	481782
20133175263	4160325	18	8	4548880	16229261	2073228	14156033	2255886119	481782
20133837373	4160400	14	8	4548961	16229573	2073259	14156314	2255906842	481782
20134396851	4160472	13	8	4549036	16229879	2073287	14156592	2255926910	481782
20134780107	4160544	14	8	4549108	16230176	2073315	14156861	2255951417	481781
20135317397	4160618	14	8	4549183	16230492	2073351	14157141	2255972008	481781
20135699406	4160689	12	8	4549260	16230791	2073380	14157411	2255991905	481781
20136120863	4160761	15	8	4549337	16231101	2073407	14157694	2256012389	481781
20136402113	4160835	12	8	4549418	16231423	2073441	14157982	2256033527	481781
20136909346	4160907	17	8	4549490	16231734	2073467	14158267	2256053660	481781
20137320558	4160977	18	8	4549564	16232034	2073496	14158538	2256073563	481781
20137806953	4161051	16	8	4549645	16232357	2073529	14158828	2256094731	481781
20138303987	4161126	14	8	4549724	16232698	2073569	14159129	2256116895	481781
20138560006	4161198	15	8	4549799	16233005	2073602	14159403	2256137151	481781
20138847833	4161271	13	8	4549874	16233306	2073633	14159673	2256157048	481781
20139200435	4161344	15	8	4549952	16233625	2073664	14159961	2256177954	481781
20139730250	4161417	14	8	4550026	16233928	2073695	14160233	2256197776	481781
20140167449	4161490	14	8	4550100	16234238	2073728	14160510	2256218072	481781
20140548993	4161559	15	8	4550172	16234537	2073757	14160780	2256237758	481781
20140860598	4161632	14	8	4550249	16234862	2073793	14161069	2256258924	481781
20141279511	4161702	18	8	4550324	16235179	2073826	14161353	2256279587	481781
20141791968	4161778	16	8	4550403	16235507	2073857	14161650	2256300912	481781
20142215682	4161850	15	8	4550479	16235816	2073884	14161932	2256321305	481781
20142590614	4161923	15	8	4550552	16236127	2073916	14162211	2256341598	481781
20143162056	4161994	19	8	4550625	16236433	2073939	14162494	2256361465	481781
20143414028	4162064	18	8	4550705	16236743	2073973	14162770	2256382115	481781
20143804721	4162138	15	8	4550780	16237061	2074004	14163057	2256402654	481781
20144351704	4162210	16	8	4550853	16237381	2074033	14163348	2256423379	481781
20144741903	4162284	11	8	4550931	16237698	2074070	14163628	2256444081	481781
20145285144	4162357	14	8	4551004	16238019	2074106	14163913	2256464917	481781
20145608614	4162427	13	8	4551077	16238313	2074138	14164175	2256484327	481781
20145867696	4162498	15	8	4551150	16238611	2074165	14164446	2256503896	481781
20146477608	4162570	13	8	4551223	16238926	2074198	14164728	2256524368	481781
20146916989	4162642	14	8	4551300	16239232	2074220	14165012	2256544504	481781
20147493153	4162715	16	8	4551373	16239542	2074243	14165299	2256564485	481781
20148035680	4162789	16	8	4551449	16239866	2074275	14165591	2256585613	481781
20148569674	4162861	18	8	4551524	16240181	2074306	14165875	2256606116	481781
20149002714	4162937	14	8	4551605	16240503	2074336	14166167	2256627254	481781
20149547196	4163006	16	8	4551677	16240807	2074369	14166438	2256647237	481781
20150021871	4163079	15	8	4551755	16241118	2074396	14166722	2256667661	481781
20150455720	4163151	13	8	4551827	16241433	2074427	14167006	2256688015	481781
20150684366	4163225	14	8	4551904	16241740	2074456	14167284	2256708226	481781
20150996630	4163296	14	8	4551978	16242048	2074490	14167558	2256728469	481781
20151406572	4163368	14	8	4552051	16242359	2074520	14167839	2256748658	481781
20151882383	4163440	13	8	4552125	16242669	2074547	14168122	2256768839	481781
20152295587	4163512	16	8	4552200	16242993	2074575	14168418	2256789694	481781
20152746759	4163585	16	8	4552278	16243296	2074601	14168695	2256809794	481781
20153147072	4163659	13	8	4552356	16243606	2074629	14168977	2256830219	481781
20153668819	4163730	15	8	4552429	16243912	2074656	14169256	2256850128	481781
20154167897	4163804	16	8	4552504	16244228	2074689	14169539	2256870825	481781
20154463985	4163876	15	8	4552580	16244525	2074720	14169805	2256890626	481781
20154756902	4163951	13	8	4552658	16244833	2074750	14170083	2256911112	481781
20155394783	4164023	13	8	4552732	16245154	2074785	14170369	2256931878	481781
20155722870	4164095	15	8	4552812	16245475	2074816	14170659	2256952926	481781
20156169163	4164168	14	8	4552890	16245793	2074846	14170947	2256973801	481781
20156459979	4164241	14	8	4552965	16246097	2074873	14171224	2256993781	481781
20156808412	4164315	14	8	4553041	16246407	2074903	14171504	2257014105	481781
20157220989	4164385	13	8	4553114	16246705	2074926	14171779	2257033637	481781
20157529448	4164458	15	8	4553189	16247015	2074953	14172062	2257053943	481781
20157943634	4164531	14	8	4553264	16247331	2074976	14172355	2257074302	481781
20158392682	4164605	12	8	4553338	16247642	2075006	14172636	2257094453	481781
20158830216	4164677	14	8	4553411	16247965	2075040	14172925	2257115344	481781
20159128942	4164748	15	8	4553486	16248268	2075068	14173200	2257135245	481781
20159647262	4164822	15	8	4553561	16248593	2075101	14173492	2257156313	481781
20160006327	4164892	17	8	4553631	16248895	2075131	14173764	2257175988	481781
20160306705	4164966	16	8	4553708	16249192	2075158	14174034	2257195776	481781
20160667251	4165039	16	8	4553783	16249508	2075195	14174313	2257216561	481781
20160942410	4165112	15	8	4553858	16249808	2075227	14174581	2257236439	481781
20161421366	4165188	13	8	4553937	16250149	2075268	14174881	2257258470	481781
20161968064	4165257	16	8	4554009	16250462	2075302	14175160	2257278785	481781
20162464272	4165333	14	8	4554089	16250779	2075335	14175444	2257299613	481781
20162806731	4165403	15	8	4554163	16251083	2075367	14175716	2257319678	481781
20163145929	4165474	16	8	4554242	16251388	2075400	14175988	2257340146	481781
20163578155	4165547	16	8	4554319	16251696	2075429	14176267	2257360425	481781
20164015448	4165618	15	8	4554391	16251996	2075458	14176538	2257380103	481781
20164222980	4165691	12	8	4554466	16252309	2075497	14176812	2257400577	481781
20164535896	4165763	14	8	4554538	16252612	2075521	14177091	2257420353	481781
20164967659	4165834	14	8	4554612	16252924	2075559	14177365	2257440698	481781
20165283766	4165909	15	8	4554692	16253240	2075591	14177649	2257461781	481780
20165820043	4165979	16	8	4554765	16253552	2075621	14177931	2257482106	481780
20166239468	4166054	16	8	4554842	16253878	2075658	14178220	2257503307	481780
20166673370	4166127	17	8	4554915	16254183	2075684	14178499	2257523277	481780
20167079665	4166202	11	8	4554991	16254494	2075719	14178775	2257543781	481780
20167565879	4166272	16	8	4555063	16254804	2075754	14179050	2257564068	481780
20167961333	4166347	16	8	4555139	16255117	2075782	14179335	2257584448	481780
20168419782	4166419	10	8	4555217	16255429	2075807	14179622	2257604884	481780
20169048701	4166490	15	8	4555291	16255741	2075834	14179907	2257625232	481780
20169536790	4166561	16	8	4555365	16256045	2075859	14180186	2257645007	481780
20169889032	4166635	16	8	4555439	16256368	2075895	14180473	2257665892	481780
20170405454	4166705	15	8	4555510	16256679	2075930	14180749	2257686126	481780
20170898229	4166780	16	8	4555589	16256996	2075956	14181040	2257707000	481780
20171309151	4166853	14	8	4555662	16257303	2075984	14181319	2257727058	481780
20171772958	4166926	15	8	4555737	16257620	2076018	14181602	2257747726	481780
20172170135	4166999	15	8	4555811	16257931	2076052	14181879	2257768128	481780
20172519671	4167071	12	8	4555885	16258234	2076079	14182155	2257787965	481780
20172775539	4167144	11	8	4555959	16258548	2076109	14182439	2257808241	481780
20173208774	4167214	16	8	4556031	16258863	2076138	14182725	2257828697	481780
20173659657	4167288	14	8	4556106	16259179	2076161	14183018	2257849019	481780
20174164388	4167362	16	8	4556187	16259513	2076202	14183311	2257870969	481780
20174577337	4167433	14	8	4556265	16259823	2076228	14183595	2257891323	481780
20175026335	4167507	16	8	4556340	16260140	2076265	14183875	2257912085	481780
20175518655	4167580	15	8	4556414	16260468	2076301	14184167	2257933241	481780
20175884738	4167653	14	8	4556487	16260781	2076329	14184452	2257953512	481780
20176278321	4167724	12	8	4556559	16261068	2076357	14184711	2257972617	481780
20176649936	4167798	13	8	4556634	16261381	2076393	14184988	2257993152	481780
20177066227	4167868	15	8	4556705	16261689	2076424	14185265	2258013165	481780
20177427995	4167942	12	8	4556780	16261987	2076454	14185533	2258032968	481780
20177769579	4168012	16	8	4556860	16262297	2076488	14185809	2258053666	481780
20178201829	4168084	15	8	4556933	16262600	2076510	14186090	2258073398	481780
20178688150	4168156	15	8	4557006	16262915	2076544	14186371	2258093892	481780
20179037075	4168229	18	8	4557086	16263226	2076577	14186649	2258114595	481780
20179366738	4168303	15	8	4557167	16263531	2076610	14186921	2258134966	481780
20179895304	4168374	15	8	4557240	16263850	2076640	14187210	2258155602	481780
20180283104	4168445	14	8	4557311	16264146	2076667	14187479	2258175028	481780
20180738132	4168517	17	8	4557392	16264467	2076701	14187766	2258196174	481780
20181139360	4168588	15	8	4557468	16264766	2076726	14188040	2258216004	481780
20181644432	4168661	13	8	4557547	16265076	2076756	14188320	2258236474	481780
20181981749	4168731	14	8	4557622	16265375	2076787	14188588	2258256282	481780
20182311102	4168803	12	8	4557695	16265682	2076820	14188862	2258276289	481780
20182687579	4168875	14	8	4557770	16265995	2076856	14189139	2258296907	481780
20183122424	4168948	17	8	4557849	16266320	2076883	14189437	2258317974	481780
20183510205	4169022	15	8	4557924	16266638	2076926	14189712	2258338840	481780
20183951496	4169095	14	8	4557997	16266956	2076954	14190002	2258359386	481780
20184522477	4169165	17	8	4558070	16267254	2076982	14190272	2258378997	481780
20184889811	4169238	13	8	4558146	16267574	2077016	14190558	2258399847	481780
20185203054	4169307	17	8	4558220	16267880	2077051	14190829	2258419944	481780
20185629528	4169382	15	8	4558298	16268209	2077089	14191120	2258441345	481780
20186137152	4169454	17	8	4558371	16268517	2077121	14191396	2258461439	481780
20186573584	4169529	13	8	4558451	16268824	2077145	14191679	2258481770	481780
20187091542	4169601	16	8	4558523	16269139	2077178	14191961	2258502254	481780
20187476729	4169673	12	8	4558599	16269441	2077210	14192231	2258522232	481780
20188030121	4169746	14	8	4558677	16269772	2077244	14192528	2258543661	481780
20188507465	4169818	16	8	4558750	16270077	2077275	14192802	2258563725	481780
20188789286	4169891	13	8	4558823	16270395	2077313	14193082	2258584465	481780
20189068024	4169965	14	8	4558899	16270711	2077342	14193369	2258605065	481780
20189590781	4170036	17	8	4558971	16271009	2077362	14193647	2258624548	481780
20189854100	4170112	12	8	4559054	16271329	2077390	14193939	2258645691	481780
20190229305	4170183	16	8	4559127	16271626	2077415	14194211	2258665124	481780
20190609364	4170255	16	8	4559206	16271943	2077448	14194495	2258686177	481780
20191081189	4170328	16	8	4559280	16272246	2077471	14194775	2258705901	481780
20191538493	4170402	13	8	4559358	16272556	2077504	14195052	2258726464	481780
20191912908	4170475	14	8	4559432	16272869	2077540	14195329	2258746926	481780
20192275545	4170547	13	8	4559506	16273176	2077570	14195606	2258767005	481780
20192787276	4170618	14	8	4559578	16273491	2077604	14195887	2258787421	481780
20193237084	4170689	16	8	4559651	16273793	2077630	14196163	2258807224	481780
20193602436	4170763	15	8	4559726	16274102	2077662	14196440	2258827425	481780
20194206642	4170834	16	8	4559802	16274435	2077700	14196735	2258848992	481780
20194762149	4170909	16	8	4559885	16274758	2077728	14197030	2258870235	481780
20195201323	4170984	12	8	4559964	16275080	2077761	14197319	2258891530	481780
20195637607	4171053	15	8	4560034	16275373	2077790	14197583	2258910739	481780
20196262485	4171128	12	8	4560109	16275690	2077818	14197872	2258931429	481780
20196764012	4171195	14	8	4560178	16275982	2077846	14198136	2258950469	481780
20197118259	4171268	12	8	4560254	16276300	2077875	14198425	2258971112	481780
20197499408	4171339	13	8	4560328	16276596	2077902	14198694	2258990615	481780
20197817443	4171411	13	8	4560401	16276887	2077932	14198955	2259010035	481780
20198211362	4171480	14	8	4560472	16277187	2077969	14199218	2259029654	481780
20198776852	4171546	13	8	4560538	16277464	2077996	14199468	2259047773	481780
20199225551	4171612	16	8	4560604	16277756	2078026	14199730	2259066706	481780
20199597613	4171679	13	8	4560673	16278042	2078053	14199989	2259085335	481780
20199976353	4171747	17	8	4560742	16278343	2078085	14200258	2259104726	481780
20200511874	4171811	13	8	4560810	16278629	2078114	14200515	2259123321	481780
20200851770	4171879	13	8	4560884	16278917	2078143	14200774	2259142525	481780
20201340084	4171944	13	8	4560949	16279189	2078161	14201028	2259160209	481780
20201667774	4172009	15	8	4561015	16279476	2078193	14201283	2259178915	481780
20202139057	4172077	15	8	4561085	16279774	2078224	14201550	2259198345	481780
20202483109	4172143	16	8	4561152	16280045	2078245	14201800	2259216070	481780
20202761055	4172211	15	8	4561220	16280332	2078272	14202060	2259234759	481780
20203214844	4172276	14	8	4561287	16280608	2078299	14202309	2259252864	481780
20203468910	4172343	14	8	4561356	16280906	2078325	14202581	2259272070	481780
20203804265	4172410	15	8	4561423	16281200	2078358	14202842	2259291047	481780
20204176029	4172476	15	8	4561491	16281490	2078386	14203104	2259309878	481780
20204446350	4172542	16	8	4561558	16281765	2078410	14203355	2259327938	481780
20205016994	4172609	15	8	4561626	16282057	2078438	14203619	2259346776	481780
20205321456	4172678	11	8	4561696	16282335	2078461	14203874	2259365140	481780
20205634762	4172744	11	8	4561763	16282603	2078482	14204121	2259382832	481780
20206045121	4172810	13	8	4561831	16282889	2078510	14204379	2259401394	481780
20206233579	4172874	15	8	4561898	16283166	2078541	14204625	2259419741	481780
20206513765	4172940	14	8	4561967	16283459	2078577	14204882	2259438816	481780
20206847642	4173007	16	8	4562038	16283753	2078606	14205147	2259458021	481780
20207214953	4173073	16	8	4562104	16284024	2078637	14205387	2259475861	481780
20207686235	4173143	13	8	4562176	16284327	2078663	14205664	2259495512	481780
20208004567	4173206	16	8	4562239	16284601	2078689	14205912	2259513388	481780
20208403165	4173274	13	8	4562307	16284883	2078719	14206164	2259531798	481780
20208718566	4173341	14	8	4562375	16285165	2078746	14206419	2259550258	481780
20209081384	4173407	15	8	4562442	16285446	2078773	14206673	2259568491	481780
20209319398	4173472	15	8	4562509	16285719	2078794	14206925	2259586421	481780
20209569531	4173536	13	8	4562574	16285985	2078822	14207163	2259604009	481780
20210126148	4173603	16	8	4562641	16286286	2078849	14207437	2259623276	481780
20210451308	4173670	18	8	4562709	16286589	2078881	14207708	2259642702	481780
20211044469	4173739	13	8	4562778	16286882	2078911	14207971	2259661678	481780
20211436454	4173806	12	8	4562852	16287185	2078945	14208240	2259681557	481780
20211680191	4173871	14	8	4562923	16287465	2078975	14208490	2259700077	481780
20212008761	4173937	12	8	4562990	16287757	2079012	14208745	2259718967	481780
20212354293	4174002	12	8	4563057	16288037	2079036	14209001	2259737240	481780
20212746111	4174066	13	8	4563122	16288317	2079073	14209244	2259755504	481780
20213255835	4174132	13	8	4563189	16288608	2079104	14209504	2259774306	481780
20213536677	4174197	15	8	4563255	16288888	2079128	14209760	2259792548	481780
20213942479	4174264	18	8	4563323	16289183	2079164	14210019	2259811829	481780
20214305379	4174329	15	8	4563391	16289463	2079197	14210266	2259830265	481780
20214783431	4174399	15	8	4563469	16289775	2079237	14210538	2259850890	481780
20215208891	4174465	12	8	4563536	16290055	2079266	14210789	2259869217	481780
20215550729	4174531	16	8	4563603	16290341	2079292	14211049	2259887821	481780
20215962338	4174598	14	8	4563675	16290620	2079312	14211308	2259906183	481780
20216329823	4174665	11	8	4563743	16290914	2079348	14211566	2259925245	481780
20216773864	4174729	14	8	4563810	16291206	2079385	14211821	2259944310	481780
20217035355	4174797	12	8	4563879	16291495	2079413	14212082	2259963048	481780
20217399999	4174860	14	8	4563946	16291783	2079447	14212336	2259981765	481780
20217789041	4174927	13	8	4564020	16292072	2079469	14212603	2260000805	481780
20218096749	4174991	12	8	4564087	16292345	2079501	14212844	2260018792	481780
20218382934	4175060	13	8	4564158	16292641	2079533	14213108	2260038114	481780
20218780718	4175123	16	8	4564227	16292920	2079561	14213359	2260056533	481780
20219300250	4175190	14	8	4564296	16293211	2079594	14213617	2260075599	481780
20219680627	4175256	17	8	4564363	16293504	2079627	14213877	2260094584	481780
20219963844	4175325	14	8	4564436	16293795	2079654	14214141	2260113635	481780
20220304074	4175389	16	8	4564502	16294067	2079679	14214388	2260131496	481780
20220773507	4175456	12	8	4564570	16294357	2079704	14214653	2260150282	481780
20221055229	4175524	14	8	4564641	16294640	2079723	14214917	2260168831	481780
20221523976	4175589	16	8	4564708	16294934	2079758	14215176	2260187891	481780
20221823643	4175656	13	8	4564776	16295226	2079791	14215435	2260206827	481780
20222254348	4175724	14	8	4564845	16295524	2079821	14215703	2260226055	481780
20222669349	4175789	15	8	4564911	16295813	2079853	14215960	2260244825	481780
20222980716	4175857	14	8	4564979	16296106	2079881	14216225	2260263702	481780
20223292724	4175921	15	8	4565046	16296383	2079913	14216470	2260281991	481780
20223680715	4175989	13	8	4565116	16296676	2079940	14216736	2260300994	481780
20223982801	4176054	11	8	4565185	16296954	2079967	14216987	2260319304	481780
20224337886	4176119	14	8	4565252	16297236	2079993	14217243	2260337769	481780
20224768142	4176184	16	8	4565319	16297529	2080025	14217504	2260356702	481780
20225160661	4176253	14	8	4565390	16297823	2080053	14217770	2260375773	481780
20225801272	4176316	16	8	4565463	16298117	2080083	14218034	2260395130	481780
20226434980	4176382	17	8	4565532	16298411	2080112	14218299	2260414153	481780
20226876265	4176450	15	8	4565603	16298705	2080141	14218564	2260433370	481780
20227149598	4176516	15	8	4565669	16298994	2080172	14218822	2260451999	481780
20227674813	4176582	15	8	4565737	16299291	2080206	14219085	2260471094	481780
20228013482	4176649	14	8	4565805	16299576	2080231	14219345	2260489772	481780
20228353046	4176712	14	8	4565872	16299849	2080257	14219592	2260507511	481780
20228673161	4176779	12	8	4565940	16300131	2080280	14219851	2260525965	481780
20229096242	4176843	15	8	4566005	16300423	2080308	14220115	2260544706	481780
20229685825	4176911	17	8	4566074	16300729	2080341	14220388	2260564334	481780
20229993779	4176980	15	8	4566144	16301016	2080371	14220645	2260583197	481780
20230296799	4177047	15	8	4566211	16301306	2080398	14220908	2260601989	481780
20230712775	4177112	15	8	4566278	16301580	2080422	14221158	2260619956	481780
20231111899	4177179	14	8	4566346	16301872	2080448	14221424	2260638855	481780
20231340348	4177243	13	8	4566411	16302132	2080473	14221659	2260656071	481780
20231700300	4177303	12	8	4566472	16302389	2080499	14221890	2260672837	481780
20232008986	4177363	13	8	4566533	16302647	2080520	14222127	2260689603	481780
20232516609	4177423	15	8	4566595	16302893	2080542	14222351	2260705887	481780
20232878017	4177483	14	8	4566657	16303150	2080567	14222583	2260722736	481780
20233201605	4177545	12	8	4566724	16303414	2080591	14222823	2260740125	481780
20233475383	4177606	12	8	4566787	16303677	2080624	14223053	2260757348	481780
20233935666	4177663	15	8	4566847	16303935	2080648	14223287	2260774183	481780
20234211585	4177725	12	8	4566913	16304198	2080676	14223522	2260791370	481780
20234444086	4177787	13	8	4566977	16304482	2080709	14223773	2260809602	481780
20234686405	4177844	15	8	4567034	16304734	2080735	14223999	2260825887	481780
20235022361	4177905	13	8	4567095	16304998	2080767	14224231	2260843096	481780
20235335176	4177963	16	8	4567156	16305268	2080792	14224476	2260860502	481780
20235598939	4178023	11	8	4567217	16305512	2080816	14224696	2260876610	481780
20235967046	4178084	15	8	4567280	16305774	2080838	14224936	2260893703	481780
20236291098	4178143	16	8	4567339	16306032	2080865	14225167	2260910490	481780
20236597442	4178207	12	8	4567405	16306298	2080893	14225405	2260927927	481780
20236960882	4178266	15	8	4567464	16306556	2080922	14225634	2260944778	481780
20237274682	4178326	12	8	4567525	16306808	2080950	14225858	2260961285	481780
20237551513	4178386	13	8	4567586	16307068	2080980	14226088	2260978262	481780
20237812882	4178443	13	8	4567643	16307308	2081003	14226305	2260993976	481780
20238304975	4178505	12	8	4567705	16307582	2081037	14226545	2261011705	481780
20238588509	4178563	16	8	4567765	16307831	2081062	14226769	2261028181	481780
20239007763	4178626	13	8	4567828	16308089	2081082	14227007	2261044988	481780
20239319442	4178687	16	8	4567889	16308346	2081105	14227241	2261061847	481780
20239575214	4178747	14	8	4567950	16308596	2081130	14227466	2261078324	481780
20239903476	4178810	13	8	4568014	16308854	2081157	14227697	2261095381	481780
20240161467	4178868	14	8	4568072	16309097	2081184	14227913	2261111359	481780
20240284128	4178927	11	8	4568133	16309348	2081210	14228138	2261127745	481780
20240611684	4178985	16	8	4568193	16309615	2081238	14228377	2261145007	481780
20240963176	4179044	11	8	4568253	16309855	2081262	14228593	2261160858	481780
20241158908	4179104	14	8	4568314	16310123	2081295	14228828	2261178313	481780
20241417752	4179163	13	8	4568377	16310379	2081317	14229062	2261195069	481780
20241801723	4179227	13	8	4568443	16310644	2081338	14229306	2261212372	481780
20242015622	4179281	18	8	4568497	16310881	2081357	14229524	2261227816	481780
20242293923	4179345	13	8	4568562	16311153	2081385	14229768	2261245391	481780
20242760429	4179407	14	8	4568625	16311419	2081413	14230006	2261262815	481780
20243017458	4179468	14	8	4568686	16311681	2081446	14230235	2261279888	481780
20243260973	4179529	10	8	4568747	16311943	2081471	14230472	2261296853	481780
20243654350	4179587	11	8	4568806	16312207	2081496	14230711	2261313684	481780
20243984492	4179645	12	8	4568865	16312449	2081519	14230930	2261329546	481780
20244385473	4179704	14	8	4568926	16312708	2081546	14231162	2261346494	481780
20244902282	4179762	16	8	4568984	16312965	2081573	14231392	2261363193	481780
20245243232	4179825	15	8	4569050	16313233	2081598	14231635	2261380681	481780
20245706401	4179888	16	8	4569115	16313513	2081635	14231878	2261398960	481780
20246208035	4179947	15	8	4569177	16313778	2081659	14232119	2261416127	481780
20246792706	4180008	15	8	4569240	16314051	2081689	14232362	2261433859	481780
20247182542	4180070	11	8	4569303	16314318	2081721	14232597	2261451147	481780
20247477913	4180129	13	8	4569364	16314588	2081752	14232836	2261468570	481780
20247948663	4180187	11	8	4569424	16314836	2081775	14233061	2261484822	481780
20248291621	4180247	13	8	4569484	16315094	2081805	14233289	2261501657	481780
20248533030	4180311	12	8	4569548	16315359	2081832	14233527	2261518848	481780
20248979341	4180370	18	8	4569608	16315620	2081859	14233761	2261535822	481780
20249522594	4180432	14	8	4569672	16315891	2081883	14234008	2261553325	481780
20249797359	4180493	16	8	4569734	16316149	2081905	14234244	2261570142	481780
20250090688	4180553	13	8	4569797	16316401	2081931	14234470	2261586822	481780
20250342974	4180615	12	8	4569859	16316675	2081965	14234710	2261604584	481780
20250660447	4180675	12	8	4569920	16316946	2082001	14234945	2261622022	481780
20250973279	4180735	12	8	4569984	16317199	2082022	14235177	2261638734	481780
20251420437	4180792	13	8	4570042	16317463	2082050	14235413	2261655668	481780
20251823594	4180853	13	8	4570104	16317734	2082087	14235647	2261673251	481780
20252170769	4180915	14	8	4570167	16318006	2082124	14235882	2261690997	481780
20252408130	4180976	12	8	4570229	16318261	2082154	14236107	2261707894	481780
20252830657	4181037	12	8	4570292	16318523	2082186	14236337	2261725149	481780
20253365244	4181097	15	8	4570353	16318771	2082210	14236561	2261741657	481780
20253826083	4181157	12	8	4570413	16319020	2082236	14236784	2261758041	481780
20254093001	4181218	13	8	4570474	16319269	2082264	14237005	2261774512	481780
20254495588	4181281	12	8	4570537	16319535	2082287	14237248	2261791720	481780
20254793042	4181338	17	8	4570597	16319796	2082317	14237479	2261808723	481780
20255055693	4181402	15	8	4570662	16320065	2082343	14237722	2261826221	481780
20255385978	4181463	17	8	4570723	16320326	2082368	14237958	2261843172	481780
20255735055	4181524	11	8	4570787	16320591	2082393	14238198	2261860422	481780
20256018898	4181585	13	8	4570848	16320856	2082424	14238432	2261877687	481780
20256295368	4181643	12	8	4570907	16321100	2082447	14238653	2261893684	481780
20256639758	4181704	12	8	4570969	16321369	2082476	14238893	2261911080	481780
20257041405	4181763	15	8	4571028	16321619	2082490	14239129	2261927337	481780
20257410350	4181823	14	8	4571089	16321878	2082514	14239364	2261944174	481780
20257759098	4181885	14	8	4571152	16322144	2082541	14239603	2261961515	481780
20258081934	4181945	14	8	4571212	16322395	2082568	14239827	2261978014	481780
20258463125	4182007	13	8	4571275	16322666	2082600	14240066	2261995604	481780
20258775472	4182066	15	8	4571334	16322925	2082628	14240297	2262012529	481780
20259041844	4182125	11	8	4571396	16323167	2082652	14240515	2262028509	481780
20259378922	4182187	11	8	4571459	16323431	2082679	14240752	2262045832	481780
20259833195	4182246	13	8	4571519	16323689	2082704	14240985	2262062533	481780
20260136379	4182305	15	8	4571578	16323942	2082732	14241210	2262079086	481780
20260567674	4182368	14	8	4571641	16324222	2082768	14241454	2262097132	481780
20260936144	4182428	14	8	4571702	16324489	2082792	14241697	2262114258	481780
20261277502	4182487	14	8	4571763	16324746	2082816	14241930	2262131072	481780
20261736505	4182548	16	8	4571825	16325012	2082841	14242171	2262148379	481780
20262083793	4182608	12	8	4571888	16325264	2082867	14242397	2262165020	481780
20262705110	4182671	12	8	4571954	16325549	2082897	14242652	2262183305	481780
20262824946	4182727	11	8	4572012	16325774	2082911	14242863	2262198180	481780
20263132273	4182788	13	8	4572073	16326044	2082936	14243108	2262215636	481780
20263535604	4182847	16	8	4572133	16326302	2082964	14243338	2262232345	481780
20263774528	4182909	14	8	4572195	16326566	2082988	14243578	2262249428	481780
20264102706	4182969	16	8	4572255	16326833	2083018	14243815	2262266786	481780
20264526590	4183029	13	8	4572315	16327088	2083042	14244046	2262283274	481780
20264775523	4183093	11	8	4572382	16327361	2083074	14244287	2262301238	481780
20265176900	4183150	14	8	4572439	16327617	2083101	14244516	2262317682	481780
20265478312	4183211	13	8	4572500	16327872	2083121	14244751	2262334315	481780
20265889019	4183272	14	8	4572562	16328146	2083148	14244998	2262351885	481780
20266294446	4183331	16	8	4572621	16328406	2083180	14245226	2262368710	481780
20266648411	4183393	14	8	4572683	16328671	2083202	14245469	2262386023	481780
20267005444	4183453	13	8	4572744	16328925	2083223	14245702	2262402461	481780
20267256328	4183514	15	8	4572806	16329188	2083254	14245934	2262419747	481780
20267498069	4183574	13	8	4572869	16329433	2083272	14246161	2262435872	481780
20267949966	4183634	13	8	4572930	16329693	2083296	14246397	2262452725	481780
20268402233	4183694	16	8	4572990	16329964	2083320	14246644	2262470080	481780
20268628380	4183755	13	8	4573052	16330225	2083351	14246874	2262487111	481780
20269109194	4183815	14	8	4573112	16330491	2083372	14247119	2262504221	481780
20269520525	4183876	14	8	4573173	16330760	2083402	14247358	2262521494	481780
20269947447	4183934	14	8	4573232	16331012	2083426	14247586	2262537881	481780
20270274250	4183993	15	8	4573295	16331271	2083450	14247821	2262554914	481780
20270738612	4184052	15	8	4573355	16331536	2083475	14248061	2262571928	481780
20271100009	4184116	14	8	4573419	16331812	2083507	14248305	2262589851	481780
20271421685	4184176	16	8	4573479	16332069	2083532	14248537	2262606500	481780
20271867626	4184238	12	8	4573542	16332341	2083559	14248782	2262624072	481780
20272153985	4184297	14	8	4573601	16332603	2083589	14249014	2262641017	481780
20272468980	4184355	11	8	4573660	16332862	2083617	14249245	2262657610	481780
20272777268	4184417	12	8	4573722	16333142	2083653	14249489	2262675677	481780
20273155348	4184476	17	8	4573781	16333411	2083685	14249726	2262692896	481780
20273449157	4184538	13	8	4573845	16333669	2083709	14249960	2262709911	481780
20273790235	4184597	17	8	4573908	16333947	2083737	14250210	2262727878	481780
20274153620	4184659	11	8	4573973	16334200	2083759	14250441	2262744495	481780
20274646259	4184719	14	8	4574034	16334463	2083778	14250685	2262761509	481780
20275004196	4184779	13	8	4574098	16334717	2083805	14250912	2262778241	481780
20275383095	4184839	14	8	4574158	16334982	2083835	14251147	2262795366	481780
20275660951	4184898	13	8	4574218	16335228	2083852	14251376	2262811409	481780
20275831063	4184960	11	8	4574280	16335480	2083876	14251604	2262828036	481780
20276217732	4185017	15	8	4574337	16335738	2083900	14251838	2262844585	481780
20276582827	4185080	13	8	4574400	16336017	2083933	14252084	2262862525	481780
20277061968	4185141	13	8	4574463	16336290	2083964	14252326	2262880271	481780
20277469025	4185200	14	8	4574523	16336551	2083989	14252562	2262897160	481780
20277835107	4185262	13	8	4574587	16336817	2084015	14252802	2262914517	481780
20278292089	4185323	15	8	4574649	16337078	2084044	14253034	2262931558	481780
20278590118	4185382	13	8	4574709	16337322	2084063	14253259	2262947616	481780
20278885712	4185444	15	8	4574771	16337592	2084093	14253499	2262965087	481780
20279042413	4185503	15	8	4574830	16337852	2084124	14253728	2262981956	481780
20279414935	4185565	13	8	4574893	16338117	2084153	14253964	2262999247	481780
20279718229	4185625	14	8	4574954	16338385	2084182	14254203	2263016563	481780
20279975087	4185686	12	8	4575015	16338640	2084206	14254434	2263033129	481780
20280217556	4185746	11	8	4575075	16338897	2084232	14254665	2263049856	481780
20280546987	4185805	14	8	4575134	16339148	2084246	14254902	2263066096	481780
20280841852	4185863	15	8	4575193	16339393	2084276	14255117	2263082239	481780
20281321592	4185924	14	8	4575255	16339653	2084296	14255357	2263099093	481780
20281633547	4185986	15	8	4575317	16339911	2084320	14255591	2263115968	481780
20281925442	4186048	15	8	4575379	16340180	2084350	14255830	2263133435	481780
20282245348	4186108	14	8	4575441	16340448	2084380	14256068	2263150726	481780
20282626492	4186170	13	8	4575503	16340718	2084404	14256314	2263168137	481780
20283018345	4186229	13	8	4575562	16340978	2084430	14256548	2263184967	481780
20283408475	4186289	11	8	4575623	16341242	2084454	14256788	2263201937	481780
20283671323	4186349	13	8	4575685	16341510	2084483	14257027	2263219267	481780
20284127120	4186408	14	8	4575746	16341768	2084508	14257260	2263236116	481780
20284540116	4186470	14	8	4575808	16342031	2084537	14257494	2263253309	481780
20284899260	4186531	13	8	4575869	16342302	2084564	14257738	2263270695	481780
20285248645	4186591	13	8	4575929	16342570	2084596	14257974	2263287973	481780
20285736583	4186652	14	8	4575991	16342834	2084617	14258217	2263305054	481780
20286022993	4186709	17	8	4576048	16343079	2084646	14258433	2263321178	481780
20286490012	4186772	13	8	4576116	16343350	2084678	14258672	2263339078	481780
20286730536	4186831	14	8	4576176	16343597	2084700	14258897	2263355374	481780
20287096136	4186892	13	8	4576238	16343856	2084724	14259132	2263372226	481780
20287522174	4186954	14	8	4576303	16344125	2084745	14259380	2263389721	481780
20287855692	4187013	14	8	4576363	16344380	2084769	14259611	2263406327	481780
20288222646	4187075	13	8	4576427	16344646	2084796	14259850	2263423709	481780
20288515304	4187135	15	8	4576489	16344913	2084828	14260085	2263441023	481780
20288902322	4187195	13	8	4576549	16345166	2084852	14260314	2263457570	481780
20289210855	4187258	15	8	4576614	16345430	2084874	14260556	2263474863	481780
20289570198	4187315	15	8	4576673	16345680	2084895	14260785	2263491188	481780
20289929630	4187376	14	8	4576737	16345944	2084925	14261019	2263508481	481780
20290206854	4187438	14	8	4576804	16346215	2084954	14261261	2263526247	481780
20290548136	4187496	14	8	4576864	16346463	2084977	14261486	2263542554	481780
20290800970	4187557	15	8	4576927	16346731	2085006	14261725	2263559976	481780
20291206473	4187615	16	8	4576985	16346987	2085036	14261951	2263576629	481780
20291580644	4187679	14	8	4577052	16347248	2085058	14262190	2263593884	481780
20291952960	4187739	13	8	4577113	16347516	2085085	14262431	2263611117	481780
20292253417	4187799	12	8	4577175	16347787	2085114	14262673	2263628490	481780
20292616453	4187860	13	8	4577243	16348052	2085135	14262917	2263646036	481780
20292954565	4187918	13	8	4577301	16348295	2085163	14263132	2263662044	481780
20293335895	4187979	11	8	4577362	16348557	2085186	14263371	2263678900	481780
20293801096	4188036	15	8	4577422	16348828	2085220	14263608	2263696352	481780
20294225592	4188098	15	8	4577486	16349097	2085247	14263850	2263713793	481780
20294545227	4188160	16	8	4577551	16349371	2085277	14264094	2263731732	481780
20294708866	4188219	14	8	4577615	16349627	2085310	14264317	2263748677	481780
20295119034	4188282	15	8	4577678	16349902	2085334	14264568	2263766308	481780
20295568988	4188344	12	8	4577740	16350170	2085363	14264807	2263783709	481780
20296142923	4188403	12	8	4577799	16350430	2085386	14265044	2263800516	481780
20296498001	4188464	13	8	4577860	16350696	2085411	14265285	2263817624	481780
20296747167	4188522	13	8	4577919	16350954	2085438	14265516	2263834253	481780
20297028863	4188583	13	8	4577980	16351214	2085467	14265747	2263851166	481780
20297385078	4188644	17	8	4578043	16351483	2085496	14265987	2263868625	481780
20297624896	4188704	14	8	4578104	16351744	2085529	14266215	2263885733	481780
20297924067	4188766	12	8	4578168	16352019	2085559	14266460	2263903495	481780
20298345038	4188826	16	8	4578230	16352275	2085582	14266693	2263920080	481780
20298702108	4188887	10	8	4578291	16352525	2085606	14266919	2263936535	481780
20299216011	4188948	13	8	4578353	16352804	2085637	14267167	2263954469	481780
20299571032	4189006	15	8	4578411	16353061	2085669	14267392	2263971085	481780
20300063230	4189069	14	8	4578476	16353336	2085698	14267638	2263989068	481780
20300366940	4189129	16	8	4578538	16353590	2085721	14267869	2264005795	481780
20300731255	4189190	14	8	4578600	16353843	2085744	14268099	2264022378	481780
20301208188	4189253	11	8	4578664	16354125	2085771	14268354	2264040515	481780
20301585485	4189310	14	8	4578722	16354390	2085801	14268589	2264057423	481780
20301970644	4189372	12	8	4578784	16354654	2085826	14268828	2264074509	481780
20302302068	4189433	14	8	4578846	16354921	2085853	14269068	2264091846	481780
20302589603	4189492	14	8	4578905	16355177	2085877	14269300	2264108324	481780
20302976691	4189554	11	8	4578970	16355446	2085903	14269543	2264125921	481780
20303345329	4189611	18	8	4579029	16355724	2085936	14269788	2264143592	481780
20303692053	4189674	13	8	4579093	16355980	2085961	14270019	2264160480	481780
20303980818	4189737	13	8	4579157	16356255	2085987	14270268	2264178240	481780
20304397722	4189794	13	8	4579214	16356501	2086010	14270491	2264194246	481780
20304689642	4189856	11	8	4579276	16356771	2086034	14270737	2264211546	481780
20304990768	4189914	14	8	4579335	16357027	2086058	14270969	2264228114	481780
20305310148	4189971	12	8	4579394	16357275	2086084	14271191	2264244326	481780
20305636098	4190032	13	8	4579459	16357532	2086111	14271421	2264261343	481780
20305805133	4190091	16	8	4579518	16357789	2086144	14271645	2264278147	481780
20306202227	4190154	15	8	4579582	16358063	2086173	14271890	2264295912	481780
20306466104	4190214	13	8	4579644	16358325	2086194	14272131	2264312799	481780
20306674876	4190274	14	8	4579706	16358581	2086221	14272360	2264329701	481780
20306986892	4190333	15	8	4579768	16358828	2086240	14272588	2264345937	481780
20307187874	4190395	13	8	4579833	16359086	2086264	14272822	2264362897	481780
20307481475	4190456	11	8	4579894	16359346	2086292	14273054	2264379863	481780
20307823655	4190514	13	8	4579954	16359599	2086318	14273281	2264396399	481780
20308037789	4190574	12	8	4580014	16359849	2086342	14273507	2264412657	481780
20308326018	4190632	12	8	4580075	16360089	2086356	14273733	2264428503	481780
20308684565	4190692	14	8	4580136	16360354	2086384	14273970	2264445692	481780
20309084868	4190752	14	8	4580196	16360609	2086407	14274202	2264462393	481780
20309369384	4190813	19	8	4580261	16360874	2086437	14274437	2264479828	481780
20309814552	4190874	16	8	4580327	16361143	2086464	14274679	2264497472	481780
20310061827	4190934	15	8	4580388	16361402	2086491	14274911	2264514376	481780
20310491028	4190995	14	8	4580453	16361672	2086522	14275150	2264531916	481780
20311002751	4191056	12	8	4580514	16361931	2086549	14275382	2264548846	481780
20311301542	4191114	13	8	4580573	16362191	2086576	14275615	2264565636	481780
20311568489	4191174	12	8	4580633	16362440	2086599	14275841	2264581906	481780
20311839083	4191233	12	8	4580697	16362690	2086623	14276067	2264598379	481780
20312226291	4191293	12	8	4580760	16362963	2086647	14276316	2264615872	481780
20312596755	4191351	13	8	4580823	16363223	2086676	14276547	2264632908	481780
20312855319	4191412	11	8	4580889	16363478	2086696	14276782	2264649762	481780
20313282514	4191469	11	8	4580954	16363744	2086721	14277023	2264666991	481780
20313458252	4191529	13	8	4581016	16364018	2086757	14277261	2264684721	481780
20313890656	4191585	16	8	4581077	16364275	2086786	14277489	2264701502	481780
20314362682	4191648	14	8	4581141	16364542	2086811	14277731	2264718871	481780
20314752571	4191709	19	8	4581202	16364819	2086846	14277973	2264736608	481780
20315216288	4191770	12	8	4581267	16365089	2086874	14278215	2264754256	481780
20315549807	4191830	15	8	4581329	16365356	2086901	14278455	2264771503	481780
20315828333	4191890	11	8	4581390	16365609	2086924	14278685	2264788097	481780
20316174280	4191950	14	8	4581450	16365879	2086961	14278918	2264805530	481780
20316503589	4192004	10	8	4581505	16366104	2086981	14279123	2264820322	481780
20316806615	4192062	10	8	4581565	16366349	2087009	14279340	2264836438	481780
