bytes_written	total_items	curr_connections	threads	cmd_set	cmd_get	get_misses	get_hits	bytes_read
17397091129	672857	17	8	671384	11413066	2008004	9405062	1765804340	386333
17397536717	672857	16	8	671384	11413313	2008043	9405270	1765817152	386333
17398008064	672857	18	8	671384	11413542	2008076	9405466	1765829033	386333
17398378166	672857	13	8	671384	11413784	2008113	9405671	1765841507	386333
17398742131	672857	16	8	671384	11414030	2008150	9405880	1765854093	386333
17399171832	672857	13	8	671384	11414266	2008186	9406080	1765866426	386333
17399532969	672857	15	8	671384	11414503	2008218	9406285	1765878664	386333
17399759326	672857	15	8	671384	11414736	2008249	9406487	1765890617	386333
17400327376	672857	16	8	671384	11414995	2008287	9406708	1765903917	386333
17400713711	672857	17	8	671384	11415235	2008323	9406912	1765916255	386333
17401392070	672857	17	8	671384	11415482	2008358	9407124	1765929050	386333
17401825606	672857	19	8	671384	11415741	2008394	9407347	1765942345	386333
17402137292	672857	17	8	671384	11415983	2008429	9407554	1765954863	386333
17402563247	672857	16	8	671384	11416221	2008461	9407760	1765967159	386333
17402884251	672857	14	8	671384	11416453	2008496	9407957	1765979143	386333
17403385650	672857	12	8	671384	11416685	2008523	9408162	1765991022	386333
17403629171	672857	16	8	671384	11416931	2008555	9408376	1766003608	386333
17404055027	672857	14	8	671384	11417163	2008592	9408571	1766015628	386333
17404418565	672857	15	8	671384	11417407	2008627	9408780	1766028276	386333
17404834721	672857	16	8	671384	11417636	2008660	9408976	1766040075	386333
17405125399	672857	18	8	671384	11417885	2008693	9409192	1766052897	386333
17405459861	672857	17	8	671384	11418106	2008723	9409383	1766064387	386333
17405951736	672857	15	8	671384	11418344	2008756	9409588	1766076654	386333
17406383188	672857	15	8	671384	11418589	2008795	9409794	1766089387	386333
17406897178	672857	16	8	671384	11418834	2008832	9410002	1766102073	386333
17407287160	672857	17	8	671384	11419089	2008870	9410219	1766115078	386333
17407699151	672857	16	8	671384	11419337	2008903	9410434	1766127862	386333
17408183085	672857	17	8	671384	11419578	2008941	9410637	1766140268	386333
17408550690	672857	15	8	671384	11419807	2008975	9410832	1766152252	386333
17408957030	672857	17	8	671384	11420052	2009008	9411044	1766164689	386333
17409282709	672857	15	8	671384	11420294	2009045	9411249	1766177381	386333
17409593857	672858	15	8	671385	11420542	2009082	9411460	1766189985	386332
17410054133	672858	16	8	671385	11420767	2009108	9411659	1766201545	386332
17410544961	672858	18	8	671385	11421015	2009140	9411875	1766214354	386332
17410988414	672858	16	8	671385	11421241	2009161	9412080	1766225945	386332
17411443753	672858	15	8	671385	11421489	2009198	9412291	1766238655	386332
17411812118	672858	17	8	671385	11421721	2009228	9412493	1766250756	386332
17412087621	672858	13	8	671385	11421959	2009265	9412694	1766263147	386332
17412553951	672858	15	8	671385	11422197	2009288	9412909	1766275182	386332
17413048883	672858	15	8	671385	11422439	2009315	9413124	1766287473	386332
17413674916	672858	16	8	671385	11422696	2009360	9413336	1766300843	386332
17413985025	672858	17	8	671385	11422935	2009391	9413544	1766313078	386332
17414482895	672858	16	8	671385	11423177	2009424	9413753	1766325632	386332
17414957300	672858	18	8	671385	11423423	2009466	9413957	1766338456	386332
17415455247	672858	17	8	671385	11423677	2009498	9414179	1766351350	386332
17415650559	672858	19	8	671385	11423911	2009532	9414379	1766363527	386332
17415998939	672858	18	8	671385	11424154	2009571	9414583	1766376143	386332
17416439842	672858	17	8	671385	11424404	2009609	9414795	1766389016	386332
17416917471	672858	14	8	671385	11424629	2009639	9414990	1766400794	386332
17417322828	672858	14	8	671385	11424866	2009665	9415201	1766412936	386332
17417741229	672858	14	8	671385	11425110	2009697	9415413	1766425388	386332
17418245191	672858	14	8	671385	11425337	2009730	9415607	1766437242	386332
17418605284	672858	12	8	671385	11425574	2009758	9415816	1766449402	386332
17418948629	672858	17	8	671385	11425812	2009796	9416016	1766461706	386332
17419453707	672858	14	8	671385	11426060	2009836	9416224	1766474578	386332
17419853628	672858	19	8	671385	11426307	2009866	9416441	1766487223	386332
17420278100	672858	17	8	671385	11426549	2009900	9416649	1766499615	386332
17420636842	672858	17	8	671385	11426788	2009938	9416850	1766512172	386332
17420941627	672858	18	8	671385	11427013	2009958	9417055	1766523552	386332
17421556509	672858	16	8	671385	11427280	2010000	9417280	1766537297	386332
17421970516	672858	15	8	671385	11427518	2010034	9417484	1766549625	386332
17422535584	672858	12	8	671385	11427763	2010062	9417701	1766561986	386332
17423093455	672858	13	8	671385	11428012	2010097	9417915	1766574769	386332
17423513448	672858	16	8	671385	11428246	2010122	9418124	1766586661	386332
17424103793	672858	15	8	671385	11428499	2010156	9418343	1766599724	386332
17424391173	672858	20	8	671385	11428735	2010191	9418544	1766611987	386332
17424773409	672858	17	8	671385	11428969	2010226	9418743	1766624096	386332
17425141524	672858	18	8	671385	11429223	2010265	9418958	1766637133	386332
17425592276	672858	16	8	671385	11429469	2010304	9419165	1766649852	386332
17425889769	672859	16	8	671386	11429713	2010337	9419376	1766662356	386331
17426216956	672859	16	8	671386	11429943	2010369	9419574	1766674308	386331
17426648694	672859	14	8	671386	11430183	2010407	9419776	1766686905	386331
17427003644	672859	15	8	671386	11430427	2010445	9419982	1766699531	386331
17427408956	672859	16	8	671386	11430666	2010475	9420191	1766711807	386331
17427936871	672859	16	8	671386	11430913	2010510	9420403	1766724504	386331
17428247184	672859	15	8	671386	11431144	2010539	9420605	1766736320	386331
17428717846	672859	16	8	671386	11431386	2010567	9420819	1766748707	386331
17429179971	672859	17	8	671386	11431627	2010592	9421035	1766761002	386331
17429625992	672859	15	8	671386	11431874	2010629	9421245	1766773728	386331
17430018322	672859	17	8	671386	11432116	2010661	9421455	1766786241	386331
17430315793	672859	15	8	671386	11432354	2010697	9421657	1766798579	386331
17430717530	672859	16	8	671386	11432578	2010722	9421856	1766810223	386331
17431139128	672859	14	8	671386	11432818	2010751	9422067	1766822491	386331
17431450220	672859	15	8	671386	11433060	2010782	9422278	1766834715	386331
17431800807	672859	15	8	671386	11433298	2010814	9422484	1766847158	386331
17432241024	672859	18	8	671386	11433539	2010846	9422693	1766859393	386331
17432740125	672859	17	8	671386	11433790	2010883	9422907	1766872317	386331
17433012643	672859	17	8	671386	11434026	2010918	9423108	1766884608	386331
17433351536	672859	17	8	671386	11434274	2010951	9423323	1766897408	386331
17433726083	672859	16	8	671386	11434514	2010988	9423526	1766909844	386331
17434000124	672859	17	8	671386	11434737	2011020	9423717	1766921402	386331
17434575413	672859	14	8	671386	11434967	2011048	9423919	1766933165	386331
17434939454	672859	15	8	671386	11435204	2011079	9424125	1766945323	386331
17435445340	672859	15	8	671386	11435452	2011111	9424341	1766958065	386331
17435880493	672859	15	8	671386	11435694	2011147	9424547	1766970597	386331
17436221857	672859	17	8	671386	11435946	2011193	9424753	1766983670	386331
17436629701	672859	17	8	671386	11436178	2011213	9424965	1766995344	386331
17437087340	672859	18	8	671386	11436435	2011243	9425192	1767008449	386331
17437641132	672859	16	8	671386	11436680	2011275	9425405	1767021032	386331
17438006542	672859	16	8	671386	11436930	2011312	9425618	1767033894	386331
17438304170	672859	19	8	671386	11437168	2011353	9425815	1767046185	386331
17438795926	672859	15	8	671386	11437403	2011380	9426023	1767058335	386331
17439163212	672860	15	8	671387	11437654	2011423	9426231	1767071300	386330
17439541064	672860	14	8	671387	11437893	2011459	9426434	1767083643	386330
17439840201	672860	15	8	671387	11438129	2011491	9426638	1767095882	386330
17440109210	672860	14	8	671387	11438365	2011521	9426844	1767107977	386330
17440596829	672860	15	8	671387	11438613	2011560	9427053	1767120768	386330
17441121276	672862	15	8	671389	11438865	2011596	9427269	1767148907	386329
17441606203	672862	15	8	671389	11439106	2011629	9427477	1767161298	386329
17441879894	672862	16	8	671389	11439342	2011665	9427677	1767173451	386329
17442358665	672862	15	8	671389	11439587	2011700	9427887	1767186206	386329
17442742643	672862	17	8	671389	11439826	2011733	9428093	1767198605	386329
17443028576	672862	15	8	671389	11440048	2011761	9428287	1767210068	386329
17443435105	672862	17	8	671389	11440292	2011800	9428492	1767222658	386329
17443856542	672862	17	8	671389	11440524	2011835	9428689	1767234679	386329
17444103090	672862	16	8	671389	11440763	2011868	9428895	1767247042	386329
17444555195	672862	18	8	671389	11441002	2011893	9429109	1767259343	386329
17445053062	672863	15	8	671390	11441241	2011919	9429322	1767271485	386328
17445432947	672863	15	8	671390	11441480	2011952	9429528	1767283833	386328
17445916299	672863	14	8	671390	11441725	2011984	9429741	1767296353	386328
17446254809	672863	15	8	671390	11441963	2012020	9429943	1767308657	386328
17446828424	672863	15	8	671390	11442202	2012056	9430146	1767320986	386328
17447176437	672863	15	8	671390	11442438	2012089	9430349	1767333196	386328
17447519452	672863	15	8	671390	11442667	2012116	9430551	1767344955	386328
17448117566	672863	16	8	671390	11442925	2012157	9430768	1767358302	386328
17448576253	672863	17	8	671390	11443169	2012198	9430971	1767370937	386327
17449028119	672864	19	8	671391	11443416	2012234	9431182	1767383847	386327
17449448610	672864	17	8	671391	11443655	2012266	9431389	1767396236	386327
17449971782	672864	16	8	671391	11443888	2012296	9431592	1767408264	386327
17450416116	672864	16	8	671391	11444127	2012325	9431802	1767420633	386327
17450751553	672864	16	8	671391	11444351	2012357	9431994	1767432299	386327
17451193188	672866	16	8	671393	11444596	2012389	9432207	1767447821	386326
17451415535	672866	16	8	671393	11444822	2012420	9432402	1767459645	386326
17451900276	672866	15	8	671393	11445077	2012461	9432616	1767472895	386326
17452241594	672867	15	8	671394	11445301	2012493	9432808	1767484477	386325
17452467759	672867	14	8	671394	11445539	2012526	9433013	1767496751	386325
17452859349	672867	16	8	671394	11445774	2012559	9433215	1767508982	386325
17453093919	672867	14	8	671394	11446006	2012594	9433412	1767521025	386325
17453404297	672867	16	8	671394	11446254	2012631	9433623	1767533840	386325
17453812833	672867	15	8	671394	11446488	2012662	9433826	1767545913	386325
17454248564	672867	19	8	671394	11446751	2012703	9434048	1767559522	386325
17454725506	672867	17	8	671394	11446990	2012741	9434249	1767571919	386325
17455065507	672867	16	8	671394	11447226	2012780	9434446	1767584265	386325
17455469951	672867	18	8	671394	11447470	2012813	9434657	1767596751	386325
17455948860	672867	13	8	671394	11447707	2012848	9434859	1767609036	386325
17456313063	672868	12	8	671395	11447946	2012881	9435065	1767621307	386324
17456711695	672868	14	8	671395	11448161	2012915	9435246	1767632319	386324
17457102493	672868	12	8	671395	11448390	2012945	9435445	1767644123	386324
17457278079	672868	17	8	671395	11448603	2012975	9435628	1767655071	386324
17457650105	672868	16	8	671395	11448830	2013011	9435819	1767666888	386324
17457860871	672869	19	8	671396	11449041	2013039	9436002	1767677784	386322
17458247094	672871	14	8	671398	11449267	2013070	9436197	1767716743	386322
17458672544	672871	17	8	671398	11449494	2013100	9436394	1767728347	386322
17458989826	672871	15	8	671398	11449700	2013132	9436568	1767739194	386322
17459393048	672872	14	8	671399	11449918	2013160	9436758	1767750467	386321
17459684080	672872	14	8	671399	11450134	2013191	9436943	1767761528	386321
17460115187	672873	13	8	671400	11450358	2013222	9437136	1767773224	386320
17460670497	672873	15	8	671400	11450588	2013249	9437339	1767784933	386320
17460960335	672873	15	8	671400	11450815	2013284	9437531	1767796525	386320
17461281795	672873	17	8	671400	11451034	2013309	9437725	1767807872	386320
17461456260	672873	14	8	671400	11451233	2013334	9437899	1767818151	386320
17461768346	672873	15	8	671400	11451457	2013358	9438099	1767829607	386320
17462086026	672873	16	8	671400	11451670	2013387	9438283	1767840603	386320
17462493595	672873	13	8	671400	11451893	2013418	9438475	1767852138	386320
17462817555	672873	16	8	671400	11452108	2013448	9438660	1767863257	386320
17463069606	672873	13	8	671400	11452318	2013475	9438843	1767874116	386320
17463541034	672873	17	8	671400	11452540	2013507	9439033	1767885598	386320
17464036913	672873	17	8	671400	11452769	2013537	9439232	1767897291	386320
17464317639	672873	18	8	671400	11452991	2013569	9439422	1767908817	386320
17464648121	672873	16	8	671400	11453205	2013606	9439599	1767920021	386320
17465050877	672873	15	8	671400	11453427	2013635	9439792	1767931473	386320
17465500508	672873	18	8	671400	11453653	2013664	9439989	1767943047	386320
17465816216	672873	17	8	671400	11453870	2013690	9440180	1767954157	386320
17466178856	672873	15	8	671400	11454092	2013716	9440376	1767965603	386320
17466563846	672873	15	8	671400	11454313	2013750	9440563	1767976995	386320
17466852108	672873	14	8	671400	11454527	2013784	9440743	1767988061	386320
17467146721	672873	15	8	671400	11454753	2013814	9440939	1767999690	386320
17467514040	672873	14	8	671400	11454973	2013845	9441128	1768011045	386320
17467874271	672873	16	8	671400	11455199	2013879	9441320	1768022704	386320
17468217181	672873	17	8	671400	11455410	2013901	9441509	1768033517	386320
17468439745	672873	18	8	671400	11455635	2013935	9441700	1768045267	386320
17468735733	672873	18	8	671400	11455850	2013963	9441887	1768056277	386320
17469078431	672873	17	8	671400	11456063	2013992	9442071	1768067210	386320
17469317531	672873	14	8	671400	11456266	2014013	9442253	1768077652	386320
17469668014	672873	15	8	671400	11456489	2014040	9442449	1768089085	386320
17469999040	672873	11	8	671400	11456695	2014061	9442634	1768099678	386320
17470301657	672873	16	8	671400	11456903	2014091	9442812	1768110462	386320
17470531437	672873	14	8	671400	11457116	2014120	9442996	1768121567	386320
17470768864	672873	17	8	671400	11457338	2014151	9443187	1768132893	386320
17471045517	672873	18	8	671400	11457555	2014182	9443373	1768144249	386320
17471390548	672873	15	8	671400	11457766	2014210	9443556	1768155101	386320
17471797308	672873	15	8	671400	11457993	2014236	9443757	1768166605	386320
17472161671	672873	17	8	671400	11458209	2014259	9443950	1768177739	386320
17472448831	672873	16	8	671400	11458412	2014283	9444129	1768188237	386320
17472785157	672873	14	8	671400	11458623	2014308	9444315	1768199139	386320
17473052613	672873	12	8	671400	11458828	2014333	9444495	1768209679	386320
17473528813	672873	13	8	671400	11459047	2014361	9444686	1768220946	386320
17473962254	672873	13	8	671400	11459259	2014395	9444864	1768231997	386320
17474281921	672873	17	8	671400	11459477	2014422	9445055	1768243174	386320
17474527296	672873	19	8	671400	11459699	2014454	9445245	1768254700	386320
17474813680	672873	17	8	671400	11459921	2014485	9445436	1768266109	386320
17475216951	672873	17	8	671400	11460159	2014522	9445637	1768278377	386320
17475711963	672873	18	8	671400	11460384	2014555	9445829	1768290095	386320
17476013002	672873	18	8	671400	11460600	2014588	9446012	1768301338	386320
17476353246	672873	15	8	671400	11460803	2014609	9446194	1768311770	386320
17476724041	672873	13	8	671400	11461025	2014645	9446380	1768323222	386320
17477033734	672873	15	8	671400	11461245	2014674	9446571	1768334580	386320
17477397790	672873	14	8	671400	11461460	2014701	9446759	1768345619	386320
17477562019	672873	14	8	671400	11461671	2014736	9446935	1768356635	386320
17477902263	672873	16	8	671400	11461893	2014767	9447126	1768368080	386320
17478265953	672873	16	8	671400	11462113	2014792	9447321	1768379479	386320
17478640415	672873	15	8	671400	11462334	2014831	9447503	1768390965	386320
17479038930	672873	17	8	671400	11462567	2014866	9447701	1768402895	386320
17479293834	672873	18	8	671400	11462786	2014897	9447889	1768414258	386320
17479653362	672873	15	8	671400	11463009	2014931	9448078	1768425883	386320
17480030721	672873	16	8	671400	11463212	2014959	9448253	1768436405	386320
17480434619	672873	16	8	671400	11463436	2014990	9448446	1768447981	386320
17480834837	672873	15	8	671400	11463659	2015019	9448640	1768459414	386320
17481211425	672873	14	8	671400	11463884	2015053	9448831	1768470992	386320
17481643720	672873	13	8	671400	11464107	2015084	9449023	1768482466	386320
17482091953	672873	15	8	671400	11464332	2015112	9449220	1768493962	386320
17482470482	672873	15	8	671400	11464552	2015142	9449410	1768505386	386320
17482708469	672873	15	8	671400	11464770	2015179	9449591	1768516658	386320
17483060589	672873	15	8	671400	11464998	2015210	9449788	1768528420	386320
17483353867	672873	14	8	671400	11465207	2015232	9449975	1768539152	386320
17483716390	672873	14	8	671400	11465420	2015259	9450161	1768550125	386320
17484255202	672873	14	8	671400	11465649	2015288	9450361	1768561820	386320
17484619365	672873	13	8	671400	11465870	2015324	9450546	1768573216	386320
17484958493	672873	15	8	671400	11466085	2015358	9450727	1768584421	386320
17485185074	672873	16	8	671400	11466302	2015392	9450910	1768595719	386320
17485627286	672873	14	8	671400	11466519	2015426	9451093	1768607009	386320
17485934003	672873	18	8	671400	11466742	2015461	9451281	1768618592	386320
17486247770	672873	18	8	671400	11466976	2015500	9451476	1768630737	386320
17486703551	672873	18	8	671400	11467209	2015542	9451667	1768642992	386320
17487036986	672873	18	8	671400	11467433	2015570	9451863	1768654452	386320
17487320184	672873	14	8	671400	11467650	2015604	9452046	1768665696	386320
17487687704	672873	14	8	671400	11467871	2015634	9452237	1768676990	386320
17488013398	672874	14	8	671401	11468081	2015658	9452423	1768688113	386319
17488470586	672874	14	8	671401	11468309	2015690	9452619	1768699748	386319
17488868738	672874	13	8	671401	11468529	2015723	9452806	1768711181	386319
17489311115	672874	15	8	671401	11468766	2015766	9453000	1768723464	386319
17489698088	672874	15	8	671401	11468987	2015797	9453190	1768734785	386319
17490049782	672874	17	8	671401	11469215	2015831	9453384	1768746552	386319
17490415646	672874	18	8	671401	11469438	2015865	9453573	1768758114	386319
17490731797	672874	18	8	671401	11469658	2015896	9453762	1768769363	386319
17491178901	672874	17	8	671401	11469889	2015922	9453967	1768781169	386319
17491596713	672874	17	8	671401	11470117	2015952	9454165	1768792916	386319
17491855285	672874	15	8	671401	11470324	2015983	9454341	1768803722	386319
17492250884	672874	15	8	671401	11470546	2016014	9454532	1768815257	386319
17492593543	672874	13	8	671401	11470756	2016047	9454709	1768826146	386319
17492969803	672874	13	8	671401	11470976	2016073	9454903	1768837429	386319
17493537900	672874	16	8	671401	11471208	2016108	9455100	1768849369	386319
17493885176	672874	16	8	671401	11471426	2016135	9455291	1768860580	386319
17494194795	672874	17	8	671401	11471642	2016167	9455475	1768871889	386319
17494397135	672874	14	8	671401	11471851	2016200	9455651	1768882723	386319
17494744887	672876	16	8	671403	11472080	2016229	9455851	1768894650	386318
17495067549	672876	15	8	671403	11472297	2016258	9456039	1768905841	386318
17495446901	672876	18	8	671403	11472522	2016295	9456227	1768917451	386318
17495760615	672876	17	8	671403	11472735	2016324	9456411	1768928565	386318
17496139109	672876	15	8	671403	11472943	2016347	9456596	1768939303	386318
17496418373	672876	16	8	671403	11473156	2016376	9456780	1768950403	386318
17496830438	672876	14	8	671403	11473371	2016406	9456965	1768961446	386318
17497197627	672876	15	8	671403	11473591	2016436	9457155	1768972904	386318
17497519912	672876	13	8	671403	11473797	2016462	9457335	1768983521	386318
17497926365	672876	17	8	671403	11474025	2016501	9457524	1768995335	386318
17498209609	672876	13	8	671403	11474240	2016529	9457711	1769006424	386318
17498745647	672876	17	8	671403	11474483	2016575	9457908	1769019031	386318
17499174818	672876	16	8	671403	11474707	2016612	9458095	1769030723	386318
17499699039	672876	17	8	671403	11474938	2016637	9458301	1769042486	386318
17500038361	672876	17	8	671403	11475148	2016660	9458488	1769053286	386318
17500402443	672876	14	8	671403	11475365	2016681	9458684	1769064349	386318
17500569237	672876	17	8	671403	11475571	2016709	9458862	1769074936	386318
17500918820	672876	15	8	671403	11475785	2016738	9459047	1769086002	386318
17501280496	672876	16	8	671403	11476000	2016766	9459234	1769097168	386318
17501733866	672876	12	8	671403	11476211	2016792	9459419	1769108082	386318
17502223300	672876	15	8	671403	11476446	2016838	9459608	1769120380	386318
17502481307	672876	15	8	671403	11476651	2016867	9459784	1769131157	386318
17502811890	672876	14	8	671403	11476870	2016901	9459969	1769142483	386318
17503370765	672876	17	8	671403	11477107	2016934	9460173	1769154608	386318
17503632472	672876	15	8	671403	11477330	2016970	9460360	1769166144	386318
17504086054	672876	16	8	671403	11477567	2017004	9460563	1769178305	386318
17504374237	672876	16	8	671403	11477788	2017040	9460748	1769189780	386318
17504683609	672876	16	8	671403	11478018	2017072	9460946	1769201620	386318
17505009369	672876	15	8	671403	11478241	2017110	9461131	1769213245	386318
17505259014	672876	13	8	671403	11478457	2017141	9461316	1769224437	386318
17505632968	672876	14	8	671403	11478682	2017175	9461507	1769236049	386318
17506167577	672876	15	8	671403	11478906	2017209	9461697	1769247682	386318
17506631037	672876	16	8	671403	11479123	2017236	9461887	1769258907	386318
17506963652	672876	14	8	671403	11479349	2017268	9462081	1769270568	386318
17507214489	672876	15	8	671403	11479579	2017307	9462272	1769282445	386318
17507645726	672876	14	8	671403	11479796	2017341	9462455	1769293759	386318
17507923637	672876	16	8	671403	11480016	2017366	9462650	1769304997	386318
17508269825	672877	14	8	671404	11480253	2017410	9462843	1769317358	386317
17508669384	672877	13	8	671404	11480480	2017443	9463037	1769329032	386317
17508989289	672877	15	8	671404	11480690	2017471	9463219	1769339984	386317
17509358189	672877	13	8	671404	11480899	2017504	9463395	1769350946	386317
17509745326	672877	15	8	671404	11481126	2017533	9463593	1769362525	386317
17510214262	672877	18	8	671404	11481342	2017560	9463782	1769373628	386317
17510476794	672877	15	8	671404	11481566	2017591	9463975	1769385077	386317
17510837280	672877	17	8	671404	11481797	2017618	9464179	1769396966	386317
17511113920	672877	16	8	671404	11482011	2017649	9464362	1769408006	386317
17511463750	672878	15	8	671405	11482234	2017677	9464557	1769419497	386316
17511851369	672878	17	8	671405	11482448	2017707	9464741	1769430655	386316
17512131406	672878	13	8	671405	11482665	2017738	9464927	1769441842	386316
17512491749	672878	15	8	671405	11482878	2017765	9465113	1769452843	386316
17512758674	672878	15	8	671405	11483088	2017795	9465293	1769463734	386316
17513206720	672878	14	8	671405	11483324	2017834	9465490	1769475876	386316
17513565680	672878	15	8	671405	11483548	2017869	9465679	1769487472	386316
17513966150	672878	14	8	671405	11483766	2017893	9465873	1769498599	386316
17514308319	672878	15	8	671405	11483990	2017926	9466064	1769510244	386316
17514780340	672878	14	8	671405	11484197	2017948	9466249	1769520860	386316
17514988688	672879	16	8	671406	11484422	2017984	9466438	1769533747	386316
17515431627	672879	16	8	671406	11484652	2018014	9466638	1769545550	386316
17515873011	672879	17	8	671406	11484890	2018043	9466847	1769557608	386316
17516246063	672879	17	8	671406	11485110	2018070	9467040	1769568922	386316
17516574611	672879	14	8	671406	11485338	2018099	9467239	1769580482	386316
17516902823	672879	16	8	671406	11485548	2018122	9467426	1769591329	386316
17517186927	672879	13	8	671406	11485766	2018157	9467609	1769602649	386316
17517573570	672879	11	8	671406	11485975	2018187	9467788	1769613546	386316
17518016299	672879	14	8	671406	11486213	2018218	9467995	1769625694	386316
17518406256	672879	14	8	671406	11486413	2018246	9468167	1769636154	386316
17518638868	672879	16	8	671406	11486637	2018277	9468360	1769647585	386316
17518985773	672879	17	8	671406	11486856	2018307	9468549	1769658876	386316
17519421048	672879	17	8	671406	11487089	2018342	9468747	1769671018	386316
17519759494	672879	15	8	671406	11487309	2018368	9468941	1769682289	386316
17520066587	672879	14	8	671406	11487522	2018399	9469123	1769693374	386316
17520406800	672879	14	8	671406	11487738	2018426	9469312	1769704469	386316
17520677087	672879	13	8	671406	11487948	2018453	9469495	1769715300	386316
17521067677	672880	13	8	671407	11488177	2018484	9469693	1769726926	386315
17521300402	672880	17	8	671407	11488402	2018521	9469881	1769738676	386315
17521899659	672880	14	8	671407	11488626	2018560	9470066	1769750361	386315
17522140521	672880	13	8	671407	11488838	2018585	9470253	1769761259	386315
17522508473	672880	16	8	671407	11489063	2018620	9470443	1769772879	386315
17522881627	672880	16	8	671407	11489280	2018648	9470632	1769784072	386315
17523140269	672880	14	8	671407	11489492	2018677	9470815	1769795146	386315
17523525972	672880	15	8	671407	11489712	2018710	9471002	1769806537	386315
17524029766	672880	14	8	671407	11489933	2018742	9471191	1769817966	386315
17524442164	672880	14	8	671407	11490153	2018767	9471386	1769829171	386315
17524741774	672880	16	8	671407	11490364	2018800	9471564	1769840169	386315
17525079025	672880	15	8	671407	11490593	2018830	9471763	1769851768	386315
17525549640	672880	17	8	671407	11490820	2018856	9471964	1769863455	386315
17526025564	672880	15	8	671407	11491030	2018882	9472148	1769874314	386315
17526416072	672880	15	8	671407	11491256	2018916	9472340	1769886003	386315
17526852760	672880	17	8	671407	11491481	2018951	9472530	1769897637	386315
17527375839	672880	15	8	671407	11491709	2018982	9472727	1769909191	386315
17527595013	672880	16	8	671407	11491925	2019010	9472915	1769920340	386315
17527926881	672880	16	8	671407	11492139	2019038	9473101	1769931376	386315
17528297655	672880	17	8	671407	11492375	2019079	9473296	1769943542	386315
17528573898	672880	15	8	671407	11492582	2019109	9473473	1769954406	386315
17528848329	672880	14	8	671407	11492793	2019134	9473659	1769965121	386315
17529177999	672880	14	8	671407	11493001	2019162	9473839	1769975926	386315
17529606649	672880	15	8	671407	11493215	2019189	9474026	1769986921	386315
17530013873	672880	15	8	671407	11493443	2019218	9474225	1769998632	386315
17530256928	672880	17	8	671407	11493658	2019250	9474408	1770009784	386315
17530535787	672881	15	8	671408	11493866	2019278	9474588	1770020542	386314
17530943043	672881	15	8	671408	11494088	2019312	9474776	1770032149	386314
17531281112	672881	16	8	671408	11494304	2019343	9474961	1770043333	386314
17531685546	672881	14	8	671408	11494523	2019374	9475149	1770054680	386314
17531989484	672881	17	8	671408	11494728	2019396	9475332	1770065194	386314
17532503093	672881	15	8	671408	11494949	2019421	9475528	1770076541	386314
17532767002	672881	17	8	671408	11495164	2019451	9475713	1770087573	386314
17533029712	672881	13	8	671408	11495381	2019481	9475900	1770098770	386314
17533313764	672881	17	8	671408	11495606	2019514	9476092	1770110383	386314
17533621212	672881	14	8	671408	11495820	2019546	9476274	1770121452	386314
17533841565	672881	15	8	671408	11496026	2019575	9476451	1770132263	386314
17534113626	672881	14	8	671408	11496239	2019608	9476631	1770143275	386314
17534574236	672881	15	8	671408	11496463	2019636	9476827	1770154833	386314
17535027167	672881	15	8	671408	11496687	2019662	9477025	1770166345	386314
17535394911	672881	16	8	671408	11496921	2019707	9477214	1770178511	386314
17535756697	672881	15	8	671408	11497153	2019745	9477408	1770190465	386314
17536177828	672881	17	8	671408	11497375	2019778	9477597	1770201940	386314
17536416108	672881	16	8	671408	11497596	2019815	9477781	1770213594	386314
17536618446	672881	16	8	671408	11497821	2019845	9477976	1770224928	386314
17536878463	672881	13	8	671408	11498043	2019876	9478167	1770236317	386314
17537375482	672881	14	8	671408	11498276	2019911	9478365	1770248375	386314
17537791211	672881	13	8	671408	11498495	2019934	9478561	1770259612	386314
17538304799	672881	15	8	671408	11498715	2019966	9478749	1770270949	386314
17538609449	672881	17	8	671408	11498935	2020003	9478932	1770282477	386314
17539051053	672881	15	8	671408	11499168	2020041	9479127	1770294443	386314
17539346287	672881	18	8	671408	11499391	2020072	9479319	1770305969	386314
17539689354	672881	15	8	671408	11499605	2020100	9479505	1770316971	386314
17540200021	672881	14	8	671408	11499850	2020130	9479720	1770329456	386314
17540422131	672881	15	8	671408	11500056	2020165	9479891	1770340150	386314
17540690406	672881	13	8	671408	11500271	2020195	9480076	1770351334	386314
17541233327	672882	16	8	671409	11500493	2020233	9480260	1770363017	386313
17541559048	672882	13	8	671409	11500707	2020262	9480445	1770374183	386313
17541801809	672882	15	8	671409	11500933	2020301	9480632	1770385866	386313
17542233380	672882	15	8	671409	11501164	2020333	9480831	1770397688	386313
17542502688	672882	14	8	671409	11501366	2020362	9481004	1770408138	386313
17542842786	672882	14	8	671409	11501583	2020400	9481183	1770419275	386313
17543121261	672882	17	8	671409	11501803	2020437	9481366	1770430676	386313
17543516181	672882	13	8	671409	11501998	2020465	9481533	1770440765	386313
17544023196	672882	16	8	671409	11502207	2020489	9481718	1770451448	386313
17544355225	672882	15	8	671409	11502404	2020520	9481884	1770461648	386313
17544731418	672882	13	8	671409	11502623	2020551	9482072	1770472907	386313
17545100045	672882	14	8	671409	11502825	2020576	9482249	1770483238	386313
17545349108	672882	15	8	671409	11503026	2020603	9482423	1770493613	386313
17545590899	672882	15	8	671409	11503228	2020631	9482597	1770504133	386313
17546011955	672882	15	8	671409	11503437	2020661	9482776	1770514819	386313
17546458529	672882	14	8	671409	11503657	2020691	9482966	1770526059	386313
17546915682	672882	16	8	671409	11503864	2020721	9483143	1770536659	386313
17547275573	672882	15	8	671409	11504070	2020748	9483322	1770547356	386313
17547531317	672882	16	8	671409	11504269	2020779	9483490	1770557707	386313
17547835353	672882	15	8	671409	11504465	2020807	9483658	1770567899	386313
17548150132	672882	16	8	671409	11504671	2020839	9483832	1770578637	386313
17548523666	672882	15	8	671409	11504872	2020866	9484006	1770588992	386313
17548783214	672882	14	8	671409	11505092	2020899	9484193	1770600249	386313
17549139124	672882	12	8	671409	11505297	2020930	9484367	1770610874	386313
17549465849	672882	14	8	671409	11505501	2020955	9484546	1770621229	386313
17549756500	672882	15	8	671409	11505697	2020975	9484722	1770631263	386313
17550110223	672882	13	8	671409	11505896	2021000	9484896	1770641513	386313
17550414347	672882	15	8	671409	11506103	2021032	9485071	1770652261	386313
17550748767	672882	15	8	671409	11506300	2021063	9485237	1770662488	386313
17551166293	672882	13	8	671409	11506495	2021081	9485414	1770672531	386313
17551493229	672882	16	8	671409	11506697	2021107	9485590	1770682965	386313
17551798080	672882	13	8	671409	11506902	2021137	9485765	1770693455	386313
17552124274	672882	14	8	671409	11507109	2021166	9485943	1770704039	386313
17552551386	672882	15	8	671409	11507309	2021196	9486113	1770714363	386313
17552828632	672882	15	8	671409	11507511	2021225	9486286	1770724935	386313
17553293703	672882	16	8	671409	11507728	2021260	9486468	1770736054	386313
17553598106	672882	16	8	671409	11507924	2021288	9486636	1770746334	386313
17553893136	672882	17	8	671409	11508114	2021314	9486800	1770756204	386313
17554428001	672882	15	8	671409	11508321	2021345	9486976	1770766811	386313
17554694532	672882	13	8	671409	11508518	2021368	9487150	1770777021	386313
17555162087	672882	14	8	671409	11508723	2021400	9487323	1770787669	386313
17555563235	672882	12	8	671409	11508911	2021419	9487492	1770797307	386313
17555787452	672882	12	8	671409	11509110	2021446	9487664	1770807522	386313
17556121782	672882	13	8	671409	11509301	2021467	9487834	1770817264	386313
17556374214	672882	14	8	671409	11509501	2021498	9488003	1770827604	386313
17556624482	672882	15	8	671409	11509699	2021517	9488182	1770837741	386313
17557035590	672882	18	8	671409	11509896	2021533	9488363	1770847740	386313
17557474756	672882	16	8	671409	11510093	2021563	9488530	1770857987	386313
17557682408	672882	16	8	671409	11510298	2021595	9488703	1770868566	386313
17558007861	672882	14	8	671409	11510495	2021619	9488876	1770878717	386313
17558402411	672882	16	8	671409	11510698	2021641	9489057	1770889131	386313
17558888709	672882	15	8	671409	11510899	2021672	9489227	1770899521	386313
17559247026	672882	12	8	671409	11511097	2021699	9489398	1770909724	386313
17559467924	672882	15	8	671409	11511289	2021727	9489562	1770919737	386313
17559847531	672882	13	8	671409	11511498	2021756	9489742	1770930426	386313
17560112655	672882	15	8	671409	11511688	2021779	9489909	1770940202	386313
17560424268	672882	14	8	671409	11511897	2021814	9490083	1770951011	386313
17560900261	672882	14	8	671409	11512091	2021837	9490254	1770961014	386313
17561395965	672882	12	8	671409	11512295	2021866	9490429	1770971566	386313
17561658997	672882	17	8	671409	11512494	2021895	9490599	1770981867	386313
17561950575	672882	16	8	671409	11512698	2021923	9490775	1770992387	386313
17562266358	672882	18	8	671409	11512904	2021954	9490950	1771002992	386313
17562729763	672882	13	8	671409	11513096	2021973	9491123	1771012926	386313
17562956708	672882	16	8	671409	11513295	2022003	9491292	1771023207	386313
17563284287	672882	14	8	671409	11513499	2022030	9491469	1771033693	386313
17563621769	672882	14	8	671409	11513709	2022060	9491649	1771044462	386313
17564072792	672882	15	8	671409	11513917	2022088	9491829	1771055170	386313
17564432097	672882	14	8	671409	11514115	2022115	9492000	1771065399	386313
17564818803	672882	14	8	671409	11514318	2022144	9492174	1771075891	386313
17565179779	672882	15	8	671409	11514516	2022171	9492345	1771086187	386313
17565635592	672882	14	8	671409	11514731	2022202	9492529	1771097252	386313
17565800146	672882	14	8	671409	11514921	2022229	9492692	1771107138	386313
17566091495	672882	12	8	671409	11515120	2022263	9492857	1771117488	386313
17566307087	672882	13	8	671409	11515311	2022292	9493019	1771127429	386313
17566558618	672882	14	8	671409	11515520	2022329	9493191	1771138352	386313
17566812706	672882	16	8	671409	11515718	2022355	9493363	1771148520	386313
17567370139	672882	16	8	671409	11515933	2022388	9493545	1771159526	386313
17567522274	672882	17	8	671409	11516139	2022420	9493719	1771170268	386313
17567677765	672882	17	8	671409	11516325	2022452	9493873	1771180046	386313
17567971096	672882	14	8	671409	11516519	2022480	9494039	1771190147	386313
17568307579	672882	16	8	671409	11516718	2022506	9494212	1771200384	386313
17568525391	672882	15	8	671409	11516908	2022531	9494377	1771210194	386313
17568792278	672885	14	8	671412	11517124	2022568	9494556	1771232940	386310
17569070007	672885	14	8	671412	11517316	2022599	9494717	1771242831	386310
17569335494	672885	15	8	671412	11517525	2022629	9494896	1771253633	386310
17569619823	672886	16	8	671413	11517723	2022663	9495060	1771264031	386309
17569994660	672886	18	8	671413	11517933	2022693	9495240	1771274767	386309
17570254616	672886	15	8	671413	11518139	2022722	9495417	1771285438	386309
17570608723	672887	15	8	671414	11518340	2022751	9495589	1771295913	386308
17570888232	672887	14	8	671414	11518538	2022777	9495761	1771306112	386308
17571079557	672887	14	8	671414	11518741	2022807	9495934	1771316655	386308
17571350060	672887	12	8	671414	11518932	2022836	9496096	1771326503	386308
17571682896	672887	14	8	671414	11519118	2022865	9496253	1771336105	386308
17572122294	672887	14	8	671414	11519315	2022899	9496416	1771346328	386308
17572497552	672887	16	8	671414	11519511	2022927	9496584	1771356247	386308
17572710573	672887	14	8	671414	11519688	2022952	9496736	1771365486	386308
17573021432	672887	13	8	671414	11519867	2022974	9496893	1771374660	386308
17573288505	672887	13	8	671414	11520038	2022994	9497044	1771383497	386308
17573555850	672887	16	8	671414	11520233	2023024	9497209	1771393569	386308
17573986845	672887	11	8	671414	11520403	2023047	9497356	1771402405	386308
17574327691	672887	13	8	671414	11520605	2023074	9497531	1771412735	386308
17574632915	672887	15	8	671414	11520789	2023100	9497689	1771422231	386308
17574868726	672887	13	8	671414	11520965	2023127	9497838	1771431348	386308
17575085921	672887	16	8	671414	11521143	2023149	9497994	1771440534	386308
17575228806	672887	13	8	671414	11521313	2023172	9498141	1771449244	386308
17575497061	672887	16	8	671414	11521504	2023206	9498298	1771459173	386308
17575843758	672887	16	8	671414	11521690	2023233	9498457	1771468876	386308
17576074694	672887	13	8	671414	11521872	2023259	9498613	1771478248	386308
17576526736	672887	15	8	671414	11522069	2023283	9498786	1771488299	386308
17576821248	672887	13	8	671414	11522248	2023308	9498940	1771497528	386308
17577019954	672887	14	8	671414	11522425	2023331	9499094	1771506629	386308
17577379306	672887	13	8	671414	11522605	2023353	9499252	1771515873	386308
17577719369	672887	11	8	671414	11522786	2023374	9499412	1771525162	386308
17578006637	672887	15	8	671414	11522976	2023396	9499580	1771534801	386308
17578353114	672887	13	8	671414	11523163	2023427	9499736	1771544527	386308
17578607605	672887	16	8	671414	11523357	2023455	9499902	1771554438	386308
17578859267	672887	15	8	671414	11523548	2023480	9500068	1771564180	386308
17578996103	672887	12	8	671414	11523723	2023506	9500217	1771573321	386308
17579252914	672887	15	8	671414	11523908	2023534	9500374	1771582797	386308
17579533157	672887	11	8	671414	11524071	2023554	9500517	1771591285	386308
17579938567	672887	15	8	671414	11524265	2023577	9500688	1771601144	386308
17580085612	672887	11	8	671414	11524425	2023595	9500830	1771609421	386308
17580407863	672887	15	8	671414	11524621	2023618	9501003	1771619419	386308
17580660407	672887	15	8	671414	11524801	2023644	9501157	1771628732	386308
17581061392	672887	14	8	671414	11524999	2023673	9501326	1771638906	386308
17581383984	672887	18	8	671414	11525187	2023702	9501485	1771648606	386308
17581712648	672887	15	8	671414	11525376	2023732	9501644	1771658412	386308
17582187639	672887	15	8	671414	11525568	2023751	9501817	1771668207	386308
17582483565	672887	13	8	671414	11525753	2023775	9501978	1771677669	386308
17582781017	672887	10	8	671414	11525934	2023797	9502137	1771687047	386308
17582927596	672887	11	8	671414	11526114	2023830	9502284	1771696428	386308
17583276777	672887	12	8	671414	11526298	2023849	9502449	1771705715	386308
17583600955	672887	15	8	671414	11526495	2023882	9502613	1771715956	386308
17583853164	672887	16	8	671414	11526673	2023902	9502771	1771725042	386308
17584087214	672887	15	8	671414	11526855	2023929	9502926	1771734487	386308
17584268358	672887	18	8	671414	11527043	2023957	9503086	1771744132	386308
17584552427	672887	16	8	671414	11527222	2023981	9503241	1771753452	386308
17584950461	672887	15	8	671414	11527402	2024003	9503399	1771762787	386308
17585273551	672887	11	8	671414	11527571	2024017	9503554	1771771363	386308
17585526992	672887	12	8	671414	11527747	2024040	9503707	1771780489	386308
17585743363	672887	12	8	671414	11527924	2024069	9503855	1771789670	386308
17586085598	672887	14	8	671414	11528109	2024089	9504020	1771799057	386308
17586364690	672888	13	8	671415	11528304	2024116	9504188	1771809015	386307
17586778645	672888	18	8	671415	11528502	2024143	9504359	1771819135	386307
17587080667	672888	14	8	671415	11528685	2024171	9504514	1771828594	386307
17587436499	672888	15	8	671415	11528879	2024198	9504681	1771838521	386307
17587679638	672888	15	8	671415	11529066	2024225	9504841	1771848149	386307
17587969305	672888	13	8	671415	11529252	2024250	9505002	1771857810	386307
17588284534	672888	13	8	671415	11529426	2024274	9505152	1771866807	386307
17588656846	672888	12	8	671415	11529614	2024297	9505317	1771876443	386307
17588979300	672888	14	8	671415	11529798	2024327	9505471	1771886050	386307
17589310399	672888	13	8	671415	11529972	2024347	9505625	1771895009	386307
17589643631	672888	15	8	671415	11530162	2024375	9505787	1771904745	386307
17590053049	672888	14	8	671415	11530361	2024398	9505963	1771914871	386307
17590365662	672888	13	8	671415	11530536	2024417	9506119	1771923909	386307
17590753218	672888	14	8	671415	11530740	2024450	9506290	1771934477	386307
17590955550	672888	14	8	671415	11530918	2024469	9506449	1771943461	386307
17591360382	672888	13	8	671415	11531111	2024498	9506613	1771953391	386307
17591645920	672888	15	8	671415	11531292	2024522	9506770	1771962678	386307
17591919272	672888	17	8	671415	11531478	2024546	9506932	1771972302	386307
17592145788	672888	14	8	671415	11531663	2024578	9507085	1771981897	386307
17592468657	672888	16	8	671415	11531853	2024606	9507247	1771991763	386307
17592747828	672888	13	8	671415	11532031	2024631	9507400	1772000966	386307
17593062306	672888	13	8	671415	11532209	2024652	9507557	1772010099	386307
17593436545	672888	13	8	671415	11532400	2024689	9507711	1772020102	386307
17593653080	672888	12	8	671415	11532581	2024721	9507860	1772029530	386307
17594045459	672888	15	8	671415	11532766	2024744	9508022	1772039057	386307
17594249402	672888	15	8	671415	11532941	2024771	9508170	1772048191	386307
17594454082	672888	14	8	671415	11533128	2024799	9508329	1772057889	386307
17594849348	672888	16	8	671415	11533319	2024819	9508500	1772067522	386307
17595119066	672888	13	8	671415	11533493	2024839	9508654	1772076454	386307
17595423744	672888	15	8	671415	11533689	2024864	9508825	1772086572	386307
17595757088	672888	12	8	671415	11533860	2024889	9508971	1772095364	386307
17596144509	672888	12	8	671415	11534057	2024918	9509139	1772105481	386307
17596338538	672888	14	8	671415	11534239	2024951	9509288	1772114982	386307
17596636020	672888	15	8	671415	11534431	2024975	9509456	1772124813	386307
17597016671	672888	13	8	671415	11534611	2024998	9509613	1772134085	386307
17597121978	672888	16	8	671415	11534792	2025025	9509767	1772143312	386307
17597354885	672888	14	8	671415	11534959	2025044	9509915	1772152127	386307
17597664279	672888	16	8	671415	11535150	2025067	9510083	1772161882	386307
17597948238	672888	13	8	671415	11535323	2025091	9510232	1772170846	386307
17598189229	672888	12	8	671415	11535512	2025120	9510392	1772180579	386307
17598507906	672888	13	8	671415	11535699	2025151	9510548	1772190191	386307
17598810667	672888	13	8	671415	11535885	2025172	9510713	1772199762	386307
17599006863	672888	16	8	671415	11536066	2025202	9510864	1772209125	386307
17599482609	672888	14	8	671415	11536259	2025229	9511030	1772219081	386307
17599692657	672888	17	8	671415	11536451	2025257	9511194	1772229016	386307
17600061358	672888	13	8	671415	11536614	2025278	9511336	1772237541	386307
17600388648	672888	12	8	671415	11536805	2025305	9511500	1772247392	386307
17600588899	672888	14	8	671415	11536982	2025323	9511659	1772256464	386307
17600844039	672888	13	8	671415	11537164	2025345	9511819	1772265797	386307
17601137796	672888	14	8	671415	11537350	2025377	9511973	1772275532	386307
17601512277	672888	15	8	671415	11537530	2025400	9512130	1772284776	386307
17601895089	672888	14	8	671415	11537736	2025436	9512300	1772295498	386307
17602120558	672888	14	8	671415	11537913	2025468	9512445	1772304662	386307
17602374966	672888	14	8	671415	11538103	2025494	9512609	1772314502	386307
17602622397	672888	14	8	671415	11538286	2025524	9512762	1772323899	386307
17602854103	672888	13	8	671415	11538467	2025550	9512917	1772333289	386307
17603182864	672888	16	8	671415	11538649	2025575	9513074	1772342735	386307
17603538695	672888	14	8	671415	11538838	2025608	9513230	1772352557	386307
17603788058	672888	13	8	671415	11539019	2025634	9513385	1772361906	386307
17604042633	672888	13	8	671415	11539196	2025660	9513536	1772371074	386307
17604405667	672888	13	8	671415	11539381	2025684	9513697	1772380589	386307
17604699382	672888	15	8	671415	11539561	2025707	9513854	1772389861	386307
17604961860	672888	16	8	671415	11539745	2025731	9514014	1772399299	386307
17605253344	672888	14	8	671415	11539936	2025757	9514179	1772409145	386307
17605633972	672888	15	8	671415	11540132	2025791	9514341	1772419234	386307
17605875585	672888	12	8	671415	11540318	2025811	9514507	1772428641	386307
17606129925	672888	13	8	671415	11540495	2025833	9514662	1772437815	386307
17606417755	672888	12	8	671415	11540653	2025850	9514803	1772446001	386307
17606723058	672888	12	8	671415	11540821	2025865	9514956	1772454662	386307
17607112745	672888	16	8	671415	11541017	2025892	9515125	1772464705	386307
17607405985	672888	15	8	671415	11541200	2025917	9515283	1772474096	386307
17607707643	672888	17	8	671415	11541395	2025944	9515451	1772484239	386307
17607928632	672888	12	8	671415	11541572	2025966	9515606	1772493265	386307
17608166653	672888	15	8	671415	11541769	2026002	9515767	1772503547	386307
17608465094	672888	13	8	671415	11541939	2026027	9515912	1772512416	386307
17608734206	672888	14	8	671415	11542123	2026057	9516066	1772521909	386307
17609022664	672888	13	8	671415	11542309	2026089	9516220	1772531575	386307
17609416180	672888	13	8	671415	11542510	2026117	9516393	1772541930	386307
17609699550	672888	16	8	671415	11542691	2026141	9516550	1772551238	386307
17609912710	672888	13	8	671415	11542869	2026163	9516706	1772560392	386307
17610128983	672888	15	8	671415	11543053	2026186	9516867	1772569793	386307
17610466868	672888	14	8	671415	11543231	2026211	9517020	1772579140	386307
17610803564	672888	15	8	671415	11543426	2026239	9517187	1772589148	386307
17611126495	672888	14	8	671415	11543614	2026265	9517349	1772598714	386307
17611627400	672888	14	8	671415	11543818	2026296	9517522	1772609214	386307
17611888360	672888	15	8	671415	11544004	2026322	9517682	1772618759	386307
17612244524	672888	14	8	671415	11544183	2026347	9517836	1772628112	386307
17612653720	672888	13	8	671415	11544375	2026377	9517998	1772638092	386307
17613076893	672888	14	8	671415	11544559	2026408	9518151	1772647713	386307
17613431459	672888	12	8	671415	11544739	2026433	9518306	1772656997	386307
17613766635	672888	12	8	671415	11544925	2026458	9518467	1772666594	386307
17614079994	672888	15	8	671415	11545110	2026485	9518625	1772676234	386307
17614349366	672888	15	8	671415	11545284	2026507	9518777	1772685279	386307
17614612504	672888	15	8	671415	11545463	2026533	9518930	1772694549	386307
17614881365	672888	16	8	671415	11545642	2026557	9519085	1772703769	386307
17615175278	672888	14	8	671415	11545826	2026580	9519246	1772713279	386307
17615461199	672888	16	8	671415	11546008	2026603	9519405	1772722574	386307
17615578373	672888	12	8	671415	11546179	2026629	9519550	1772731567	386307
17615887915	672888	14	8	671415	11546366	2026658	9519708	1772741304	386307
17616159239	672888	11	8	671415	11546540	2026681	9519859	1772750303	386307
17616530627	672888	13	8	671415	11546727	2026707	9520020	1772759957	386307
17616694250	672888	14	8	671415	11546901	2026728	9520173	1772768925	386307
17617063073	672888	14	8	671415	11547092	2026754	9520338	1772778713	386307
17617262228	672888	15	8	671415	11547270	2026777	9520493	1772787840	386307
17617571396	672888	13	8	671415	11547448	2026806	9520642	1772797269	386307
17617853778	672888	15	8	671415	11547645	2026839	9520806	1772807455	386307
17618049738	672888	17	8	671415	11547810	2026856	9520954	1772816007	386307
17618399653	672888	13	8	671415	11547984	2026880	9521104	1772825007	386307
17618804051	672888	15	8	671415	11548178	2026907	9521271	1772835020	386307
17619259463	672888	14	8	671415	11548368	2026936	9521432	1772844804	386307
17619572968	672888	14	8	671415	11548569	2026964	9521605	1772855074	386307
17619878383	672888	15	8	671415	11548755	2026993	9521762	1772864694	386307
17620169737	672888	13	8	671415	11548936	2027019	9521917	1772874074	386307
17620433682	672888	15	8	671415	11549125	2027050	9522075	1772883881	386307
17620639206	672888	14	8	671415	11549300	2027078	9522222	1772893021	386307
17620842650	672888	14	8	671415	11549496	2027106	9522390	1772903004	386307
17621083631	672888	16	8	671415	11549678	2027131	9522547	1772912437	386307
17621404913	672888	12	8	671415	11549857	2027156	9522701	1772921690	386307
17621657135	672888	13	8	671415	11550039	2027180	9522859	1772931076	386307
17621945668	672888	14	8	671415	11550222	2027211	9523011	1772940622	386307
17622275497	672888	15	8	671415	11550414	2027243	9523171	1772950644	386307
17622661851	672888	17	8	671415	11550600	2027271	9523329	1772960277	386307
17622957145	672888	13	8	671415	11550780	2027294	9523486	1772969592	386307
17623136835	672888	14	8	671415	11550957	2027320	9523637	1772978735	386307
17623430179	672888	14	8	671415	11551138	2027345	9523793	1772988103	386307
17623771018	672888	13	8	671415	11551327	2027370	9523957	1772997866	386307
17624102891	672888	14	8	671415	11551509	2027395	9524114	1773007207	386307
17624431229	672888	11	8	671415	11551690	2027421	9524269	1773016607	386307
17624801736	672888	17	8	671415	11551876	2027445	9524431	1773026118	386307
17624988266	672888	15	8	671415	11552048	2027468	9524580	1773035030	386307
17625227745	672888	15	8	671415	11552235	2027494	9524741	1773044789	386307
17625675259	672888	15	8	671415	11552420	2027523	9524897	1773054431	386307
17625969174	672888	15	8	671415	11552596	2027547	9525049	1773063631	386307
17626186572	672888	14	8	671415	11552776	2027563	9525213	1773072772	386307
17626424623	672888	12	8	671415	11552953	2027595	9525358	1773082083	386307
17626723733	672888	13	8	671415	11553131	2027619	9525512	1773091280	386307
17627063177	672888	15	8	671415	11553309	2027641	9525668	1773100471	386307
17627587606	672888	13	8	671415	11553492	2027666	9525826	1773109907	386307
17627992854	672888	17	8	671415	11553688	2027695	9525993	1773119972	386307
17628207483	672888	15	8	671415	11553864	2027720	9526144	1773129089	386307
17628443077	672888	14	8	671415	11554037	2027743	9526294	1773138117	386307
17628706701	672888	15	8	671415	11554215	2027764	9526451	1773147444	386307
17629051389	672889	11	8	671416	11554393	2027785	9526608	1773217270	386306
17629242094	672889	13	8	671416	11554574	2027808	9526766	1773226590	386306
17629509190	672889	15	8	671416	11554750	2027830	9526920	1773235616	386306
17629786886	672889	13	8	671416	11554939	2027860	9527079	1773245524	386306
17629935680	672889	15	8	671416	11555124	2027889	9527235	1773255124	386306
17630236648	672889	15	8	671416	11555310	2027914	9527396	1773264679	386306
17630606794	672889	12	8	671416	11555485	2027929	9527556	1773273586	386306
17630925292	672889	15	8	671416	11555662	2027954	9527708	1773282737	386306
17631271616	672889	12	8	671416	11555837	2027974	9527863	1773291738	386306
17631506165	672889	14	8	671416	11556023	2028001	9528022	1773301386	386306
17631798246	672889	15	8	671416	11556211	2028030	9528181	1773310965	386306
17632013071	672889	13	8	671416	11556398	2028059	9528339	1773320728	386306
17632251742	672889	17	8	671416	11556571	2028080	9528491	1773329667	386306
17632550587	672889	14	8	671416	11556758	2028105	9528653	1773339308	386306
17632836944	672889	13	8	671416	11556940	2028132	9528808	1773348809	386306
17633212723	672889	15	8	671416	11557116	2028146	9528970	1773357629	386306
17633424015	672889	11	8	671416	11557296	2028174	9529122	1773367025	386306
17633741982	672889	13	8	671416	11557477	2028196	9529281	1773376321	386306
17634027764	672889	12	8	671416	11557649	2028217	9529432	1773385152	386306
17634431994	672889	13	8	671416	11557848	2028244	9529604	1773395264	386306
17634955428	672889	17	8	671416	11558043	2028269	9529774	1773405279	386306
17635159756	672889	14	8	671416	11558226	2028294	9529932	1773414621	386306
17635434690	672889	16	8	671416	11558405	2028322	9530083	1773423967	386306
17635719911	672889	15	8	671416	11558587	2028345	9530242	1773433403	386306
17635992332	672889	17	8	671416	11558767	2028367	9530400	1773442640	386306
17636377668	672889	14	8	671416	11558947	2028388	9530559	1773451884	386306
17636751667	672889	11	8	671416	11559141	2028416	9530725	1773461851	386306
17637070619	672889	13	8	671416	11559332	2028450	9530882	1773471769	386306
17637364036	672889	11	8	671416	11559511	2028478	9531033	1773481072	386306
17637863285	672889	14	8	671416	11559708	2028510	9531198	1773491193	386306
17638256117	672889	15	8	671416	11559889	2028533	9531356	1773500519	386306
17638478472	672889	14	8	671416	11560061	2028552	9531509	1773509421	386306
17638813649	672889	16	8	671416	11560246	2028575	9531671	1773518955	386306
17639095418	672889	16	8	671416	11560436	2028599	9531837	1773528645	386306
17639304000	672889	14	8	671416	11560612	2028623	9531989	1773537804	386306
17639697226	672889	15	8	671416	11560784	2028643	9532141	1773546625	386306
17639960837	672889	12	8	671416	11560961	2028663	9532298	1773555741	386306
17640236490	672889	13	8	671416	11561155	2028696	9532459	1773565727	386306
17640601159	672889	12	8	671416	11561340	2028718	9532622	1773575197	386306
17640925295	672889	11	8	671416	11561517	2028740	9532777	1773584316	386306
17641196102	672889	11	8	671416	11561704	2028767	9532937	1773593949	386306
17641450015	672889	12	8	671416	11561877	2028792	9533085	1773602921	386306
17641735258	672889	11	8	671416	11562061	2028820	9533241	1773612407	386306
17641977363	672889	13	8	671416	11562245	2028849	9533396	1773621869	386306
17642373030	672889	15	8	671416	11562432	2028871	9533561	1773631533	386306
17642582135	672891	16	8	671418	11562614	2028900	9533714	1773640849	386304
17642912783	672891	16	8	671418	11562796	2028926	9533870	1773650279	386304
17643320034	672891	17	8	671418	11562978	2028947	9534031	1773659555	386304
17643628169	672891	13	8	671418	11563157	2028973	9534184	1773668991	386304
17643840160	672891	16	8	671418	11563344	2029006	9534338	1773678610	386304
17644127415	672891	12	8	671418	11563529	2029036	9534493	1773688241	386304
17644660966	672891	12	8	671418	11563708	2029054	9534654	1773697425	386304
17644865332	672891	11	8	671418	11563872	2029081	9534791	1773705912	386304
17645098310	672891	13	8	671418	11564043	2029103	9534940	1773714697	386304
