bytes_written	total_items	curr_connections	threads	cmd_set	cmd_get	get_misses	get_hits	bytes_read
17197379096	690998	18	8	693132	10683247	2043875	8639372	2210374992	365882
17197758721	690998	15	8	693132	10683465	2043899	8639566	2210396710	365882
17198064921	691001	17	8	693135	10683666	2043928	8639738	2210418038	365879
17198534841	691001	13	8	693135	10683894	2043961	8639933	2210440608	365879
17198877834	691002	15	8	693136	10684106	2043988	8640118	2210462180	365878
17199156033	691002	12	8	693136	10684316	2044023	8640293	2210483407	365878
17199608846	691002	14	8	693136	10684543	2044056	8640487	2210506193	365878
17200013298	691002	14	8	693136	10684764	2044088	8640676	2210527807	365878
17200258704	691002	16	8	693136	10684976	2044118	8640858	2210550149	365878
17200730611	691002	15	8	693136	10685197	2044156	8641041	2210572098	365878
17200993057	691002	16	8	693136	10685422	2044192	8641230	2210594632	365878
17201339128	691002	17	8	693136	10685656	2044228	8641428	2210617697	365878
17201700993	691002	17	8	693136	10685866	2044252	8641614	2210638992	365878
17202218253	691002	16	8	693136	10686100	2044296	8641804	2210662354	365878
17202549046	691002	14	8	693136	10686317	2044333	8641984	2210684234	365878
17202907222	691002	10	8	693136	10686550	2044379	8642171	2210707106	365878
17203220616	691002	16	8	693136	10686770	2044409	8642361	2210729071	365878
17203533001	691002	13	8	693136	10686987	2044444	8642543	2210751002	365878
17204022334	691002	15	8	693136	10687212	2044465	8642747	2210773442	365878
17204568918	691002	17	8	693136	10687434	2044498	8642936	2210795099	365878
17205020799	691002	17	8	693136	10687675	2044535	8643140	2210818543	365878
17205398907	691002	19	8	693136	10687893	2044560	8643333	2210840877	365878
17205675230	691002	16	8	693136	10688127	2044605	8643522	2210863891	365878
17206150819	691002	14	8	693136	10688351	2044636	8643715	2210886195	365878
17206429995	691002	14	8	693136	10688570	2044669	8643901	2210908495	365878
17206828754	691002	18	8	693136	10688795	2044707	8644088	2210930948	365878
17207370369	691002	16	8	693136	10689023	2044743	8644280	2210953457	365878
17207723047	691002	15	8	693136	10689232	2044769	8644463	2210974548	365878
17208086528	691002	14	8	693136	10689450	2044803	8644647	2210996956	365878
17208465857	691002	14	8	693136	10689676	2044835	8644841	2211018911	365878
17208941627	691003	15	8	693137	10689900	2044858	8645042	2211041500	365877
17209402808	691003	13	8	693137	10690125	2044890	8645235	2211063639	365877
17209839766	691003	15	8	693137	10690365	2044932	8645433	2211086580	365877
17210241119	691003	16	8	693137	10690594	2044965	8645629	2211109182	365877
17210606873	691003	16	8	693137	10690822	2045001	8645821	2211131986	365877
17210940777	691003	14	8	693137	10691055	2045040	8646015	2211154713	365877
17211338612	691003	16	8	693137	10691289	2045082	8646207	2211177460	365877
17211882307	691003	12	8	693137	10691508	2045109	8646399	2211199950	365877
17212297712	691003	13	8	693137	10691735	2045148	8646587	2211222337	365877
17212631159	691003	14	8	693137	10691950	2045184	8646766	2211244324	365877
17213088883	691003	14	8	693137	10692175	2045216	8646959	2211266879	365877
17213439843	691003	16	8	693137	10692408	2045253	8647155	2211289508	365877
17213905462	691003	15	8	693137	10692635	2045288	8647347	2211312153	365877
17214265710	691003	18	8	693137	10692863	2045321	8647542	2211334230	365877
17214611276	691003	17	8	693137	10693083	2045359	8647724	2211356666	365877
17215039769	691003	18	8	693137	10693304	2045393	8647911	2211379003	365877
17215470715	691003	18	8	693137	10693526	2045427	8648099	2211401467	365877
17215923548	691003	15	8	693137	10693748	2045461	8648287	2211423873	365877
17216109488	691003	13	8	693137	10693969	2045496	8648473	2211446082	365877
17216419416	691003	12	8	693137	10694195	2045532	8648663	2211468532	365877
17216829072	691003	14	8	693137	10694411	2045566	8648845	2211490394	365877
17217180438	691003	12	8	693137	10694622	2045595	8649027	2211511873	365877
17217490808	691003	12	8	693137	10694855	2045627	8649228	2211534775	365877
17217939089	691003	17	8	693137	10695072	2045660	8649412	2211556335	365877
17218263649	691003	15	8	693137	10695298	2045695	8649603	2211578681	365877
17218625503	691003	17	8	693137	10695521	2045729	8649792	2211600797	365877
17219061206	691003	17	8	693137	10695749	2045770	8649979	2211623764	365877
17219429598	691003	15	8	693137	10695975	2045795	8650180	2211646202	365877
17219753187	691003	18	8	693137	10696198	2045836	8650362	2211668381	365877
17220012844	691003	16	8	693137	10696409	2045868	8650541	2211690323	365877
17220485657	691003	15	8	693137	10696644	2045909	8650735	2211713373	365877
17220698389	691003	11	8	693137	10696843	2045943	8650900	2211734519	365877
17221037252	691003	14	8	693137	10697063	2045978	8651085	2211756781	365877
17221403929	691003	14	8	693137	10697285	2046014	8651271	2211778705	365877
17221755979	691003	15	8	693137	10697508	2046053	8651455	2211801410	365877
17222156246	691003	19	8	693137	10697744	2046088	8651656	2211824097	365877
17222572538	691003	16	8	693137	10697963	2046121	8651842	2211846426	365877
17223040275	691003	16	8	693137	10698189	2046161	8652028	2211868984	365877
17223433458	691003	16	8	693137	10698409	2046194	8652215	2211891161	365877
17223837464	691003	15	8	693137	10698627	2046217	8652410	2211913177	365877
17224167582	691003	16	8	693137	10698847	2046249	8652598	2211935168	365877
17224507756	691003	13	8	693137	10699087	2046288	8652799	2211958487	365877
17224801545	691003	16	8	693137	10699311	2046317	8652994	2211980579	365877
17225137738	691003	14	8	693137	10699535	2046356	8653179	2212003282	365877
17225439273	691003	16	8	693137	10699763	2046394	8653369	2212025843	365877
17225895112	691003	13	8	693137	10699976	2046422	8653554	2212047367	365877
17226258601	691003	15	8	693137	10700214	2046458	8653756	2212070513	365877
17226588786	691003	17	8	693137	10700434	2046491	8653943	2212092327	365877
17226948997	691003	14	8	693137	10700644	2046520	8654124	2212114148	365877
17227479516	691003	17	8	693137	10700877	2046555	8654322	2212136952	365877
17227725285	691003	14	8	693137	10701090	2046587	8654503	2212158550	365877
17228235062	691003	16	8	693137	10701319	2046626	8654693	2212181254	365877
17228685043	691003	14	8	693137	10701540	2046663	8654877	2212203563	365877
17229011335	691003	12	8	693137	10701749	2046701	8655048	2212225417	365877
17229315688	691003	15	8	693137	10701978	2046735	8655243	2212247784	365877
17229587586	691003	17	8	693137	10702200	2046762	8655438	2212269984	365877
17229944461	691003	15	8	693137	10702414	2046795	8655619	2212292097	365877
17230289809	691003	16	8	693137	10702636	2046823	8655813	2212314302	365877
17230618778	691003	16	8	693137	10702856	2046852	8656004	2212336510	365877
17231022353	691003	16	8	693137	10703080	2046887	8656193	2212358893	365877
17231553556	691003	16	8	693137	10703307	2046916	8656391	2212380910	365877
17231926716	691003	13	8	693137	10703535	2046951	8656584	2212403162	365877
17232475814	691003	15	8	693137	10703772	2046986	8656786	2212425854	365877
17232758166	691003	13	8	693137	10703977	2047013	8656964	2212447121	365877
17233219191	691003	14	8	693137	10704195	2047038	8657157	2212469278	365877
17233787827	691003	16	8	693137	10704412	2047059	8657353	2212491011	365877
17234165808	691003	16	8	693137	10704640	2047103	8657537	2212513593	365877
17234566614	691003	18	8	693137	10704864	2047139	8657725	2212536528	365877
17234875457	691003	17	8	693137	10705096	2047181	8657915	2212559197	365877
17235238943	691003	16	8	693137	10705323	2047213	8658110	2212582213	365877
17235853506	691003	16	8	693137	10705542	2047241	8658301	2212603718	365877
17236218417	691003	14	8	693137	10705771	2047283	8658488	2212626617	365877
17236582534	691004	14	8	693138	10705996	2047316	8658680	2212648922	365876
17237053418	691005	13	8	693139	10706210	2047348	8658862	2212670874	365875
17237496410	691006	14	8	693140	10706465	2047383	8659082	2212739131	365874
17237881752	691006	14	8	693140	10706688	2047422	8659266	2212761199	365874
17238284502	691006	16	8	693140	10706906	2047457	8659449	2212783073	365874
17238563352	691006	15	8	693140	10707148	2047490	8659658	2212806109	365874
17238831057	691006	15	8	693140	10707363	2047520	8659843	2212828273	365874
17239295213	691006	16	8	693140	10707588	2047551	8660037	2212850202	365874
17239661693	691006	15	8	693140	10707815	2047581	8660234	2212872647	365874
17240126092	691006	17	8	693140	10708041	2047616	8660425	2212894887	365874
17240736770	691006	14	8	693140	10708275	2047653	8660622	2212917935	365874
17241189688	691006	15	8	693140	10708494	2047680	8660814	2212939895	365874
17241497010	691006	17	8	693140	10708718	2047710	8661008	2212961608	365874
17241857769	691006	15	8	693140	10708951	2047747	8661204	2212984772	365874
17242167077	691006	18	8	693140	10709177	2047784	8661393	2213007488	365874
17242586867	691006	14	8	693140	10709396	2047818	8661578	2213030067	365874
17242933898	691006	16	8	693140	10709615	2047850	8661765	2213051780	365874
17243213465	691006	14	8	693140	10709821	2047879	8661942	2213073106	365874
17243620641	691006	15	8	693140	10710042	2047914	8662128	2213095298	365874
17243941142	691006	15	8	693140	10710243	2047940	8662303	2213116017	365874
17244329677	691006	15	8	693140	10710478	2047982	8662496	2213138700	365874
17244650357	691006	15	8	693140	10710706	2048020	8662686	2213161268	365874
17244890095	691006	16	8	693140	10710915	2048050	8662865	2213183107	365874
17245262079	691006	16	8	693140	10711142	2048080	8663062	2213204892	365874
17245868086	691007	17	8	693141	10711380	2048119	8663261	2213229740	365874
17246148494	691007	16	8	693141	10711609	2048159	8663450	2213252481	365874
17246607510	691007	13	8	693141	10711822	2048185	8663637	2213274335	365874
17246918012	691007	14	8	693141	10712051	2048211	8663840	2213296868	365874
17247190691	691007	15	8	693141	10712272	2048247	8664025	2213318835	365874
17247422934	691009	14	8	693143	10712489	2048288	8664201	2213341528	365873
17247695129	691009	16	8	693143	10712711	2048320	8664391	2213363189	365873
17248075841	691009	15	8	693143	10712935	2048360	8664575	2213385757	365873
17248416530	691009	15	8	693143	10713157	2048389	8664768	2213407479	365873
17248803380	691009	15	8	693143	10713383	2048422	8664961	2213430128	365873
17249037713	691009	16	8	693143	10713604	2048457	8665147	2213452085	365873
17249371215	691009	13	8	693143	10713828	2048493	8665335	2213474572	365873
17249766800	691009	16	8	693143	10714055	2048522	8665533	2213497157	365873
17250057190	691009	15	8	693143	10714280	2048557	8665723	2213519428	365873
17250687407	691009	18	8	693143	10714522	2048590	8665932	2213542555	365873
17251071312	691009	16	8	693143	10714732	2048622	8666110	2213564377	365873
17251336413	691009	15	8	693143	10714957	2048655	8666302	2213586921	365873
17251837779	691009	18	8	693143	10715183	2048688	8666495	2213609578	365873
17252433755	691009	13	8	693143	10715399	2048708	8666691	2213630811	365873
17252950527	691009	12	8	693143	10715627	2048748	8666879	2213653370	365873
17253390899	691009	13	8	693143	10715805	2048766	8667039	2213671968	365873
17253671156	691009	12	8	693143	10716014	2048796	8667218	2213692903	365873
17253908391	691009	16	8	693143	10716206	2048823	8667383	2213712109	365873
17254215697	691009	15	8	693143	10716405	2048851	8667554	2213732927	365873
17254590946	691011	18	8	693145	10716622	2048894	8667728	2213772575	365873
17255022829	691011	14	8	693145	10716836	2048924	8667912	2213793898	365873
17255454055	691011	16	8	693145	10717047	2048959	8668088	2213814583	365873
17255716940	691011	14	8	693145	10717235	2048984	8668251	2213834171	365873
17256045294	691011	14	8	693145	10717453	2049019	8668434	2213855517	365873
17256389830	691012	14	8	693146	10717658	2049045	8668613	2213875587	365872
17256727118	691012	13	8	693146	10717864	2049074	8668790	2213896412	365872
17257076770	691012	15	8	693146	10718058	2049106	8668952	2213916650	365872
17257376816	691012	13	8	693146	10718264	2049137	8669127	2213936957	365872
17257708699	691012	17	8	693146	10718479	2049168	8669311	2213958311	365872
17258117950	691012	14	8	693146	10718688	2049202	8669486	2213978855	365872
17258424215	691012	15	8	693146	10718910	2049249	8669661	2214000821	365872
17258668498	691012	13	8	693146	10719117	2049286	8669831	2214021345	365872
17258953634	691012	14	8	693146	10719323	2049319	8670004	2214042057	365872
17259201535	691012	17	8	693146	10719513	2049347	8670166	2214061800	365872
17259587332	691012	13	8	693146	10719721	2049381	8670340	2214082228	365872
17259925516	691012	16	8	693146	10719928	2049412	8670516	2214102905	365872
17260165490	691012	14	8	693146	10720118	2049439	8670679	2214122457	365872
17260578337	691012	18	8	693146	10720331	2049469	8670862	2214143397	365872
17260884116	691012	15	8	693146	10720544	2049501	8671043	2214164463	365872
17261211862	691012	15	8	693146	10720752	2049536	8671216	2214185403	365872
17261465044	691012	18	8	693146	10720953	2049563	8671390	2214205659	365872
17261714502	691012	17	8	693146	10721153	2049596	8671557	2214226431	365872
17261993977	691012	15	8	693146	10721359	2049626	8671733	2214247023	365872
17262288250	691012	15	8	693146	10721547	2049645	8671902	2214266473	365872
17262681328	691012	12	8	693146	10721753	2049678	8672075	2214286985	365872
17262934335	691012	15	8	693146	10721954	2049702	8672252	2214307076	365872
17263228266	691012	14	8	693146	10722146	2049730	8672416	2214327191	365872
17263484464	691012	15	8	693146	10722351	2049765	8672586	2214347891	365872
17263922730	691012	16	8	693146	10722563	2049798	8672765	2214368409	365872
17264328549	691012	18	8	693146	10722772	2049828	8672944	2214389589	365872
17264645291	691012	17	8	693146	10722981	2049859	8673122	2214410179	365872
17265082633	691012	13	8	693146	10723197	2049899	8673298	2214431559	365872
17265634137	691012	14	8	693146	10723410	2049929	8673481	2214452022	365872
17266032996	691012	14	8	693146	10723614	2049969	8673645	2214472427	365872
17266223870	691012	11	8	693146	10723802	2050000	8673802	2214492250	365872
17266648574	691012	15	8	693146	10724003	2050030	8673973	2214512318	365872
17267069240	691013	15	8	693147	10724213	2050063	8674150	2214533354	365871
17267676825	691013	17	8	693147	10724443	2050102	8674341	2214555078	365871
17267969425	691013	18	8	693147	10724653	2050128	8674525	2214575733	365871
17268444957	691013	17	8	693147	10724857	2050161	8674696	2214596824	365871
17268726097	691013	14	8	693147	10725066	2050195	8674871	2214617734	365871
17269112278	691013	16	8	693147	10725285	2050229	8675056	2214638798	365871
17269404512	691013	16	8	693147	10725484	2050260	8675224	2214659044	365871
17269736423	691013	12	8	693147	10725687	2050287	8675400	2214679504	365871
17270174052	691013	12	8	693147	10725885	2050315	8675570	2214699300	365871
17270468204	691013	13	8	693147	10726093	2050350	8675743	2214720198	365871
17270831726	691013	12	8	693147	10726298	2050387	8675911	2214740540	365871
17271143410	691013	16	8	693147	10726505	2050417	8676088	2214760983	365871
17271624965	691013	18	8	693147	10726726	2050447	8676279	2214782296	365871
17271956147	691013	17	8	693147	10726940	2050482	8676458	2214803366	365871
17272325119	691013	16	8	693147	10727150	2050511	8676639	2214824610	365871
17272734556	691013	18	8	693147	10727343	2050533	8676810	2214844424	365871
17273124782	691013	17	8	693147	10727545	2050563	8676982	2214864345	365871
17273531894	691013	15	8	693147	10727750	2050595	8677155	2214885349	365871
17274065604	691013	13	8	693147	10727961	2050629	8677332	2214905897	365871
17274404049	691013	15	8	693147	10728167	2050660	8677507	2214926263	365871
17274710196	691013	14	8	693147	10728362	2050684	8677678	2214945970	365871
17274967359	691013	13	8	693147	10728562	2050717	8677845	2214966361	365871
17275241411	691013	15	8	693147	10728765	2050747	8678018	2214986939	365871
17275521998	691013	16	8	693147	10728972	2050780	8678192	2215007527	365871
17275877848	691013	13	8	693147	10729166	2050807	8678359	2215027337	365871
17276376510	691013	16	8	693147	10729375	2050835	8678540	2215048036	365871
17276758013	691013	18	8	693147	10729588	2050867	8678721	2215068995	365871
17277053566	691013	15	8	693147	10729797	2050899	8678898	2215089618	365871
17277387897	691013	14	8	693147	10729986	2050928	8679058	2215109516	365871
17277754193	691013	15	8	693147	10730197	2050957	8679240	2215130213	365871
17278140239	691013	15	8	693147	10730390	2050984	8679406	2215150232	365871
17278472233	691013	14	8	693147	10730579	2051012	8679567	2215170009	365871
17278791606	691013	13	8	693147	10730769	2051036	8679733	2215189599	365871
17279066238	691013	14	8	693147	10730976	2051073	8679903	2215210231	365871
17279290455	691013	16	8	693147	10731175	2051102	8680073	2215230644	365871
17279567099	691013	13	8	693147	10731376	2051129	8680247	2215250766	365871
17279855125	691013	14	8	693147	10731585	2051160	8680425	2215271472	365871
17280389936	691013	14	8	693147	10731790	2051197	8680593	2215292173	365871
17280787332	691013	14	8	693147	10732006	2051230	8680776	2215313224	365871
17281145662	691013	14	8	693147	10732212	2051264	8680948	2215333873	365871
17281414719	691013	12	8	693147	10732404	2051292	8681112	2215353454	365871
17282009880	691013	13	8	693147	10732614	2051316	8681298	2215374028	365871
17282354270	691013	16	8	693147	10732805	2051340	8681465	2215393316	365871
17282727366	691013	14	8	693147	10733004	2051369	8681635	2215413832	365871
17283101771	691013	16	8	693147	10733209	2051397	8681812	2215434600	365871
17283438635	691013	18	8	693147	10733414	2051425	8681989	2215454680	365871
17283885720	691013	17	8	693147	10733620	2051448	8682172	2215475513	365871
17284173443	691014	18	8	693148	10733827	2051477	8682350	2215496392	365870
17284615351	691014	14	8	693148	10734027	2051506	8682521	2215516685	365870
17284961887	691014	14	8	693148	10734238	2051540	8682698	2215537316	365870
17285354135	691015	14	8	693149	10734455	2051576	8682879	2215558438	365869
17285678365	691015	14	8	693149	10734657	2051599	8683058	2215578644	365869
17285912153	691015	13	8	693149	10734854	2051627	8683227	2215598587	365869
17286206880	691015	15	8	693149	10735056	2051655	8683401	2215619090	365869
17286577998	691015	14	8	693149	10735261	2051679	8683582	2215639361	365869
17286875148	691015	16	8	693149	10735464	2051710	8683754	2215659792	365869
17287236270	691015	17	8	693149	10735670	2051739	8683931	2215680398	365869
17287563852	691015	16	8	693149	10735867	2051768	8684099	2215700489	365869
17287987877	691015	15	8	693149	10736062	2051796	8684266	2215720922	365869
17288332426	691015	17	8	693149	10736276	2051826	8684450	2215741803	365869
17288606491	691015	14	8	693149	10736485	2051858	8684627	2215762813	365869
17288903304	691015	15	8	693149	10736701	2051890	8684811	2215783798	365869
17289252393	691015	12	8	693149	10736902	2051920	8684982	2215803803	365869
17289454210	691015	11	8	693149	10737103	2051955	8685148	2215824166	365869
17289762853	691015	14	8	693149	10737307	2051981	8685326	2215844146	365869
17290153814	691015	16	8	693149	10737515	2052013	8685502	2215864948	365869
17290470640	691015	17	8	693149	10737712	2052043	8685669	2215885089	365869
17290729178	691015	14	8	693149	10737918	2052073	8685845	2215905892	365869
17291013207	691015	14	8	693149	10738130	2052109	8686021	2215926825	365869
17291438586	691015	14	8	693149	10738338	2052137	8686201	2215947440	365869
17291727111	691015	18	8	693149	10738540	2052166	8686374	2215967688	365869
17292163277	691015	18	8	693149	10738748	2052201	8686547	2215988297	365869
17292624154	691015	16	8	693149	10738953	2052234	8686719	2216008837	365869
17292947794	691015	16	8	693149	10739167	2052266	8686901	2216030071	365869
17293407293	691015	14	8	693149	10739364	2052295	8687069	2216049858	365869
17293745255	691015	15	8	693149	10739564	2052322	8687242	2216070241	365869
17294103024	691015	14	8	693149	10739768	2052358	8687410	2216090441	365869
17294649540	691015	15	8	693149	10739979	2052390	8687589	2216111027	365869
17295143494	691015	13	8	693149	10740177	2052420	8687757	2216131072	365869
17295344368	691015	15	8	693149	10740378	2052454	8687924	2216151651	365869
17295547835	691015	15	8	693149	10740585	2052480	8688105	2216171802	365869
17295772086	691015	16	8	693149	10740794	2052522	8688272	2216193558	365869
17296055118	691015	17	8	693149	10740997	2052558	8688439	2216213940	365869
17296509082	691015	15	8	693149	10741210	2052597	8688613	2216235264	365869
17296913363	691015	18	8	693149	10741422	2052630	8688792	2216255813	365869
17297352482	691015	13	8	693149	10741632	2052660	8688972	2216276435	365869
17297557539	691015	16	8	693149	10741833	2052698	8689135	2216296752	365869
17298048818	691015	13	8	693149	10742025	2052722	8689303	2216316732	365869
17298485397	691015	15	8	693149	10742237	2052746	8689491	2216337154	365869
17298852561	691015	14	8	693149	10742436	2052774	8689662	2216357292	365869
17299394842	691015	12	8	693149	10742637	2052803	8689834	2216377467	365869
17299745606	691015	17	8	693149	10742832	2052832	8690000	2216397779	365869
17300217039	691015	14	8	693149	10743039	2052860	8690179	2216418231	365869
17300538918	691015	16	8	693149	10743246	2052889	8690357	2216439269	365869
17301049543	691015	16	8	693149	10743450	2052920	8690530	2216459719	365869
17301440906	691015	16	8	693149	10743661	2052953	8690708	2216480822	365869
17301921109	691015	16	8	693149	10743872	2052975	8690897	2216501544	365869
17302320621	691015	13	8	693149	10744093	2053011	8691082	2216522702	365869
17302537063	691015	15	8	693149	10744292	2053044	8691248	2216542932	365869
17302895058	691015	14	8	693149	10744492	2053072	8691420	2216563055	365869
17303212601	691015	15	8	693149	10744707	2053107	8691600	2216584315	365869
17303709283	691015	14	8	693149	10744929	2053151	8691778	2216605819	365869
17304168596	691015	15	8	693149	10745131	2053180	8691951	2216626452	365869
17304524956	691015	13	8	693149	10745337	2053212	8692125	2216646818	365869
17304932779	691015	16	8	693149	10745555	2053248	8692307	2216668214	365869
17305261534	691015	14	8	693149	10745745	2053273	8692472	2216688007	365869
17305622890	691015	12	8	693149	10745934	2053300	8692634	2216707993	365869
17305971421	691015	15	8	693149	10746149	2053331	8692818	2216729180	365869
17306431530	691015	13	8	693149	10746357	2053366	8692991	2216749594	365869
17306680413	691015	13	8	693149	10746556	2053400	8693156	2216769998	365869
17307088427	691015	17	8	693149	10746761	2053437	8693324	2216790047	365869
17307590445	691015	14	8	693149	10746966	2053464	8693502	2216810950	365869
17307867617	691015	17	8	693149	10747178	2053497	8693681	2216831847	365869
17308159395	691015	16	8	693149	10747398	2053535	8693863	2216853179	365869
17308491799	691015	15	8	693149	10747588	2053559	8694029	2216873380	365869
17308895229	691015	16	8	693149	10747797	2053592	8694205	2216893918	365869
17309337188	691015	12	8	693149	10747989	2053625	8694364	2216913783	365869
17309760969	691015	14	8	693149	10748213	2053663	8694550	2216935028	365869
17310375447	691015	14	8	693149	10748429	2053691	8694738	2216955878	365869
17310703183	691015	14	8	693149	10748619	2053716	8694903	2216975855	365869
17311079494	691015	16	8	693149	10748825	2053744	8695081	2216996096	365869
17311586852	691015	13	8	693149	10749020	2053768	8695252	2217016019	365869
17312024321	691015	15	8	693149	10749234	2053801	8695433	2217036880	365869
17312338773	691015	14	8	693149	10749427	2053828	8695599	2217056806	365869
17312649698	691015	14	8	693149	10749625	2053853	8695772	2217077157	365869
17313088030	691015	17	8	693149	10749829	2053884	8695945	2217097687	365869
17313356951	691015	16	8	693149	10750029	2053910	8696119	2217118002	365869
17313699488	691015	17	8	693149	10750243	2053946	8696297	2217139245	365869
17314029412	691015	13	8	693149	10750441	2053981	8696460	2217159620	365869
17314415344	691015	16	8	693149	10750662	2054015	8696647	2217180615	365869
17314687715	691015	13	8	693149	10750854	2054045	8696809	2217200630	365869
17315006488	691015	10	8	693149	10751063	2054079	8696984	2217221414	365869
17315217484	691015	14	8	693149	10751259	2054110	8697149	2217241387	365869
17315614761	691015	13	8	693149	10751462	2054141	8697321	2217261465	365869
17316018702	691015	16	8	693149	10751664	2054171	8697493	2217282046	365869
17316244173	691015	14	8	693149	10751856	2054191	8697665	2217301774	365869
17316520077	691015	17	8	693149	10752070	2054225	8697845	2217323295	365869
17316854471	691015	15	8	693149	10752273	2054261	8698012	2217343680	365869
17317273558	691015	14	8	693149	10752481	2054289	8698192	2217364459	365869
17317579038	691015	14	8	693149	10752687	2054316	8698371	2217384933	365869
17318061599	691015	13	8	693149	10752897	2054350	8698547	2217405477	365869
17318526202	691015	13	8	693149	10753106	2054385	8698721	2217426295	365869
17318900277	691015	16	8	693149	10753318	2054420	8698898	2217447074	365869
17319191416	691015	14	8	693149	10753512	2054447	8699065	2217467437	365869
17319517893	691015	14	8	693149	10753725	2054478	8699247	2217488466	365869
17319930548	691015	15	8	693149	10753944	2054511	8699433	2217509302	365869
17320271376	691015	15	8	693149	10754151	2054543	8699608	2217529968	365869
17320668729	691015	14	8	693149	10754354	2054570	8699784	2217550358	365869
17320957690	691015	15	8	693149	10754558	2054599	8699959	2217571021	365869
17321466090	691015	14	8	693149	10754762	2054633	8700129	2217591171	365869
17321900670	691015	14	8	693149	10754968	2054665	8700303	2217611665	365869
17322584170	691015	16	8	693149	10755175	2054693	8700482	2217632180	365869
17322919027	691015	15	8	693149	10755377	2054725	8700652	2217652515	365869
17323216214	691015	16	8	693149	10755587	2054766	8700821	2217673140	365869
17323593996	691015	16	8	693149	10755799	2054805	8700994	2217694210	365869
17323789065	691015	15	8	693149	10755993	2054830	8701163	2217714018	365869
17324011040	691015	16	8	693149	10756192	2054856	8701336	2217734442	365869
17324560802	691015	14	8	693149	10756397	2054886	8701511	2217754627	365869
17324867386	691015	16	8	693149	10756609	2054916	8701693	2217775457	365869
17325337434	691015	16	8	693149	10756823	2054949	8701874	2217796519	365869
17325727631	691015	16	8	693149	10757011	2054969	8702042	2217815985	365869
17325972655	691015	15	8	693149	10757216	2055003	8702213	2217836239	365869
17326386554	691015	12	8	693149	10757421	2055039	8702382	2217856630	365869
17326769875	691015	14	8	693149	10757624	2055070	8702554	2217876733	365869
17327011059	691015	14	8	693149	10757833	2055109	8702724	2217897539	365869
17327413759	691015	15	8	693149	10758044	2055141	8702903	2217918199	365869
17327920955	691015	17	8	693149	10758252	2055176	8703076	2217939036	365869
17328390309	691015	14	8	693149	10758461	2055206	8703255	2217959525	365869
17328837297	691015	14	8	693149	10758682	2055241	8703441	2217981309	365869
17329188133	691015	16	8	693149	10758886	2055272	8703614	2218001161	365869
17329443862	691015	15	8	693149	10759084	2055301	8703783	2218021668	365869
17329952749	691015	18	8	693149	10759290	2055330	8703960	2218041906	365869
17330206721	691015	15	8	693149	10759480	2055355	8704125	2218061923	365869
17330635702	691015	16	8	693149	10759688	2055383	8704305	2218082277	365869
17331058085	691018	12	8	693152	10759906	2055422	8704484	2218103979	365866
17331468312	691018	17	8	693152	10760110	2055449	8704661	2218124287	365866
17331826771	691018	14	8	693152	10760305	2055476	8704829	2218144196	365866
17332089958	691018	15	8	693152	10760506	2055501	8705005	2218164296	365866
17332465956	691018	14	8	693152	10760710	2055532	8705178	2218184733	365866
17332918927	691018	16	8	693152	10760919	2055559	8705360	2218205487	365866
17333179539	691018	15	8	693152	10761131	2055597	8705534	2218226540	365866
17333577399	691018	16	8	693152	10761328	2055624	8705704	2218246746	365866
17333878589	691018	15	8	693152	10761536	2055653	8705883	2218267516	365866
17334142534	691018	17	8	693152	10761755	2055691	8706064	2218288505	365866
17334531674	691018	17	8	693152	10761969	2055722	8706247	2218309694	365866
17334853348	691018	16	8	693152	10762181	2055759	8706422	2218330485	365866
17335239459	691018	12	8	693152	10762381	2055784	8706597	2218350563	365866
17335397425	691018	12	8	693152	10762571	2055809	8706762	2218370427	365866
17335653583	691018	14	8	693152	10762777	2055845	8706932	2218391070	365866
17336071155	691018	15	8	693152	10762993	2055875	8707118	2218411793	365866
17336525106	691018	15	8	693152	10763205	2055903	8707302	2218432829	365866
17336888147	691018	15	8	693152	10763406	2055931	8707475	2218453105	365866
17337188338	691018	18	8	693152	10763605	2055957	8707648	2218473637	365866
17337439908	691018	14	8	693152	10763803	2055993	8707810	2218493682	365866
17337617219	691018	13	8	693152	10764006	2056026	8707980	2218514606	365866
17338011580	691018	13	8	693152	10764200	2056054	8708146	2218533997	365866
17338218680	691018	12	8	693152	10764411	2056087	8708324	2218554831	365866
17338569497	691019	14	8	693153	10764599	2056116	8708483	2218586102	365865
17339036944	691019	12	8	693153	10764794	2056145	8708649	2218606393	365865
17339433532	691019	14	8	693153	10765002	2056174	8708828	2218626648	365865
17339871095	691019	15	8	693153	10765210	2056205	8709005	2218647320	365865
17340319066	691019	13	8	693153	10765401	2056232	8709169	2218666384	365865
17340610814	691019	13	8	693153	10765573	2056252	8709321	2218684231	365865
17340995067	691019	16	8	693153	10765757	2056275	8709482	2218702945	365865
17341258278	691019	12	8	693153	10765934	2056302	8709632	2218721255	365865
17341540423	691019	16	8	693153	10766121	2056330	8709791	2218740422	365865
17341748338	691019	12	8	693153	10766293	2056355	8709938	2218758290	365865
17342197977	691019	14	8	693153	10766486	2056385	8710101	2218777390	365865
17342445183	691019	15	8	693153	10766677	2056424	8710253	2218796588	365865
17342810522	691019	14	8	693153	10766860	2056444	8710416	2218815102	365865
17342987357	691019	15	8	693153	10767049	2056475	8710574	2218833985	365865
17343440325	691019	14	8	693153	10767228	2056499	8710729	2218852508	365865
17343781511	691019	14	8	693153	10767412	2056528	8710884	2218871227	365865
17343996773	691019	16	8	693153	10767592	2056557	8711035	2218889437	365865
17344260316	691019	14	8	693153	10767779	2056593	8711186	2218908681	365865
17344760222	691019	14	8	693153	10767970	2056616	8711354	2218927594	365865
17345160921	691019	15	8	693153	10768162	2056647	8711515	2218946841	365865
17345380097	691019	16	8	693153	10768348	2056675	8711673	2218965231	365865
17345723651	691019	15	8	693153	10768544	2056710	8711834	2218984715	365865
17345968086	691019	13	8	693153	10768734	2056740	8711994	2219004022	365865
17346185738	691019	12	8	693153	10768917	2056769	8712148	2219022652	365865
17346468454	691019	14	8	693153	10769099	2056804	8712295	2219040999	365865
17346895619	691019	15	8	693153	10769298	2056834	8712464	2219060094	365865
17347193306	691020	13	8	693154	10769469	2056859	8712610	2219078055	365864
17347597433	691020	15	8	693154	10769662	2056881	8712781	2219097065	365864
17347963001	691020	15	8	693154	10769847	2056907	8712940	2219115432	365864
17348113903	691020	12	8	693154	10770037	2056944	8713093	2219134846	365864
17348464342	691021	16	8	693155	10770233	2056974	8713259	2219153843	365863
17348688279	691021	13	8	693155	10770406	2056998	8713408	2219172075	365863
17348846787	691021	13	8	693155	10770586	2057030	8713556	2219190432	365863
17349336140	691021	13	8	693155	10770764	2057058	8713706	2219208632	365863
17349788726	691021	15	8	693155	10770966	2057087	8713879	2219228105	365863
17350009386	691021	14	8	693155	10771136	2057110	8714026	2219245775	365863
17350306765	691021	16	8	693155	10771329	2057139	8714190	2219264908	365863
17350750924	691021	16	8	693155	10771516	2057167	8714349	2219284228	365863
17350957118	691021	14	8	693155	10771692	2057192	8714500	2219302311	365863
17351229624	691021	13	8	693155	10771868	2057219	8714649	2219320537	365863
17351527617	691021	13	8	693155	10772047	2057243	8714804	2219338768	365863
17351807476	691021	12	8	693155	10772224	2057269	8714955	2219356978	365863
17352089109	691021	12	8	693155	10772410	2057299	8715111	2219375368	365863
17352426609	691021	13	8	693155	10772589	2057326	8715263	2219393583	365863
17352606151	691021	13	8	693155	10772766	2057353	8715413	2219411513	365863
17353062139	691021	15	8	693155	10772960	2057388	8715572	2219430682	365863
17353475274	691021	18	8	693155	10773166	2057420	8715746	2219450676	365863
17353851174	691021	15	8	693155	10773348	2057445	8715903	2219469430	365863
17354152409	691021	15	8	693155	10773533	2057462	8716071	2219487920	365863
17354421661	691021	15	8	693155	10773724	2057492	8716232	2219506657	365863
17354835388	691021	16	8	693155	10773910	2057522	8716388	2219525485	365863
17355125692	691021	14	8	693155	10774094	2057554	8716540	2219544194	365863
17355496754	691021	13	8	693155	10774277	2057579	8716698	2219562757	365863
17355956821	691021	15	8	693155	10774455	2057604	8716851	2219580739	365863
17356186967	691021	14	8	693155	10774642	2057635	8717007	2219599469	365863
17356459830	691021	12	8	693155	10774819	2057660	8717159	2219617478	365863
17356874699	691021	14	8	693155	10775007	2057683	8717324	2219636263	365863
17357245452	691021	13	8	693155	10775188	2057713	8717475	2219654499	365863
17357638071	691021	13	8	693155	10775386	2057744	8717642	2219673919	365863
17358109536	691021	17	8	693155	10775577	2057769	8717808	2219692603	365863
17358454674	691021	15	8	693155	10775756	2057797	8717959	2219711196	365863
17358858317	691022	15	8	693156	10775945	2057824	8718121	2219729687	365862
17359244112	691022	13	8	693156	10776136	2057856	8718280	2219749265	365862
17359459977	691022	16	8	693156	10776324	2057885	8718439	2219767575	365862
17359691904	691022	14	8	693156	10776504	2057914	8718590	2219786466	365862
17360098448	691022	14	8	693156	10776701	2057953	8718748	2219805932	365862
17360385743	691022	15	8	693156	10776881	2057977	8718904	2219824431	365862
17360644881	691022	14	8	693156	10777069	2058010	8719059	2219843211	365862
17360878645	691022	14	8	693156	10777253	2058038	8719215	2219861987	365862
17361143807	691022	16	8	693156	10777433	2058066	8719367	2219880311	365862
17361374786	691022	14	8	693156	10777611	2058094	8719517	2219898969	365862
17361691195	691022	14	8	693156	10777795	2058126	8719669	2219917216	365862
17362183335	691022	12	8	693156	10777977	2058150	8719827	2219935959	365862
17362500701	691022	12	8	693156	10778171	2058183	8719988	2219954746	365862
17362824937	691022	14	8	693156	10778366	2058208	8720158	2219973764	365862
17363144365	691022	16	8	693156	10778544	2058232	8720312	2219992155	365862
17363364665	691022	14	8	693156	10778720	2058258	8720462	2220010436	365862
17363642455	691022	17	8	693156	10778903	2058289	8720614	2220028768	365862
17363962058	691022	17	8	693156	10779080	2058316	8720764	2220047078	365862
17364398056	691022	14	8	693156	10779276	2058349	8720927	2220066306	365862
17364752262	691022	16	8	693156	10779464	2058382	8721082	2220085214	365862
17364970366	691022	14	8	693156	10779642	2058412	8721230	2220103551	365862
17365352019	691022	13	8	693156	10779825	2058439	8721386	2220122157	365862
17365679725	691023	11	8	693157	10780006	2058473	8721533	2220140005	365861
17366031703	691023	16	8	693157	10780213	2058514	8721699	2220160159	365861
17366326369	691023	15	8	693157	10780384	2058536	8721848	2220178088	365861
17366560720	691023	18	8	693157	10780553	2058560	8721993	2220196151	365861
17366888364	691023	14	8	693157	10780743	2058582	8722161	2220215151	365861
17367182549	691023	15	8	693157	10780933	2058608	8722325	2220234243	365861
17367575101	691023	14	8	693157	10781112	2058640	8722472	2220252436	365861
17367795990	691023	14	8	693157	10781301	2058670	8722631	2220271297	365861
17368069767	691024	13	8	693158	10781470	2058700	8722770	2220288635	365860
17368291725	691024	12	8	693158	10781647	2058727	8722920	2220305778	365860
17368583817	691024	14	8	693158	10781806	2058750	8723056	2220322624	365860
17368967545	691024	15	8	693158	10781976	2058779	8723197	2220339406	365860
17369325073	691024	14	8	693158	10782143	2058806	8723337	2220356348	365860
17369735496	691024	15	8	693158	10782317	2058842	8723475	2220373575	365860
17369957083	691024	13	8	693158	10782486	2058870	8723616	2220390510	365860
17370230081	691024	16	8	693158	10782648	2058887	8723761	2220406902	365860
17370535895	691024	12	8	693158	10782799	2058903	8723896	2220423047	365860
17370699631	691024	13	8	693158	10782954	2058927	8724027	2220439788	365860
17370900040	691024	15	8	693158	10783112	2058950	8724162	2220455989	365860
17371350852	691024	13	8	693158	10783273	2058967	8724306	2220472567	365860
17371579118	691024	17	8	693158	10783443	2058996	8724447	2220489433	365860
17372051204	691024	13	8	693158	10783611	2059027	8724584	2220506096	365860
17372346997	691024	13	8	693158	10783781	2059046	8724735	2220523505	365860
17372557437	691024	16	8	693158	10783951	2059072	8724879	2220540474	365860
17372949967	691024	14	8	693158	10784119	2059097	8725022	2220557449	365860
17373163813	691024	15	8	693158	10784287	2059125	8725162	2220574371	365860
17373365505	691024	13	8	693158	10784448	2059148	8725300	2220590842	365860
17373682306	691024	13	8	693158	10784606	2059171	8725435	2220607206	365860
17374167345	691024	13	8	693158	10784778	2059196	8725582	2220623938	365860
17374398281	691024	12	8	693158	10784945	2059225	8725720	2220641354	365860
17374748275	691024	15	8	693158	10785121	2059252	8725869	2220658667	365860
17374975769	691024	14	8	693158	10785292	2059284	8726008	2220675712	365860
17375184468	691024	17	8	693158	10785469	2059309	8726160	2220693455	365860
17375471851	691024	14	8	693158	10785638	2059333	8726305	2220710433	365860
17375733534	691024	12	8	693158	10785816	2059361	8726455	2220727858	365860
17376052068	691024	14	8	693158	10785977	2059385	8726592	2220744112	365860
17376640922	691024	11	8	693158	10786143	2059409	8726734	2220760805	365860
17376829891	691024	15	8	693158	10786309	2059440	8726869	2220777961	365860
17377172475	691024	11	8	693158	10786476	2059468	8727008	2220794388	365860
17377642602	691024	15	8	693158	10786649	2059493	8727156	2220811620	365860
17377845285	691024	13	8	693158	10786816	2059525	8727291	2220828344	365860
17378112630	691024	15	8	693158	10786979	2059551	8727428	2220845575	365860
17378391060	691024	18	8	693158	10787149	2059577	8727572	2220862078	365860
17378702776	691024	14	8	693158	10787304	2059601	8727703	2220878625	365860
17378873869	691024	14	8	693158	10787477	2059630	8727847	2220896181	365860
17379052737	691024	12	8	693158	10787627	2059651	8727976	2220912160	365860
17379353600	691024	10	8	693158	10787790	2059677	8728113	2220929104	365860
17379649877	691024	11	8	693158	10787948	2059701	8728247	2220945307	365860
17379914671	691024	12	8	693158	10788115	2059734	8728381	2220961970	365860
17380156086	691024	14	8	693158	10788283	2059759	8728524	2220978916	365860
17380503552	691024	17	8	693158	10788452	2059787	8728665	2220995710	365860
17380732909	691024	15	8	693158	10788622	2059813	8728809	2221013175	365860
17380908604	691024	15	8	693158	10788796	2059838	8728958	2221030375	365860
17381243651	691024	16	8	693158	10788969	2059862	8729107	2221047600	365860
17381541622	691024	15	8	693158	10789143	2059891	8729252	2221065020	365860
17381770438	691024	10	8	693158	10789295	2059913	8729382	2221081284	365860
17382176022	691024	12	8	693158	10789464	2059940	8729524	2221098332	365860
17382381221	691024	12	8	693158	10789631	2059965	8729666	2221115006	365860
17382665059	691024	13	8	693158	10789793	2059993	8729800	2221131411	365860
17383075008	691024	12	8	693158	10789967	2060020	8729947	2221148877	365860
17383402954	691024	18	8	693158	10790136	2060041	8730095	2221165861	365860
17383727230	691024	15	8	693158	10790297	2060066	8730231	2221182845	365860
17384010781	691024	13	8	693158	10790462	2060097	8730365	2221199650	365860
17384379181	691024	13	8	693158	10790628	2060117	8730511	2221216732	365860
17384695758	691024	12	8	693158	10790787	2060133	8730654	2221233219	365860
17384932629	691024	12	8	693158	10790937	2060151	8730786	2221248981	365860
17385156084	691024	11	8	693158	10791105	2060180	8730925	2221265942	365860
17385438977	691024	14	8	693158	10791266	2060198	8731068	2221282171	365860
17385646395	691024	13	8	693158	10791424	2060223	8731201	2221298748	365860
17385940329	691024	12	8	693158	10791589	2060241	8731348	2221315629	365860
17386325329	691024	14	8	693158	10791767	2060272	8731495	2221333241	365860
17386472136	691024	12	8	693158	10791926	2060297	8731629	2221349759	365860
17386638512	691024	14	8	693158	10792101	2060317	8731784	2221366918	365860
17386911762	691024	13	8	693158	10792264	2060344	8731920	2221383595	365860
17387340588	691024	12	8	693158	10792428	2060360	8732068	2221400201	365860
17387584937	691024	16	8	693158	10792607	2060394	8732213	2221417884	365860
17387894615	691024	17	8	693158	10792780	2060422	8732358	2221434886	365860
17388270031	691024	14	8	693158	10792940	2060443	8732497	2221451590	365860
17388703075	691024	15	8	693158	10793108	2060467	8732641	2221468907	365860
17389044971	691024	13	8	693158	10793282	2060492	8732790	2221486037	365860
17389313631	691024	12	8	693158	10793451	2060517	8732934	2221503091	365860
17389615808	691024	13	8	693158	10793609	2060535	8733074	2221519246	365860
17389934257	691024	11	8	693158	10793772	2060559	8733213	2221535719	365860
17390241605	691024	14	8	693158	10793960	2060594	8733366	2221553976	365860
17390506622	691024	14	8	693158	10794128	2060628	8733500	2221570910	365860
17390822093	691024	13	8	693158	10794308	2060655	8733653	2221588483	365860
17391172739	691024	15	8	693158	10794483	2060685	8733798	2221606004	365860
17391328082	691024	13	8	693158	10794641	2060714	8733927	2221622492	365860
17391818973	691024	15	8	693158	10794830	2060741	8734089	2221640765	365860
17392152376	691024	12	8	693158	10794987	2060765	8734222	2221656636	365860
17392338511	691024	12	8	693158	10795158	2060789	8734369	2221674143	365860
17392590974	691024	14	8	693158	10795319	2060807	8734512	2221690384	365860
17393041715	691024	13	8	693158	10795482	2060832	8734650	2221706962	365860
17393353811	691024	13	8	693158	10795653	2060856	8734797	2221724561	365860
17393750038	691024	15	8	693158	10795825	2060891	8734934	2221741837	365860
17394078769	691024	14	8	693158	10795997	2060916	8735081	2221758820	365860
17394262470	691024	17	8	693158	10796170	2060945	8735225	2221776527	365860
17394433023	691024	13	8	693158	10796331	2060970	8735361	2221792859	365860
17394630261	691024	12	8	693158	10796487	2060992	8735495	2221809271	365860
17395015607	691024	13	8	693158	10796653	2061021	8735632	2221825692	365860
17395235576	691024	13	8	693158	10796824	2061049	8735775	2221843333	365860
17395589137	691024	14	8	693158	10796991	2061071	8735920	2221859887	365860
17395855211	691024	13	8	693158	10797156	2061098	8736058	2221877024	365860
17396172305	691024	17	8	693158	10797338	2061121	8736217	2221894700	365860
17396364706	691024	13	8	693158	10797497	2061142	8736355	2221911298	365860
17396681990	691024	11	8	693158	10797670	2061163	8736507	2221928564	365860
17396981945	691024	14	8	693158	10797834	2061189	8736645	2221945248	365860
17397194198	691024	13	8	693158	10798007	2061219	8736788	2221962536	365860
17397487037	691024	14	8	693158	10798170	2061241	8736929	2221979332	365860
17397741287	691024	15	8	693158	10798332	2061260	8737072	2221995804	365860
17398002812	691025	15	8	693159	10798509	2061295	8737214	2222013761	365859
17398309608	691025	14	8	693159	10798669	2061319	8737350	2222030057	365859
17398581706	691025	14	8	693159	10798828	2061334	8737494	2222046932	365859
17398878694	691025	15	8	693159	10799004	2061371	8737633	2222063783	365859
17399133168	691025	13	8	693159	10799173	2061395	8737778	2222080735	365859
17399332866	691025	15	8	693159	10799343	2061428	8737915	2222098262	365859
17399582109	691025	11	8	693159	10799496	2061444	8738052	2222114031	365859
17399851006	691025	13	8	693159	10799670	2061477	8738193	2222131549	365859
17400149197	691025	12	8	693159	10799827	2061498	8738329	2222148049	365859
17400397712	691025	13	8	693159	10799992	2061524	8738468	2222164470	365859
17400699963	691025	14	8	693159	10800161	2061559	8738602	2222181509	365859
17400918526	691025	16	8	693159	10800316	2061585	8738731	2222198012	365859
17401324895	691025	14	8	693159	10800478	2061601	8738877	2222215083	365859
17401570241	691025	12	8	693159	10800636	2061622	8739014	2222231324	365859
17401683904	691025	12	8	693159	10800792	2061649	8739143	2222247957	365859
17401938414	691025	13	8	693159	10800953	2061676	8739277	2222264612	365859
17402297388	691025	11	8	693159	10801117	2061701	8739416	2222280877	365859
17402543034	691025	12	8	693159	10801299	2061731	8739568	2222298846	365859
17402825390	691025	14	8	693159	10801461	2061754	8739707	2222315683	365859
17403122498	691025	14	8	693159	10801632	2061781	8739851	2222332739	365859
17403340849	691025	17	8	693159	10801791	2061802	8739989	2222349281	365859
17403501876	691025	13	8	693159	10801945	2061826	8740119	2222365745	365859
17403789785	691025	15	8	693159	10802119	2061853	8740266	2222383041	365859
17403978191	691025	13	8	693159	10802277	2061875	8740402	2222399262	365859
17404313920	691025	13	8	693159	10802433	2061890	8740543	2222415379	365859
17404684413	691025	13	8	693159	10802604	2061918	8740686	2222432502	365859
17404971030	691025	12	8	693159	10802784	2061947	8740837	2222450348	365859
17405436379	691025	15	8	693159	10802954	2061976	8740978	2222467204	365859
17405688330	691025	14	8	693159	10803120	2061998	8741122	2222484462	365859
17405837346	691025	14	8	693159	10803280	2062020	8741260	2222500875	365859
17406085248	691025	14	8	693159	10803452	2062045	8741407	2222517810	365859
17406286922	691025	15	8	693159	10803612	2062065	8741547	2222534859	365859
17406697851	691025	14	8	693159	10803771	2062089	8741682	2222551268	365859
17406979813	691025	14	8	693159	10803936	2062114	8741822	2222568141	365859
17407340522	691025	13	8	693159	10804093	2062137	8741956	2222584789	365859
17407676606	691025	14	8	693159	10804267	2062164	8742103	2222601845	365859
17408073714	691025	13	8	693159	10804435	2062185	8742250	2222619096	365859
17408364679	691025	14	8	693159	10804604	2062205	8742399	2222635799	365859
17408705923	691025	13	8	693159	10804770	2062235	8742535	2222652780	365859
17408967585	691025	12	8	693159	10804935	2062259	8742676	2222669655	365859
17409272554	691025	14	8	693159	10805113	2062296	8742817	2222687076	365859
17409596572	691025	15	8	693159	10805284	2062323	8742961	2222703814	365859
17409879422	691025	15	8	693159	10805458	2062354	8743104	2222721340	365859
17410165417	691025	14	8	693159	10805629	2062377	8743252	2222738345	365859
17410459512	691025	13	8	693159	10805800	2062403	8743397	2222755717	365859
17410759611	691025	15	8	693159	10805971	2062432	8743539	2222772872	365859
17411395583	691025	12	8	693159	10806144	2062455	8743689	2222790309	365859
17411756084	691025	13	8	693159	10806314	2062483	8743831	2222807262	365859
17411922673	691025	12	8	693159	10806475	2062512	8743963	2222823949	365859
17412243311	691025	12	8	693159	10806647	2062543	8744104	2222841162	365859
17412507933	691025	14	8	693159	10806823	2062573	8744250	2222858257	365859
17412814047	691025	13	8	693159	10806988	2062596	8744392	2222875552	365859
17413051813	691025	13	8	693159	10807157	2062626	8744531	2222892520	365859
17413404835	691025	12	8	693159	10807323	2062642	8744681	2222909334	365859
17413642027	691025	15	8	693159	10807503	2062675	8744828	2222927059	365859
17413956952	691025	17	8	693159	10807680	2062703	8744977	2222944338	365859
17414166583	691025	12	8	693159	10807838	2062726	8745112	2222960631	365859
17414600961	691025	14	8	693159	10808024	2062754	8745270	2222978463	365859
17414816596	691025	14	8	693159	10808177	2062773	8745404	2222994743	365859
17415022230	691025	14	8	693159	10808334	2062795	8745539	2223011391	365859
17415377944	691025	15	8	693159	10808508	2062818	8745690	2223028466	365859
17415712497	691025	13	8	693159	10808674	2062841	8745833	2223045533	365859
17416014228	691025	15	8	693159	10808840	2062859	8745981	2223062132	365859
17416316389	691025	12	8	693159	10809008	2062882	8746126	2223079125	365859
17416719970	691025	13	8	693159	10809185	2062913	8746272	2223096873	365859
17417019221	691025	16	8	693159	10809363	2062946	8746417	2223114138	365859
17417236798	691025	12	8	693159	10809514	2062963	8746551	2223130412	365859
17417528724	691025	13	8	693159	10809686	2062989	8746697	2223147447	365859
17417796209	691025	13	8	693159	10809855	2063010	8746845	2223164041	365859
17418169042	691025	14	8	693159	10810028	2063034	8746994	2223181452	365859
17418364561	691025	17	8	693159	10810193	2063054	8747139	2223197859	365859
17418605269	691025	13	8	693159	10810363	2063081	8747282	2223215374	365859
17419063948	691025	15	8	693159	10810530	2063109	8747421	2223232194	365859
17419325866	691025	13	8	693159	10810687	2063127	8747560	2223248592	365859
17419657789	691025	13	8	693159	10810857	2063159	8747698	2223266031	365859
17419879300	691025	13	8	693159	10811021	2063180	8747841	2223282382	365859
17420141531	691025	10	8	693159	10811181	2063206	8747975	2223299133	365859
17420557194	691025	16	8	693159	10811353	2063234	8748119	2223316001	365859
17420811234	691025	14	8	693159	10811517	2063259	8748258	2223332757	365859
17420995041	691025	15	8	693159	10811690	2063286	8748404	2223350167	365859
17421338662	691025	15	8	693159	10811855	2063304	8748551	2223366436	365859
17421617294	691025	13	8	693159	10812029	2063335	8748694	2223384186	365859
17421822179	691025	13	8	693159	10812202	2063368	8748834	2223401563	365859
17422069830	691025	12	8	693159	10812366	2063393	8748973	2223418144	365859
17422439264	691025	12	8	693159	10812534	2063422	8749112	2223435261	365859
17422782177	691025	14	8	693159	10812703	2063447	8749256	2223452104	365859
17422980523	691025	13	8	693159	10812859	2063466	8749393	2223468555	365859
17423361378	691025	16	8	693159	10813027	2063494	8749533	2223485898	365859
17423813869	691025	14	8	693159	10813204	2063514	8749690	2223502853	365859
17424174217	691025	13	8	693159	10813379	2063543	8749836	2223520517	365859
17424520830	691026	16	8	693160	10813566	2063578	8749988	2223538103	365857
17424725996	691027	11	8	693161	10813736	2063613	8750123	2223555345	365858
17425052686	691027	13	8	693161	10813898	2063636	8750262	2223572231	365858
17425354777	691027	14	8	693161	10814060	2063659	8750401	2223588494	365858
17425615572	691027	12	8	693161	10814229	2063678	8750551	2223605780	365858
17426023559	691027	15	8	693161	10814409	2063704	8750705	2223623466	365858
17426208830	691027	15	8	693161	10814579	2063732	8750847	2223640305	365858
17426356019	691027	12	8	693161	10814740	2063764	8750976	2223657559	365858
17426569888	691027	14	8	693161	10814893	2063790	8751103	2223673353	365858
17426925641	691027	13	8	693161	10815053	2063815	8751238	2223690054	365858
17427281287	691027	13	8	693161	10815224	2063841	8751383	2223707391	365858
17427695539	691027	15	8	693161	10815405	2063872	8751533	2223724528	365858
17427979102	691027	13	8	693161	10815568	2063902	8751666	2223741586	365858
17428251334	691027	17	8	693161	10815732	2063926	8751806	2223758393	365858
17428593334	691027	14	8	693161	10815907	2063953	8751954	2223775747	365858
17428989232	691027	14	8	693161	10816084	2063985	8752099	2223793471	365858
17429113808	691027	15	8	693161	10816252	2064019	8752233	2223810357	365858
17429380659	691027	11	8	693161	10816409	2064038	8752371	2223826786	365858
17429665648	691027	12	8	693161	10816565	2064064	8752501	2223843090	365858
17430000490	691027	12	8	693161	10816725	2064086	8752639	2223859403	365858
17430359618	691027	12	8	693161	10816892	2064115	8752777	2223876336	365858
17430756693	691027	17	8	693161	10817064	2064140	8752924	2223893495	365858
17431098385	691027	14	8	693161	10817216	2064157	8753059	2223909827	365858
17431386547	691027	15	8	693161	10817397	2064188	8753209	2223927432	365858
17431699246	691027	15	8	693161	10817573	2064216	8753357	2223944852	365858
17432007200	691027	16	8	693161	10817745	2064247	8753498	2223961827	365858
17432296567	691027	13	8	693161	10817910	2064273	8753637	2223978932	365858
17432709800	691027	12	8	693161	10818075	2064295	8753780	2223995701	365858
17433000368	691027	13	8	693161	10818242	2064323	8753919	2224012466	365858
17433320619	691027	11	8	693161	10818401	2064343	8754058	2224028863	365858
17433533063	691027	14	8	693161	10818575	2064376	8754199	2224045775	365858
17433740169	691027	13	8	693161	10818748	2064405	8754343	2224063022	365858
17433955163	691027	15	8	693161	10818929	2064440	8754489	2224080685	365858
17434200011	691027	15	8	693161	10819101	2064470	8754631	2224098197	365858
17434566645	691027	16	8	693161	10819276	2064494	8754782	2224115541	365858
17434791317	691027	14	8	693161	10819442	2064519	8754923	2224132077	365858
17435153352	691027	13	8	693161	10819600	2064543	8755057	2224148901	365858
17435516597	691027	12	8	693161	10819780	2064576	8755204	2224166471	365858
17435691767	691027	13	8	693161	10819929	2064593	8755336	2224182176	365858
17435901219	691027	11	8	693161	10820095	2064621	8755474	2224199059	365858
17436158853	691027	10	8	693161	10820258	2064649	8755609	2224215525	365858
17436539270	691027	11	8	693161	10820419	2064676	8755743	2224232302	365858
17436760645	691027	12	8	693161	10820581	2064709	8755872	2224248843	365858
17436999266	691027	11	8	693161	10820747	2064734	8756013	2224265483	365858
17437308048	691029	12	8	693163	10820914	2064763	8756151	2224282205	365856
17437637188	691029	15	8	693163	10821084	2064786	8756298	2224299176	365856
17437853577	691031	16	8	693165	10821248	2064811	8756437	2224315115	365854
17438158037	691031	15	8	693165	10821425	2064841	8756584	2224333047	365854
17438318415	691031	16	8	693165	10821586	2064865	8756721	2224349574	365854
17438666282	691031	13	8	693165	10821760	2064896	8756864	2224366944	365854
17438883625	691031	14	8	693165	10821909	2064915	8756994	2224382690	365854
17439101215	691031	11	8	693165	10822068	2064936	8757132	2224399370	365854
17439427938	691031	12	8	693165	10822234	2064959	8757275	2224416042	365854
17439617493	691031	12	8	693165	10822387	2064983	8757404	2224431402	365854
17439887345	691034	12	8	693168	10822553	2065010	8757543	2224447762	365851
