0.466666667412
0.476666666567
0.446666666617
0.429999999702
0.456666667014
0.49666666612
0.526666667312
0.476666667809
0.413333332787
0.416666666667
0.426666667064
0.406666666269
0.396666667114
0.423333333184
0.416666666667
0.440000000099
0.456666665773
0.433333333582
0.453333333135
0.443333332737
0.446666666617
0.433333333582
0.399999999752
0.413333332787
0.426666667064
0.416666666667
0.406666667511
0.443333333979
0.420000000546
0.433333333582
0.443333333979
0.47000000005
0.416666666667
0.423333334426
0.603333334128
0.52999999995
0.486666666965
0.520000000795
0.400000000993
0.399999999752
0.396666665872
0.443333333979
0.416666666667
0.483333333085
0.46666666617
0.399999999752
0.426666665822
0.403333333631
0.433333333582
0.390000000596
0.416666666667
0.429999999702
0.403333333631
0.449999999255
0.440000000099
0.43666666622
0.463333333532
0.606666666766
0.523333333433
0.586666667213
0.519999999553
0.46333333229
0.399999999752
0.449999999255
0.420000000546
0.573333332936
0.596666666369
0.656666667511
0.393333333234
0.413333332787
0.49666666612
0.553333333383
0.586666665971
0.463333333532
0.426666667064
0.453333333135
0.49666666612
0.429999999702
0.406666666269
0.43666666622
0.426666665822
0.446666666617
0.440000000099
0.49666666612
0.503333332638
0.460000000894
0.47000000005
0.413333332787
0.440000000099
0.406666666269
0.423333333184
0.453333333135
0.446666666617
0.416666666667
0.446666666617
0.43666666622
0.410000000149
0.450000000497
0.419999999305
0.413333332787
0.413333334029
0.426666667064
0.423333333184
0.43333333234
0.420000000546
0.420000000546
0.456666667014
0.480000000447
0.406666666269
0.46666666617
0.410000000149
0.476666666567
0.453333333135
0.480000000447
0.456666667014
0.440000000099
0.423333333184
0.473333333929
0.476666666567
0.446666666617
0.429999999702
0.443333332737
0.453333333135
0.5
0.543333332986
0.50333333388
0.426666665822
0.493333333482
0.403333333631
0.410000000149
0.409999998907
0.423333333184
0.486666666965
0.46666666617
0.450000000497
0.446666666617
0.519999999553
0.47000000005
0.463333333532
0.446666666617
0.413333332787
0.423333333184
0.410000000149
0.416666666667
0.416666666667
0.46666666617
0.416666666667
0.433333333582
0.479999999205
0.473333332688
0.466666667412
0.453333333135
0.393333333234
0.449999999255
0.446666666617
0.449999999255
0.423333333184
0.406666666269
0.416666666667
0.446666666617
0.49666666612
0.52999999995
0.539999999106
0.5
0.426666665822
0.389999999354
0.440000000099
0.46666666617
0.430000000944
0.443333332737
0.446666666617
0.490000000844
0.489999999603
0.473333333929
0.46666666617
0.476666666567
0.443333332737
0.459999999652
0.440000000099
0.476666666567
0.440000000099
0.393333334476
0.456666667014
0.443333332737
0.456666667014
0.429999999702
0.450000000497
0.460000000894
0.47000000005
0.459999999652
0.436666667461
0.410000000149
0.429999999702
0.416666666667
0.449999999255
0.416666666667
0.426666667064
0.43333333234
0.390000000596
0.420000000546
0.403333333631
0.429999999702
0.413333334029
0.456666667014
0.47000000005
0.406666666269
0.449999999255
0.426666667064
0.50333333388
0.443333333979
0.396666667114
0.439999998858
0.440000000099
0.436666667461
0.476666666567
0.426666667064
0.446666666617
0.443333333979
0.43666666622
0.43666666622
0.396666667114
0.419999999305
0.430000000944
0.43333333234
0.459999999652
0.453333333135
0.460000000894
0.479999999205
0.429999999702
0.460000000894
0.43666666622
0.440000000099
0.433333333582
0.423333333184
0.399999999752
0.416666666667
0.446666666617
0.440000000099
0.463333333532
0.449999999255
0.486666665723
0.476666666567
0.440000000099
0.446666666617
0.466666667412
0.43666666622
0.459999999652
0.43333333234
0.416666666667
0.416666666667
0.410000000149
0.483333333085
0.406666667511
0.426666665822
0.510000000397
0.496666667362
0.546666666865
0.413333332787
0.443333332737
0.453333333135
0.460000000894
0.446666666617
0.416666666667
0.440000000099
0.456666667014
0.480000000447
0.476666666567
0.440000000099
0.459999999652
0.496666667362
0.466666667412
0.420000000546
0.433333333582
0.43666666622
0.429999999702
0.440000000099
0.430000000944
0.406666667511
0.439999998858
0.476666666567
0.460000000894
0.496666667362
0.443333333979
0.489999999603
0.46333333229
0.490000000844
0.463333333532
0.456666665773
0.456666665773
0.453333333135
0.436666667461
0.423333333184
0.476666666567
0.430000000944
0.47000000005
0.433333333582
0.453333333135
0.493333332241
0.43666666622
0.693333332737
0.549999999503
0.420000000546
0.386666666716
0.413333334029
0.413333334029
0.386666666716
0.406666666269
0.393333333234
0.430000000944
0.430000000944
0.423333333184
0.423333333184
0.449999999255
0.426666667064
0.433333333582
0.433333333582
0.420000000546
0.47000000005
0.433333333582
0.440000000099
0.406666666269
0.466666667412
0.429999999702
0.436666667461
0.443333333979
0.443333333979
0.413333332787
0.436666667461
0.453333333135
0.503333332638
0.456666667014
0.466666667412
0.476666666567
0.420000000546
0.420000000546
0.416666666667
0.419999999305
0.426666665822
0.410000000149
0.399999999752
0.450000000497
0.443333333979
0.406666666269
0.440000000099
0.440000000099
0.423333333184
0.46666666617
0.426666667064
0.459999999652
0.463333333532
0.456666667014
0.459999999652
0.443333333979
0.406666666269
0.416666666667
0.429999999702
0.443333333979
0.43666666622
0.413333334029
0.423333333184
0.450000000497
0.446666666617
0.433333333582
0.443333332737
0.476666666567
0.479999999205
0.46666666617
0.43666666622
0.383333332837
0.47000000005
0.423333333184
0.453333333135
0.403333333631
0.423333333184
0.420000000546
0.433333333582
0.47000000005
0.493333333482
0.406666666269
0.399999999752
0.416666666667
0.399999999752
0.490000000844
0.453333333135
0.426666667064
0.496666667362
0.443333333979
0.443333332737
0.46666666617
0.493333333482
0.396666665872
0.486666666965
0.429999999702
0.446666666617
0.446666666617
0.489999999603
0.426666667064
0.429999999702
0.456666667014
0.443333333979
0.396666665872
0.413333334029
0.476666666567
0.493333333482
0.460000000894
0.483333333085
0.46666666617
0.450000000497
0.446666666617
0.443333333979
0.423333333184
0.406666666269
0.506666666518
0.506666666518
0.526666667312
0.450000000497
0.459999999652
0.386666666716
0.396666667114
0.440000000099
0.446666666617
0.43333333234
0.433333333582
0.440000000099
0.526666666071
0.43666666622
0.53333333383
0.43666666622
0.440000000099
0.47000000005
0.413333332787
0.436666667461
0.419999999305
0.420000000546
0.440000000099
0.480000000447
0.396666667114
0.410000000149
0.419999999305
0.419999999305
0.43666666622
0.47000000005
0.450000000497
0.406666666269
0.410000000149
0.43666666622
0.446666666617
0.446666666617
0.443333332737
0.456666667014
0.443333332737
0.459999999652
0.396666667114
0.443333332737
0.486666666965
0.463333333532
0.486666666965
0.426666667064
0.423333333184
0.413333332787
0.406666666269
0.433333333582
0.486666665723
0.423333333184
0.410000000149
0.433333333582
0.440000000099
0.440000000099
0.386666666716
0.426666667064
0.426666667064
0.459999999652
0.426666667064
0.423333333184
0.456666667014
0.513333333035
0.429999999702
0.420000000546
0.440000000099
0.449999999255
0.420000000546
0.413333332787
0.440000000099
0.440000000099
0.449999999255
0.436666667461
0.466666667412
0.416666666667
0.459999999652
0.446666666617
0.43333333234
0.463333333532
0.439999998858
0.576666666816
0.52999999995
0.606666666766
0.513333334277
0.433333333582
0.463333333532
0.566666666418
0.543333334227
0.493333332241
0.453333333135
0.423333333184
0.416666666667
0.440000000099
0.456666667014
0.399999999752
0.410000000149
0.413333332787
0.416666666667
0.413333334029
0.399999999752
0.399999999752
0.420000000546
0.419999999305
0.429999999702
0.443333332737
0.426666665822
0.47000000005
0.406666666269
0.43333333234
0.433333333582
0.430000000944
0.436666667461
0.410000000149
0.423333333184
0.410000000149
0.443333333979
0.423333333184
0.410000000149
0.46666666617
0.456666667014
0.420000000546
0.456666667014
0.483333333085
0.543333332986
0.43666666622
0.429999999702
0.459999999652
0.456666667014
0.440000000099
0.46333333229
0.473333332688
0.463333333532
0.459999999652
0.493333333482
0.5
0.5
0.49666666612
0.510000000397
0.5
0.493333333482
0.406666666269
0.426666667064
0.47000000005
0.453333333135
0.440000000099
0.473333332688
0.423333333184
0.453333333135
0.439999998858
0.386666666716
0.430000000944
0.406666666269
0.429999999702
0.446666666617
0.46333333229
0.420000000546
0.433333333582
0.443333333979
0.443333333979
0.450000000497
0.450000000497
0.423333333184
0.429999999702
0.433333333582
0.423333333184
0.426666667064
0.416666666667
0.426666667064
0.423333333184
0.450000000497
0.43666666622
0.423333333184
0.416666666667
0.456666665773
0.47000000005
0.40333333239
0.480000000447
0.436666667461
0.420000000546
0.449999999255
0.440000000099
0.489999999603
0.426666665822
0.413333334029
0.420000000546
0.456666667014
0.416666666667
0.416666666667
0.429999999702
0.429999999702
0.443333333979
0.443333333979
0.443333333979
0.426666665822
0.450000000497
0.459999999652
0.513333333035
0.459999999652
0.440000000099
0.443333332737
0.399999999752
0.459999999652
0.423333333184
0.416666666667
0.443333333979
0.406666667511
0.459999999652
0.429999999702
0.429999999702
0.443333332737
0.453333333135
0.446666666617
0.450000000497
0.459999999652
0.423333333184
0.456666667014
0.420000000546
0.396666665872
0.403333333631
0.416666666667
0.456666665773
0.43666666622
0.463333333532
0.486666666965
0.459999999652
0.47000000005
0.473333333929
0.490000000844
0.426666665822
0.436666667461
0.456666667014
0.459999999652
0.460000000894
0.456666667014
0.406666667511
0.433333333582
0.479999999205
0.473333333929
0.410000000149
0.396666667114
0.413333332787
0.420000000546
0.476666666567
0.450000000497
0.446666666617
0.463333333532
0.480000000447
0.50333333388
0.489999999603
0.403333333631
0.429999999702
0.459999999652
0.466666667412
0.473333333929
0.473333333929
0.453333333135
0.416666666667
0.429999999702
0.426666665822
0.46666666617
0.47000000005
0.423333333184
0.426666667064
0.413333334029
0.490000000844
0.446666666617
0.440000000099
0.423333333184
0.456666665773
0.46666666617
0.396666665872
0.463333333532
0.429999999702
0.410000000149
0.463333333532
0.47000000005
0.429999999702
0.483333333085
0.486666666965
0.446666667859
0.410000000149
0.396666667114
0.456666667014
0.47000000005
0.43666666622
0.373333333681
0.443333333979
0.463333333532
0.393333333234
0.416666666667
0.429999999702
0.426666667064
0.443333333979
0.440000000099
0.423333333184
0.43666666622
0.426666665822
0.43333333234
0.486666666965
0.480000000447
0.486666665723
0.410000000149
0.423333333184
0.436666667461
0.446666666617
0.443333332737
0.399999999752
0.43333333234
0.473333333929
0.416666666667
0.446666666617
0.419999999305
0.53333333383
0.443333332737
0.459999999652
0.446666666617
0.453333334376
0.46666666617
0.506666666518
0.553333333383
0.600000000248
0.516666665673
0.403333333631
0.43333333234
0.396666667114
0.413333334029
0.456666667014
0.410000000149
0.430000000944
0.440000000099
0.433333333582
0.426666665822
0.466666667412
0.426666665822
0.46333333229
0.416666666667
0.43666666622
0.440000000099
0.450000000497
0.403333333631
0.433333333582
0.46666666617
0.410000000149
0.426666665822
0.426666665822
0.419999999305
0.430000000944
0.440000000099
0.456666667014
0.440000000099
0.423333333184
0.446666667859
0.493333333482
0.49666666612
0.49666666612
0.43333333234
0.429999999702
0.453333333135
0.426666665822
0.426666665822
0.459999999652
0.443333333979
0.420000000546
0.410000000149
0.396666667114
0.413333334029
0.516666665673
0.453333333135
0.440000000099
0.463333333532
0.450000000497
0.460000000894
0.476666666567
0.403333333631
0.410000000149
0.399999999752
0.419999999305
0.450000000497
0.413333332787
0.443333333979
0.480000000447
0.47000000005
0.459999999652
0.483333333085
0.510000000397
0.453333333135
0.486666666965
0.463333333532
0.50333333388
0.43333333234
0.429999999702
0.400000000993
0.423333333184
0.416666666667
0.439999998858
0.423333333184
0.453333333135
0.396666667114
0.443333332737
0.420000000546
0.423333333184
0.436666667461
0.463333333532
0.423333333184
0.436666667461
0.406666666269
0.440000000099
0.450000000497
0.443333332737
0.413333332787
0.410000000149
0.433333333582
0.449999999255
0.413333332787
0.443333333979
0.43666666622
0.43666666622
0.53333333383
0.493333333482
0.459999999652
0.443333333979
0.493333333482
0.419999999305
0.406666667511
0.413333334029
0.450000000497
0.400000000993
0.443333333979
0.460000000894
0.476666666567
0.433333333582
0.429999999702
0.433333333582
0.406666666269
0.450000000497
0.449999999255
0.446666666617
0.426666667064
0.453333334376
0.456666667014
0.463333333532
0.446666666617
0.459999999652
0.443333333979
0.406666666269
0.423333333184
0.489999999603
0.443333333979
0.450000000497
0.413333332787
0.446666666617
0.410000000149
0.459999999652
0.493333332241
0.453333333135
0.443333333979
0.47000000005
0.449999999255
0.413333332787
0.390000000596
0.400000000993
0.419999999305
0.47000000005
0.476666666567
0.46666666617
0.476666666567
0.540000000348
0.426666667064
0.413333334029
0.416666666667
0.43333333234
0.443333333979
0.43666666622
0.433333333582
0.456666667014
0.489999999603
0.446666666617
0.453333333135
0.5
0.516666666915
0.509999999156
0.546666665624
0.559999999901
0.423333334426
0.456666667014
0.409999998907
0.449999999255
0.410000000149
0.460000000894
0.496666667362
0.489999999603
0.5
0.440000000099
0.423333333184
0.406666667511
0.380000000199
0.446666666617
0.416666666667
0.459999999652
0.446666666617
0.416666666667
0.413333332787
0.46666666617
0.459999999652
0.506666666518
0.486666666965
0.449999999255
0.410000000149
0.423333333184
0.473333333929
0.519999999553
0.480000000447
0.526666667312
0.526666666071
0.459999999652
0.413333332787
0.46666666617
0.510000000397
0.47000000005
0.493333333482
0.486666666965
0.459999999652
0.599999999007
0.493333333482
0.423333334426
0.456666667014
0.446666666617
0.426666667064
0.43666666622
0.443333333979
0.446666666617
0.43333333234
0.429999999702
0.413333334029
0.433333333582
0.443333332737
0.420000000546
0.443333332737
0.403333333631
0.40333333239
0.43666666622
0.406666667511
0.46666666617
0.459999999652
0.409999998907
0.453333333135
0.429999999702
0.436666667461
0.410000000149
0.443333332737
0.449999999255
0.419999999305
0.446666666617
0.399999999752
0.456666667014
0.426666665822
0.459999999652
0.433333333582
0.423333333184
0.450000000497
0.413333334029
0.406666666269
0.440000000099
0.420000000546
0.403333333631
0.396666667114
0.443333332737
0.413333332787
0.426666667064
0.399999999752
0.453333333135
0.429999999702
0.426666667064
0.390000000596
0.373333333681
0.386666666716
0.413333334029
0.473333332688
0.456666667014
0.50333333388
0.396666665872
0.450000000497
0.493333333482
0.459999999652
0.46666666617
0.453333333135
0.459999999652
0.433333333582
0.453333333135
0.489999999603
0.443333332737
0.423333333184
0.423333333184
0.440000000099
0.433333333582
0.443333332737
0.463333333532
0.43666666622
0.413333332787
0.416666666667
0.403333333631
0.420000000546
0.396666667114
0.423333333184
0.53333333383
0.473333332688
0.476666667809
0.450000000497
0.420000000546
0.446666666617
0.439999998858
0.523333333433
0.443333333979
0.43666666622
0.43666666622
0.43666666622
0.433333333582
0.453333334376
0.456666667014
0.456666667014
0.406666666269
0.43666666622
0.47000000005
0.480000000447
0.459999999652
0.480000000447
0.423333333184
0.403333333631
0.440000000099
0.399999999752
0.399999999752
0.446666666617
0.446666666617
0.460000000894
0.450000000497
0.420000000546
0.473333332688
0.47000000005
0.406666667511
0.463333333532
0.429999999702
0.450000000497
0.47000000005
0.466666667412
0.43666666622
0.480000000447
0.413333332787
0.436666667461
0.420000000546
0.410000000149
0.419999999305
0.433333333582
0.443333333979
0.450000000497
0.456666667014
0.503333332638
0.483333333085
0.480000000447
0.43666666622
0.43666666622
0.410000000149
0.463333333532
0.450000000497
0.429999999702
0.460000000894
0.476666666567
0.486666665723
0.46666666617
0.460000000894
0.463333333532
0.456666667014
0.5
0.446666666617
0.483333333085
0.443333333979
0.493333333482
0.489999999603
0.376666667561
0.426666667064
0.440000000099
0.463333333532
0.463333333532
0.436666667461
0.423333333184
0.443333332737
0.410000000149
0.479999999205
0.440000000099
0.413333332787
0.426666667064
0.456666667014
0.429999999702
0.390000000596
0.429999999702
0.433333333582
0.423333334426
0.456666665773
0.476666666567
0.443333332737
0.410000000149
0.406666666269
0.426666667064
0.419999999305
0.413333332787
0.433333333582
0.463333333532
0.413333332787
0.463333333532
0.440000000099
0.443333333979
0.46666666617
0.516666666915
0.406666666269
0.426666667064
0.429999999702
0.426666665822
0.413333332787
0.440000000099
0.40333333239
0.449999999255
0.456666667014
0.423333334426
0.493333333482
0.510000000397
0.399999999752
0.410000000149
0.413333334029
0.456666667014
0.453333333135
0.420000000546
0.443333332737
0.489999999603
0.380000000199
0.440000000099
0.456666667014
0.440000000099
0.413333334029
0.416666666667
0.440000000099
0.426666665822
0.423333333184
0.49666666612
0.453333333135
0.473333332688
0.473333333929
0.426666667064
0.440000000099
0.433333333582
0.440000000099
0.450000000497
0.459999999652
0.456666665773
0.423333333184
0.476666666567
0.423333333184
0.506666666518
0.460000000894
0.433333333582
0.483333333085
0.46333333229
0.426666667064
0.439999998858
0.433333333582
0.446666666617
0.520000000795
0.436666667461
0.426666667064
0.419999999305
0.403333333631
0.413333332787
0.406666666269
0.459999999652
0.460000000894
0.486666666965
0.426666665822
0.426666667064
0.436666667461
0.410000000149
0.440000000099
0.413333332787
0.426666667064
0.423333333184
0.46666666617
0.46666666617
0.426666665822
0.473333333929
0.46666666617
0.46666666617
0.483333333085
0.493333332241
0.486666666965
0.456666667014
0.473333332688
0.403333333631
0.433333333582
0.399999999752
0.403333333631
0.46666666617
0.510000000397
0.5
0.456666667014
0.476666666567
0.400000000993
0.443333332737
0.440000000099
0.466666667412
0.420000000546
0.486666666965
0.419999999305
0.463333333532
0.403333333631
0.46666666617
0.476666666567
0.429999999702
0.429999999702
0.443333332737
0.456666667014
0.426666667064
0.406666667511
0.43666666622
0.436666667461
0.429999999702
0.433333333582
0.463333333532
0.473333333929
0.490000000844
0.426666665822
0.439999998858
0.429999999702
0.426666667064
0.416666666667
0.459999999652
0.440000000099
0.453333334376
0.443333332737
0.433333333582
0.443333333979
0.476666666567
0.426666665822
0.459999999652
0.480000000447
0.450000000497
0.393333333234
0.413333332787
0.396666667114
0.413333332787
0.456666667014
0.433333333582
0.453333333135
0.47000000005
0.433333333582
0.433333333582
0.450000000497
0.440000000099
0.433333333582
0.456666667014
0.426666667064
0.426666667064
0.47000000005
0.460000000894
0.43666666622
0.460000000894
0.440000000099
0.396666667114
0.410000000149
0.439999998858
0.463333333532
0.533333332588
0.516666666915
0.53333333383
0.52999999995
0.396666665872
0.423333333184
0.413333334029
0.416666666667
0.413333334029
0.446666667859
0.460000000894
0.463333333532
0.490000000844
0.399999999752
0.443333333979
0.440000000099
0.43666666622
0.419999999305
0.453333333135
0.433333333582
0.459999999652
0.453333333135
0.399999999752
0.423333333184
0.443333333979
0.426666665822
0.450000000497
0.396666667114
0.429999999702
0.446666666617
0.46333333229
0.416666666667
0.426666667064
0.429999999702
0.449999999255
0.483333333085
0.449999999255
0.433333333582
0.403333333631
0.443333333979
0.43666666622
0.413333334029
0.433333333582
0.426666665822
0.403333333631
0.443333332737
0.420000000546
0.446666666617
0.443333333979
0.459999999652
0.450000000497
0.420000000546
0.443333332737
0.416666666667
0.426666667064
0.423333333184
0.423333333184
0.429999999702
0.436666667461
0.473333333929
0.416666666667
0.426666667064
0.430000000944
0.413333332787
0.440000000099
0.446666666617
0.459999999652
0.443333332737
0.440000000099
0.413333334029
0.43333333234
0.423333333184
0.440000000099
0.433333333582
0.423333333184
0.43666666622
0.426666667064
0.453333333135
0.409999998907
0.410000000149
0.399999999752
0.413333332787
0.426666667064
0.443333332737
0.523333333433
0.446666666617
0.443333332737
0.416666666667
0.410000000149
0.430000000944
0.40333333239
0.430000000944
0.589999999851
0.463333333532
0.570000000298
0.516666665673
0.516666665673
0.46333333229
0.486666665723
0.393333333234
0.46666666617
0.440000000099
0.459999999652
0.393333333234
0.456666667014
0.399999999752
0.449999999255
0.480000000447
0.486666666965
0.403333333631
0.446666666617
0.463333333532
0.473333333929
0.419999999305
0.450000000497
0.419999999305
0.440000000099
0.426666665822
0.433333333582
0.410000000149
0.459999999652
0.5
0.493333333482
0.486666666965
0.453333333135
0.446666666617
0.413333332787
0.440000000099
0.440000000099
0.443333333979
0.479999999205
0.43666666622
0.450000000497
0.463333333532
0.410000000149
0.46666666617
0.450000000497
0.413333332787
0.433333333582
0.483333333085
0.413333332787
0.446666666617
0.483333333085
0.476666666567
0.446666666617
0.460000000894
0.453333333135
0.403333333631
0.450000000497
0.483333333085
0.416666666667
0.443333332737
0.413333332787
0.446666666617
0.446666666617
0.463333333532
0.466666667412
0.476666666567
0.443333332737
0.426666665822
0.43666666622
0.456666665773
0.446666666617
0.47000000005
0.416666666667
0.406666666269
0.406666667511
0.449999999255
0.443333333979
0.473333332688
0.443333333979
0.450000000497
0.506666666518
0.493333333482
0.459999999652
0.386666666716
0.396666667114
0.380000000199
0.47000000005
0.493333333482
0.530000001192
0.543333332986
0.390000000596
0.403333333631
0.396666667114
0.386666666716
0.410000000149
0.466666667412
0.430000000944
0.506666666518
0.396666667114
0.426666665822
0.383333334078
0.393333333234
0.410000000149
0.476666667809
0.446666667859
0.473333333929
0.433333333582
0.450000000497
0.426666665822
0.373333333681
0.43333333234
0.419999999305
0.426666667064
0.440000000099
0.410000000149
0.450000000497
0.429999999702
0.440000000099
0.413333332787
0.419999999305
0.463333333532
0.403333333631
0.443333333979
0.453333333135
0.416666666667
0.440000000099
0.430000000944
0.413333332787
0.476666666567
0.440000000099
0.463333333532
0.43666666622
0.526666666071
0.573333332936
0.423333333184
0.43666666622
0.386666666716
0.443333332737
0.456666667014
0.460000000894
0.413333332787
0.440000000099
0.449999999255
0.436666667461
0.423333333184
0.430000000944
0.463333333532
0.433333333582
0.43666666622
0.440000000099
0.443333332737
0.416666666667
0.413333332787
0.463333333532
0.456666667014
0.410000000149
0.406666666269
0.423333333184
0.446666667859
0.473333332688
0.49666666612
0.456666665773
0.416666666667
0.439999998858
0.400000000993
0.429999999702
0.443333333979
0.460000000894
0.503333332638
0.420000000546
0.453333333135
0.419999999305
0.413333334029
0.426666667064
0.446666666617
0.493333333482
0.530000001192
0.453333334376
0.446666666617
0.5
0.420000000546
0.423333333184
0.443333333979
0.426666665822
0.446666666617
0.476666666567
0.453333333135
0.466666667412
0.460000000894
0.479999999205
0.473333333929
0.440000000099
0.439999998858
0.396666667114
0.453333333135
0.459999999652
0.476666666567
0.466666667412
0.416666666667
0.396666667114
0.473333332688
0.490000000844
0.443333332737
0.47000000005
0.476666666567
0.419999999305
0.453333333135
0.426666667064
0.463333333532
0.460000000894
0.456666667014
0.469999998808
0.516666666915
0.493333333482
0.46333333229
0.446666666617
0.426666667064
0.496666667362
0.5
0.396666665872
0.423333334426
0.433333333582
0.439999998858
0.410000000149
0.420000000546
0.399999999752
0.429999999702
0.426666665822
0.463333333532
0.490000000844
0.403333333631
0.400000000993
0.433333333582
0.420000000546
0.506666666518
0.52999999995
0.486666665723
0.406666667511
0.423333334426
0.413333334029
0.450000000497
0.420000000546
0.453333333135
0.440000000099
0.46666666617
0.429999999702
0.47000000005
0.556666667263
0.506666666518
0.613333333284
0.519999999553
0.389999999354
0.390000000596
0.406666666269
0.453333333135
0.460000000894
0.446666666617
0.453333334376
0.410000000149
0.473333333929
0.459999999652
0.406666667511
0.406666667511
0.43666666622
0.423333333184
0.456666665773
0.453333334376
0.399999999752
0.416666666667
0.396666667114
0.410000000149
0.436666667461
0.440000000099
0.459999999652
0.46666666617
0.440000000099
0.456666667014
0.443333333979
0.426666667064
0.420000000546
0.433333333582
0.473333332688
0.406666666269
0.403333333631
0.386666666716
0.416666666667
0.433333333582
0.426666667064
0.433333333582
0.400000000993
0.450000000497
0.433333333582
0.440000000099
0.413333332787
0.449999999255
0.486666666965
0.420000000546
0.423333333184
0.376666666319
0.416666666667
0.43666666622
0.440000000099
0.426666665822
0.413333334029
0.423333333184
0.449999999255
0.450000000497
0.426666665822
0.416666666667
0.423333333184
0.443333332737
0.400000000993
0.423333333184
0.43666666622
0.449999999255
0.459999999652
0.426666665822
0.449999999255
0.416666666667
0.456666667014
0.419999999305
0.416666666667
0.420000000546
0.416666666667
0.443333333979
0.440000000099
0.429999999702
0.429999999702
0.43666666622
0.473333332688
0.423333333184
0.443333332737
0.453333333135
0.416666666667
0.449999999255
0.47000000005
0.456666667014
0.429999999702
0.413333332787
0.396666667114
0.430000000944
0.420000000546
0.446666666617
0.433333333582
0.416666666667
0.43666666622
0.406666666269
0.410000000149
0.413333332787
0.429999999702
0.450000000497
0.419999999305
0.406666667511
0.446666666617
0.443333332737
0.47000000005
0.480000000447
0.450000000497
0.449999999255
0.413333334029
0.43666666622
0.406666666269
0.410000000149
0.496666667362
0.463333333532
0.560000001142
0.549999999503
0.390000000596
0.429999999702
0.403333333631
0.440000000099
0.456666667014
0.459999999652
0.446666666617
0.476666666567
0.426666667064
0.473333333929
0.449999999255
0.430000000944
0.413333334029
0.436666667461
0.433333333582
0.406666666269
0.450000000497
0.483333333085
0.453333333135
0.429999999702
0.446666666617
0.419999999305
0.43333333234
0.420000000546
0.440000000099
0.493333333482
0.47000000005
0.473333332688
0.399999999752
0.403333333631
0.410000000149
0.413333332787
0.489999999603
0.486666666965
0.43666666622
0.506666666518
0.473333333929
0.439999998858
0.406666666269
0.446666666617
0.383333332837
0.456666667014
0.506666666518
0.516666666915
0.446666666617
0.473333332688
0.440000000099
0.426666667064
0.453333333135
0.43666666622
0.423333333184
0.426666665822
0.440000000099
0.493333333482
0.46333333229
0.550000000745
0.47000000005
0.506666666518
0.506666666518
0.570000000298
0.563333332539
0.403333333631
0.440000000099
0.483333333085
0.426666667064
0.5
0.43666666622
0.446666666617
0.456666665773
0.449999999255
0.423333333184
0.430000000944
0.426666665822
0.463333333532
0.493333333482
0.47000000005
0.510000000397
0.516666665673
0.396666667114
0.393333333234
0.433333333582
0.430000000944
0.473333333929
0.476666666567
0.466666667412
0.406666666269
0.419999999305
0.47000000005
0.416666666667
0.466666667412
0.410000000149
0.413333332787
0.493333333482
0.406666667511
0.433333333582
0.433333333582
0.47000000005
0.459999999652
0.440000000099
0.459999999652
0.456666665773
0.416666666667
0.446666666617
0.440000000099
0.483333333085
0.476666666567
0.416666666667
0.456666667014
0.456666667014
0.430000000944
0.463333333532
0.489999999603
0.456666667014
0.490000000844
0.43666666622
0.420000000546
0.430000000944
0.429999999702
0.463333333532
0.43666666622
0.433333333582
0.453333333135
0.416666666667
0.453333333135
0.426666665822
0.440000000099
0.440000000099
0.47000000005
0.443333333979
0.43666666622
0.47000000005
0.493333333482
0.486666666965
0.43666666622
0.416666666667
0.423333333184
0.433333333582
0.423333333184
0.429999999702
0.440000000099
0.399999999752
0.423333334426
0.399999999752
0.446666666617
0.420000000546
0.483333333085
0.466666667412
0.46666666617
0.446666666617
0.433333333582
0.453333333135
0.446666666617
0.46666666617
0.47000000005
0.483333333085
0.483333333085
0.393333333234
0.43666666622
0.443333333979
0.460000000894
0.456666667014
0.443333333979
0.453333333135
0.413333332787
0.416666666667
0.443333332737
0.396666665872
0.440000000099
0.413333334029
0.493333332241
0.450000000497
0.460000000894
0.480000000447
0.393333333234
0.413333334029
0.47000000005
0.5
0.446666666617
0.453333333135
0.506666667759
0.433333333582
0.429999999702
0.450000000497
0.446666666617
0.443333332737
0.459999999652
0.410000000149
0.410000000149
0.443333332737
0.450000000497
0.453333333135
0.516666666915
0.426666667064
0.476666666567
0.453333333135
0.420000000546
0.413333332787
0.486666666965
0.43666666622
0.493333333482
0.429999999702
0.476666666567
0.413333334029
0.426666667064
0.440000000099
0.413333334029
0.426666667064
0.47000000005
0.466666667412
0.446666666617
0.406666666269
0.413333332787
0.423333333184
0.476666666567
0.453333333135
0.420000000546
0.453333333135
0.47000000005
0.489999999603
0.47000000005
0.466666667412
0.410000000149
0.399999999752
0.406666667511
0.453333333135
0.419999999305
0.416666666667
0.476666666567
0.446666666617
0.453333333135
0.449999999255
0.429999999702
0.476666666567
0.399999999752
0.423333334426
0.473333333929
0.456666667014
0.453333333135
0.446666666617
0.459999999652
0.436666667461
0.459999999652
0.5
0.493333333482
0.506666666518
0.506666666518
0.446666666617
0.483333333085
0.416666666667
0.429999999702
0.426666665822
0.486666665723
0.433333333582
0.453333334376
0.436666667461
0.460000000894
0.426666665822
0.413333334029
0.46333333229
0.413333334029
0.403333333631
0.416666666667
0.419999999305
0.463333333532
0.406666667511
0.443333332737
0.436666667461
0.463333333532
0.47000000005
0.479999999205
0.456666667014
0.436666667461
0.396666667114
0.399999999752
0.420000000546
0.43666666622
0.426666667064
0.429999999702
0.433333333582
0.559999999901
0.513333333035
0.456666667014
0.446666666617
0.493333333482
0.460000000894
0.429999999702
0.433333333582
0.403333333631
0.443333333979
0.423333333184
0.419999999305
0.450000000497
0.430000000944
0.446666666617
0.416666666667
0.413333334029
0.423333333184
0.47000000005
0.456666665773
0.410000000149
0.43666666622
0.413333332787
0.459999999652
0.473333333929
0.426666667064
0.450000000497
0.413333332787
0.416666666667
0.453333333135
0.469999998808
0.406666667511
0.459999999652
0.440000000099
0.520000000795
0.413333334029
0.429999999702
0.443333332737
0.420000000546
0.459999999652
0.5
0.463333333532
0.550000000745
0.393333333234
0.443333332737
0.419999999305
0.399999999752
0.420000000546
0.420000000546
0.426666667064
0.426666667064
0.47000000005
0.483333333085
0.460000000894
0.423333333184
0.413333334029
0.426666667064
0.426666667064
0.453333334376
0.419999999305
0.423333333184
0.426666665822
0.420000000546
0.433333333582
0.459999999652
0.466666667412
0.489999999603
0.493333333482
0.510000000397
0.509999999156
0.559999999901
0.393333333234
0.396666665872
0.410000000149
0.450000000497
0.47000000005
0.463333333532
0.443333332737
0.483333333085
0.443333332737
0.459999999652
0.483333333085
0.426666667064
0.43666666622
0.403333333631
0.456666665773
0.423333333184
0.396666667114
0.390000000596
0.446666666617
0.43666666622
0.456666667014
0.453333334376
0.489999999603
0.426666665822
0.490000000844
0.453333333135
0.446666666617
0.410000000149
0.410000000149
0.426666667064
0.446666666617
0.453333333135
0.459999999652
0.429999999702
0.416666666667
0.426666665822
0.443333332737
0.433333333582
0.440000000099
0.410000000149
0.440000000099
0.426666665822
0.433333333582
0.416666666667
0.413333334029
0.446666666617
0.413333332787
0.50333333388
0.453333333135
0.46666666617
0.429999999702
0.443333333979
0.459999999652
0.406666667511
0.440000000099
0.420000000546
0.450000000497
0.473333333929
0.476666666567
0.406666666269
0.440000000099
0.439999998858
0.446666666617
0.436666667461
0.429999999702
0.410000000149
0.473333333929
0.426666667064
0.459999999652
0.430000000944
0.413333332787
0.47000000005
0.456666665773
0.446666666617
0.450000000497
0.460000000894
0.440000000099
0.426666667064
0.46333333229
0.426666665822
0.449999999255
0.406666667511
0.420000000546
0.436666667461
0.480000000447
0.466666667412
0.453333333135
0.463333333532
0.456666667014
0.440000000099
0.423333333184
0.47000000005
0.446666666617
0.440000000099
0.476666666567
0.420000000546
0.416666666667
0.516666666915
0.580000000695
0.613333333284
0.453333333135
0.43666666622
0.459999999652
0.43666666622
0.406666666269
0.433333333582
0.473333332688
0.440000000099
0.483333333085
0.410000000149
0.420000000546
0.493333332241
0.456666667014
0.449999999255
0.453333333135
0.410000000149
0.426666667064
0.420000000546
0.423333333184
0.406666666269
0.410000000149
0.506666666518
0.489999999603
0.456666667014
0.446666666617
0.420000000546
0.429999999702
0.43666666622
0.423333333184
0.43666666622
0.426666667064
0.393333333234
0.429999999702
0.460000000894
0.476666667809
0.43333333234
0.446666666617
0.419999999305
0.426666667064
0.423333333184
0.446666666617
0.426666667064
0.440000000099
0.429999999702
0.426666667064
0.403333333631
0.396666665872
0.74666666612
0.783333332588
0.74666666612
0.396666667114
0.396666665872
0.429999999702
0.480000000447
0.476666666567
0.490000000844
0.49666666612
0.506666667759
0.450000000497
0.460000000894
0.473333332688
0.47000000005
0.43666666622
0.459999999652
0.43666666622
0.43666666622
0.399999999752
0.410000000149
0.446666666617
0.43666666622
0.426666667064
0.419999999305
0.419999999305
0.446666666617
0.446666666617
0.433333333582
0.460000000894
0.486666666965
0.420000000546
0.440000000099
0.466666667412
0.483333333085
0.453333333135
0.443333332737
0.433333333582
0.430000000944
0.443333333979
0.463333333532
0.446666666617
0.429999999702
0.416666666667
0.416666666667
0.440000000099
0.476666666567
0.5
0.426666667064
0.426666667064
0.429999999702
0.459999999652
0.439999998858
0.46333333229
0.480000000447
0.493333333482
0.413333334029
0.420000000546
0.430000000944
0.486666666965
0.483333333085
0.480000000447
0.510000000397
0.416666666667
0.403333333631
0.410000000149
0.430000000944
0.423333333184
0.420000000546
0.456666665773
0.406666666269
0.399999999752
0.406666666269
0.476666666567
0.440000000099
0.389999999354
0.426666667064
0.410000000149
0.43333333234
0.426666667064
0.423333333184
0.423333333184
0.466666667412
0.386666666716
0.410000000149
0.426666665822
0.433333333582
0.410000000149
0.426666665822
0.419999999305
0.423333333184
0.406666667511
0.393333333234
0.406666666269
0.433333333582
0.40333333239
0.473333333929
0.423333333184
0.453333333135
0.396666667114
0.386666666716
0.399999999752
0.413333332787
0.47000000005
0.390000000596
0.420000000546
0.433333333582
0.43333333234
0.426666665822
0.473333333929
0.463333333532
0.5
0.416666666667
0.446666666617
0.420000000546
0.410000000149
0.440000000099
0.433333333582
0.43333333234
0.433333333582
0.453333333135
0.410000000149
0.43333333234
0.443333332737
0.426666667064
0.446666666617
0.43666666622
0.406666667511
0.410000000149
0.416666666667
0.446666666617
0.419999999305
0.426666665822
0.446666666617
0.463333333532
0.456666667014
0.399999999752
0.390000000596
0.5
0.440000000099
0.426666665822
0.410000000149
0.416666666667
0.423333333184
0.413333334029
0.436666667461
0.443333333979
0.43333333234
0.426666667064
0.393333333234
0.423333333184
0.429999999702
0.413333332787
0.406666666269
0.429999999702
0.426666665822
0.410000000149
0.446666666617
0.429999999702
0.416666666667
0.436666667461
0.490000000844
0.416666666667
0.429999999702
0.396666667114
0.413333334029
0.423333333184
0.47000000005
0.440000000099
0.5
0.473333333929
0.403333333631
0.423333333184
0.403333333631
0.386666666716
0.436666667461
0.426666665822
0.450000000497
0.416666666667
0.450000000497
0.406666667511
0.436666667461
0.410000000149
0.410000000149
0.393333333234
0.383333332837
0.419999999305
0.413333334029
0.443333332737
0.479999999205
0.393333333234
0.426666665822
0.47000000005
0.456666667014
0.396666667114
0.440000000099
0.426666667064
0.423333334426
0.389999999354
0.396666667114
0.419999999305
0.453333333135
0.446666666617
0.420000000546
0.419999999305
0.389999999354
0.400000000993
0.423333333184
0.433333333582
0.456666667014
0.450000000497
0.429999999702
0.410000000149
0.413333332787
0.440000000099
0.413333332787
0.433333333582
0.446666666617
0.403333333631
0.403333333631
0.406666666269
0.416666666667
0.403333333631
0.433333333582
0.446666666617
0.410000000149
0.433333333582
0.406666666269
0.416666666667
0.406666666269
0.410000000149
0.443333333979
0.423333333184
0.46666666617
0.43666666622
0.406666666269
0.426666667064
0.446666666617
0.40333333239
0.413333332787
0.420000000546
0.413333334029
0.403333333631
0.423333333184
0.423333333184
0.43666666622
0.43666666622
0.410000000149
0.426666667064
0.426666667064
0.459999999652
0.433333333582
0.50333333388
0.419999999305
0.446666666617
0.416666666667
0.406666666269
0.43666666622
0.463333333532
0.433333333582
0.433333333582
0.456666667014
0.410000000149
0.399999999752
0.386666666716
0.400000000993
0.420000000546
0.433333333582
0.446666666617
0.423333333184
0.449999999255
0.433333333582
0.423333333184
0.426666665822
0.396666667114
0.433333333582
0.426666667064
0.426666667064
0.423333333184
0.399999999752
0.426666667064
0.463333333532
0.47000000005
0.483333333085
0.47000000005
0.446666666617
0.393333333234
0.423333333184
0.453333333135
0.419999999305
0.406666666269
0.426666667064
0.416666666667
0.440000000099
0.426666665822
0.399999999752
0.410000000149
0.413333332787
0.420000000546
0.456666665773
0.446666666617
0.456666667014
0.426666667064
0.403333333631
0.410000000149
0.423333333184
0.420000000546
0.409999998907
0.393333333234
0.399999999752
0.396666667114
0.47000000005
0.399999999752
0.450000000497
0.40333333239
0.426666665822
0.406666666269
0.456666667014
0.440000000099
0.486666666965
0.449999999255
0.450000000497
0.463333333532
0.423333333184
0.386666666716
0.40333333239
0.440000000099
0.416666666667
0.413333332787
0.43666666622
0.413333332787
0.386666666716
0.410000000149
0.373333333681
0.419999999305
0.393333333234
0.393333333234
0.410000000149
0.410000000149
0.423333333184
0.403333333631
0.413333332787
0.410000000149
0.446666666617
0.419999999305
0.436666667461
0.456666667014
0.483333334327
0.486666665723
0.433333333582
0.406666666269
0.420000000546
0.413333334029
0.406666666269
0.403333333631
0.396666667114
0.406666667511
0.413333332787
0.426666667064
0.440000000099
0.423333333184
0.393333334476
0.413333334029
0.396666667114
0.416666666667
0.420000000546
0.429999999702
0.403333333631
0.456666665773
0.453333333135
0.446666667859
0.46666666617
0.443333332737
0.403333333631
0.426666665822
0.446666666617
0.463333333532
0.413333332787
0.46333333229
0.510000000397
0.479999999205
0.466666667412
0.526666666071
0.416666666667
0.416666666667
0.403333333631
0.459999999652
0.400000000993
0.426666667064
0.383333334078
0.403333333631
0.446666666617
0.496666667362
0.53333333383
0.430000000944
0.433333333582
0.506666666518
0.396666667114
0.380000000199
0.363333333284
0.426666667064
0.43666666622
0.423333333184
0.433333333582
0.433333333582
0.443333332737
0.399999999752
0.426666667064
0.493333333482
0.433333333582
0.440000000099
0.463333333532
0.440000000099
0.393333334476
0.406666667511
0.409999998907
0.443333333979
0.420000000546
0.399999999752
0.416666666667
0.453333333135
0.473333332688
0.429999999702
0.403333333631
0.466666667412
0.446666666617
0.406666666269
0.43666666622
0.476666666567
0.479999999205
0.389999999354
0.443333333979
0.456666667014
0.449999999255
0.476666666567
0.459999999652
0.430000000944
0.440000000099
0.440000000099
0.43666666622
0.459999999652
0.476666666567
0.526666667312
0.47000000005
0.416666666667
0.426666665822
0.456666667014
0.466666667412
0.486666666965
0.479999999205
0.450000000497
0.430000000944
0.446666666617
0.459999999652
0.450000000497
0.429999999702
0.410000000149
0.389999999354
0.396666667114
0.399999999752
0.429999999702
0.486666666965
0.486666666965
0.390000000596
0.410000000149
0.406666666269
0.430000000944
0.419999999305
0.433333333582
0.506666666518
0.489999999603
0.400000000993
0.399999999752
0.443333333979
0.399999999752
0.450000000497
0.416666666667
0.446666666617
0.413333334029
0.443333333979
0.406666666269
0.406666666269
0.399999999752
0.399999999752
0.420000000546
0.409999998907
0.440000000099
0.453333333135
0.450000000497
0.446666666617
0.43666666622
0.423333334426
0.410000000149
0.433333333582
0.443333333979
0.399999999752
0.433333333582
0.40333333239
0.396666665872
0.396666667114
0.383333334078
0.413333332787
0.413333332787
0.423333334426
0.383333334078
0.413333332787
0.426666667064
0.416666666667
0.423333333184
0.413333334029
0.399999999752
0.413333334029
0.396666665872
0.413333332787
0.406666666269
0.416666666667
0.399999999752
0.429999999702
0.386666665475
0.399999999752
0.400000000993
0.420000000546
0.410000000149
0.413333332787
0.423333334426
0.433333333582
0.426666665822
0.403333333631
0.429999999702
0.380000000199
0.426666667064
0.396666667114
0.406666666269
0.413333334029
0.453333334376
0.433333333582
0.413333332787
0.416666666667
0.413333332787
0.396666665872
0.420000000546
0.416666666667
0.440000000099
0.413333332787
0.413333332787
0.436666667461
0.413333332787
0.390000000596
0.420000000546
0.410000000149
0.426666667064
0.449999999255
0.389999999354
0.396666667114
0.446666666617
0.403333333631
0.406666666269
0.386666666716
0.459999999652
0.443333333979
0.410000000149
0.426666665822
0.413333334029
0.410000000149
0.416666666667
0.433333333582
0.43666666622
0.47000000005
0.446666666617
0.403333333631
0.426666665822
0.413333332787
0.410000000149
0.446666666617
0.426666667064
0.426666667064
0.393333333234
0.380000000199
0.420000000546
0.426666667064
0.426666667064
0.399999999752
0.429999999702
0.426666665822
0.43666666622
0.423333333184
0.416666666667
0.410000000149
0.410000000149
0.400000000993
0.403333333631
0.399999999752
0.419999999305
0.426666665822
0.450000000497
0.453333334376
0.433333333582
0.380000000199
0.40333333239
0.406666666269
0.429999999702
0.406666666269
0.410000000149
0.433333333582
0.433333333582
0.440000000099
0.440000000099
0.440000000099
0.410000000149
0.396666667114
0.383333334078
0.416666666667
0.406666667511
0.399999999752
0.390000000596
0.480000000447
0.493333333482
0.559999999901
0.413333332787
0.426666667064
0.399999999752
0.453333334376
0.473333333929
0.493333333482
0.436666667461
0.413333332787
0.386666666716
0.416666666667
0.413333332787
0.476666666567
0.410000000149
0.440000000099
0.406666667511
0.420000000546
0.440000000099
0.506666666518
0.426666667064
0.420000000546
0.419999999305
0.416666666667
0.399999999752
0.436666667461
0.46666666617
0.449999999255
0.403333333631
0.399999999752
0.419999999305
0.403333333631
0.410000000149
0.420000000546
0.410000000149
0.450000000497
0.443333332737
0.430000000944
0.443333333979
0.430000000944
0.443333332737
0.410000000149
0.43666666622
0.410000000149
0.410000000149
0.423333333184
0.386666666716
0.433333333582
0.399999999752
0.410000000149
0.429999999702
0.43333333234
0.440000000099
0.413333334029
0.433333333582
0.403333333631
0.426666667064
0.423333333184
0.429999999702
0.429999999702
0.380000000199
0.399999999752
0.399999999752
0.393333334476
0.403333333631
0.386666666716
0.406666666269
0.416666666667
0.423333333184
0.450000000497
0.47000000005
0.426666665822
0.463333333532
0.443333332737
0.463333333532
0.406666667511
0.396666667114
0.426666667064
0.393333333234
0.413333334029
0.436666667461
0.403333333631
0.450000000497
0.420000000546
0.446666666617
0.446666666617
0.413333334029
0.403333333631
0.390000000596
0.413333332787
0.443333332737
0.436666667461
0.410000000149
0.43666666622
0.43666666622
0.43666666622
0.459999999652
0.443333333979
0.416666666667
0.396666665872
0.399999999752
0.403333333631
0.423333333184
0.443333332737
0.436666667461
0.423333333184
0.43666666622
0.413333332787
0.416666666667
0.406666666269
0.399999999752
0.396666667114
0.480000000447
0.399999999752
0.410000000149
0.440000000099
0.466666667412
0.453333333135
0.420000000546
0.419999999305
0.406666667511
0.403333333631
0.420000000546
0.446666666617
0.553333333383
0.486666665723
0.459999999652
0.519999999553
0.496666667362
0.463333333532
0.440000000099
0.443333332737
0.433333333582
0.416666666667
0.446666666617
0.386666666716
0.46666666617
0.506666666518
0.480000000447
0.423333333184
0.433333333582
0.393333333234
0.429999999702
0.453333333135
0.426666667064
0.420000000546
0.390000000596
0.423333333184
0.433333333582
0.443333333979
0.456666667014
0.446666666617
0.433333333582
0.429999999702
0.396666667114
0.433333333582
0.433333333582
0.399999999752
0.416666666667
0.386666666716
0.406666666269
0.406666666269
0.456666667014
0.503333332638
0.416666666667
0.420000000546
0.389999999354
0.396666665872
0.406666666269
0.433333333582
0.396666665872
0.433333333582
0.406666667511
0.416666666667
0.443333333979
0.413333332787
0.423333333184
0.423333333184
0.449999999255
0.396666667114
0.413333334029
0.400000000993
0.426666667064
0.386666666716
0.416666666667
0.426666665822
0.43666666622
0.413333334029
0.406666667511
0.399999999752
0.400000000993
0.399999999752
0.396666665872
0.410000000149
0.403333333631
0.47000000005
0.420000000546
0.426666667064
0.386666666716
0.423333333184
0.413333332787
0.456666667014
0.466666667412
0.433333333582
0.423333333184
0.423333333184
0.426666665822
0.420000000546
0.443333332737
0.406666667511
0.429999999702
0.453333333135
0.420000000546
0.390000000596
0.403333333631
0.429999999702
0.416666666667
0.429999999702
0.446666666617
0.483333333085
0.453333333135
0.416666666667
0.423333333184
0.389999999354
0.410000000149
0.403333333631
0.396666665872
0.440000000099
0.399999999752
0.413333334029
0.456666667014
0.416666666667
0.410000000149
0.480000000447
0.47000000005
0.43666666622
0.446666666617
0.440000000099
0.380000000199
0.383333332837
0.426666667064
0.406666667511
0.403333333631
0.403333333631
0.419999999305
0.413333332787
0.410000000149
0.436666667461
0.510000000397
0.466666667412
0.43666666622
0.419999999305
0.419999999305
0.413333334029
0.403333333631
0.396666667114
0.40333333239
0.376666666319
0.449999999255
0.463333333532
0.399999999752
0.413333334029
0.399999999752
0.396666667114
0.393333333234
0.446666666617
0.443333333979
0.426666665822
0.413333334029
0.456666667014
0.440000000099
0.53333333383
0.426666665822
0.413333334029
0.446666666617
0.429999999702
0.406666666269
0.433333333582
0.506666667759
0.553333333383
0.460000000894
0.480000000447
0.496666667362
0.406666667511
0.423333333184
0.516666666915
0.416666666667
0.43333333234
0.419999999305
0.413333334029
0.43666666622
0.416666666667
0.403333333631
0.453333333135
0.423333333184
0.406666666269
0.426666665822
0.430000000944
0.410000000149
0.423333333184
0.460000000894
0.456666665773
0.46333333229
0.423333333184
0.493333333482
0.423333333184
0.429999999702
0.423333333184
0.480000000447
0.406666666269
0.426666667064
0.476666666567
0.416666666667
0.443333333979
0.410000000149
0.449999999255
0.506666666518
0.486666665723
0.456666665773
0.389999999354
0.390000000596
0.443333332737
0.410000000149
0.423333334426
0.456666665773
0.449999999255
0.423333334426
0.396666667114
0.409999998907
0.393333333234
0.410000000149
0.390000000596
0.383333334078
0.433333333582
0.426666665822
0.406666667511
0.426666665822
0.423333333184
0.393333333234
0.406666666269
0.393333333234
0.413333332787
0.420000000546
0.440000000099
0.393333333234
0.420000000546
0.440000000099
0.440000000099
0.389999999354
0.446666666617
0.453333333135
0.426666667064
0.433333333582
0.429999999702
0.453333334376
0.426666667064
0.433333333582
0.459999999652
0.413333334029
0.453333333135
0.446666666617
0.456666667014
0.440000000099
0.393333333234
0.399999999752
0.43666666622
0.463333333532
0.426666667064
0.406666666269
0.420000000546
0.423333333184
0.429999999702
0.433333333582
0.47000000005
0.456666667014
0.433333333582
0.460000000894
0.416666666667
0.406666667511
0.413333332787
0.426666665822
0.433333333582
0.443333333979
0.453333334376
0.440000000099
0.416666666667
0.43333333234
0.413333332787
0.423333333184
0.390000000596
0.453333334376
0.423333333184
0.439999998858
0.406666666269
0.46666666617
0.473333333929
0.433333333582
0.383333334078
0.43666666622
0.416666666667
0.440000000099
0.40333333239
0.406666666269
0.390000000596
0.453333333135
0.483333333085
0.469999998808
0.423333333184
0.423333333184
0.43333333234
0.403333333631
0.403333333631
0.390000000596
0.40333333239
0.399999999752
0.403333333631
0.413333334029
0.403333333631
0.440000000099
0.433333333582
0.403333333631
0.426666667064
0.429999999702
0.43666666622
0.416666666667
0.433333333582
0.430000000944
0.383333332837
0.416666666667
0.440000000099
0.396666667114
0.423333333184
0.443333333979
0.440000000099
0.436666667461
0.423333334426
0.419999999305
0.406666666269
0.416666666667
0.413333334029
0.419999999305
0.419999999305
0.429999999702
0.433333333582
0.429999999702
0.446666666617
0.440000000099
0.390000000596
0.386666666716
0.410000000149
0.396666665872
0.466666667412
0.426666667064
0.453333333135
0.396666667114
0.423333333184
0.429999999702
0.43666666622
0.410000000149
0.423333334426
0.426666667064
0.403333333631
0.426666667064
0.429999999702
0.40333333239
0.413333332787
0.440000000099
0.489999999603
0.416666666667
0.406666667511
0.426666667064
0.416666666667
0.433333333582
0.443333332737
0.453333333135
0.413333334029
0.416666666667
0.399999999752
0.410000000149
0.393333334476
0.426666667064
0.413333334029
0.420000000546
0.410000000149
0.426666667064
0.423333333184
0.396666665872
0.446666666617
0.446666666617
0.463333333532
0.399999999752
0.386666666716
0.40333333239
0.47000000005
0.456666667014
0.453333333135
0.450000000497
0.436666667461
0.413333332787
0.406666666269
0.440000000099
0.396666665872
0.43666666622
0.416666666667
0.410000000149
0.423333333184
0.409999998907
0.403333333631
0.396666667114
0.389999999354
0.396666667114
0.426666667064
0.453333333135
0.400000000993
0.43666666622
0.476666666567
0.476666666567
0.439999998858
0.423333333184
0.410000000149
0.426666665822
0.396666667114
0.423333333184
0.410000000149
0.43666666622
0.443333332737
0.419999999305
0.423333333184
0.406666666269
0.459999999652
0.413333332787
0.443333332737
0.446666666617
0.433333333582
0.446666666617
0.443333332737
0.429999999702
0.413333332787
0.429999999702
0.410000000149
0.406666666269
0.416666666667
0.416666666667
0.413333334029
0.419999999305
0.426666667064
0.416666666667
0.396666665872
0.416666666667
0.416666666667
0.436666667461
0.416666666667
0.423333334426
0.413333332787
0.390000000596
0.410000000149
0.446666666617
0.450000000497
0.456666665773
0.416666666667
0.47000000005
0.47000000005
0.456666667014
0.446666666617
0.440000000099
0.426666665822
0.429999999702
0.459999999652
0.463333333532
0.443333332737
0.426666667064
0.47000000005
0.43666666622
0.423333333184
0.416666666667
0.446666666617
0.410000000149
0.440000000099
0.46666666617
0.440000000099
0.453333333135
0.446666666617
0.399999999752
0.386666666716
0.436666667461
0.413333334029
0.476666666567
0.433333333582
0.433333333582
0.406666666269
0.406666666269
0.410000000149
0.40333333239
0.393333333234
0.426666665822
0.419999999305
0.399999999752
0.410000000149
0.403333333631
0.459999999652
0.429999999702
0.429999999702
0.416666666667
0.430000000944
0.413333334029
0.376666666319
0.46333333229
0.403333333631
0.493333333482
0.423333333184
0.440000000099
0.400000000993
0.460000000894
0.430000000944
0.46666666617
0.393333333234
0.409999998907
0.380000000199
0.403333333631
0.423333333184
0.399999999752
0.406666666269
0.429999999702
0.423333333184
0.413333332787
0.443333332737
0.410000000149
0.450000000497
0.413333332787
0.426666665822
0.433333333582
0.399999999752
0.426666665822
0.43666666622
0.430000000944
0.430000000944
0.453333333135
0.456666667014
0.453333334376
0.426666665822
0.386666666716
0.406666666269
0.429999999702
0.416666666667
0.406666666269
0.440000000099
0.403333333631
0.389999999354
0.423333333184
0.423333333184
0.433333333582
0.393333333234
0.453333333135
0.459999999652
0.413333332787
0.430000000944
0.443333333979
0.473333333929
0.386666666716
0.390000000596
0.386666666716
0.433333333582
0.403333333631
0.423333333184
0.413333332787
0.480000000447
0.473333333929
0.486666666965
0.540000000348
0.52999999995
0.456666667014
0.446666666617
0.446666666617
0.399999999752
0.413333332787
0.440000000099
0.429999999702
0.40333333239
0.406666666269
0.396666667114
0.390000000596
0.429999999702
0.413333332787
0.390000000596
0.459999999652
0.436666667461
0.46666666617
0.453333334376
0.403333333631
0.383333334078
0.406666666269
0.406666666269
0.390000000596
0.383333332837
0.416666666667
0.453333333135
0.389999999354
0.403333333631
0.416666666667
0.410000000149
0.416666666667
0.410000000149
0.399999999752
0.47000000005
0.429999999702
0.449999999255
0.43666666622
0.390000000596
0.420000000546
0.420000000546
0.663333332787
0.590000001093
0.603333334128
0.613333333284
0.393333333234
0.429999999702
0.43666666622
0.429999999702
0.440000000099
0.453333333135
0.420000000546
0.406666667511
0.406666667511
0.403333333631
0.410000000149
0.420000000546
0.416666666667
0.453333333135
0.443333332737
0.399999999752
0.433333333582
0.389999999354
0.399999999752
0.40333333239
0.396666667114
0.389999999354
0.43666666622
0.393333334476
0.406666666269
0.376666666319
0.406666666269
0.390000000596
0.410000000149
0.423333333184
0.423333333184
0.410000000149
0.410000000149
0.426666665822
0.410000000149
0.393333333234
0.366666667163
0.399999999752
0.406666666269
0.440000000099
0.413333332787
0.423333333184
0.420000000546
0.43333333234
0.43666666622
0.413333334029
0.410000000149
0.410000000149
0.396666665872
0.393333333234
0.429999999702
0.419999999305
0.420000000546
0.423333333184
0.423333334426
0.459999999652
0.443333332737
0.416666666667
0.416666666667
0.473333333929
0.466666667412
0.489999999603
0.420000000546
0.383333332837
0.386666666716
0.403333333631
0.399999999752
0.419999999305
0.486666666965
0.43666666622
0.426666667064
0.473333332688
0.410000000149
0.413333332787
0.386666666716
0.413333334029
0.399999999752
0.456666667014
0.440000000099
0.446666666617
0.393333333234
0.429999999702
0.403333333631
0.406666667511
0.410000000149
0.413333332787
0.399999999752
0.406666666269
0.47000000005
0.429999999702
0.396666667114
0.416666666667
0.440000000099
0.406666667511
0.433333333582
0.436666667461
0.429999999702
0.433333333582
0.463333333532
0.420000000546
0.386666666716
0.386666666716
0.406666666269
0.406666666269
0.393333333234
0.403333333631
0.406666667511
0.390000000596
0.429999999702
0.420000000546
0.413333332787
0.436666667461
0.429999999702
0.433333333582
0.393333333234
0.40333333239
0.420000000546
0.423333333184
0.420000000546
0.406666666269
0.389999999354
0.410000000149
0.396666667114
0.449999999255
0.456666667014
0.480000000447
0.379999998957
0.393333333234
0.43333333234
0.420000000546
0.436666667461
0.403333333631
0.460000000894
0.423333333184
0.436666667461
0.369999999801
0.420000000546
0.416666666667
0.440000000099
0.423333333184
0.46666666617
0.43666666622
0.406666666269
0.383333332837
0.440000000099
0.413333332787
0.436666667461
0.406666666269
0.413333334029
0.413333334029
0.406666667511
0.420000000546
0.423333333184
0.50333333388
0.429999999702
0.433333333582
0.433333333582
0.413333332787
0.396666665872
0.399999999752
0.403333333631
0.410000000149
0.433333333582
0.420000000546
0.463333333532
0.413333334029
0.426666665822
0.446666666617
0.436666667461
0.416666666667
0.410000000149
0.386666666716
0.423333333184
0.426666665822
0.410000000149
0.399999999752
0.410000000149
0.443333332737
0.473333332688
0.450000000497
0.466666667412
0.419999999305
0.440000000099
0.429999999702
0.423333333184
0.459999999652
0.403333333631
0.429999999702
0.436666667461
0.429999999702
0.426666667064
0.413333332787
0.423333334426
0.440000000099
0.440000000099
0.429999999702
0.443333333979
0.406666666269
0.420000000546
0.423333333184
0.423333333184
0.396666667114
0.453333333135
0.403333333631
0.440000000099
0.419999999305
0.380000000199
0.420000000546
0.413333332787
0.43666666622
0.426666667064
0.393333333234
0.399999999752
0.416666666667
0.423333334426
0.416666666667
0.410000000149
0.416666666667
0.443333333979
0.49666666612
0.386666666716
0.410000000149
0.413333334029
0.413333334029
0.400000000993
0.420000000546
0.379999998957
0.453333333135
0.419999999305
0.53333333383
0.526666667312
0.396666665872
0.419999999305
0.403333333631
0.419999999305
0.446666666617
0.440000000099
0.46666666617
0.410000000149
0.433333333582
0.420000000546
0.449999999255
0.463333333532
0.420000000546
0.406666666269
0.410000000149
0.416666666667
0.416666666667
0.393333333234
0.453333334376
0.523333333433
0.376666666319
0.426666667064
0.429999999702
0.449999999255
0.426666667064
0.406666666269
0.393333333234
0.413333334029
0.436666667461
0.413333332787
0.363333333284
0.416666666667
0.426666667064
0.43666666622
0.453333333135
0.443333333979
0.403333333631
0.419999999305
0.403333333631
0.396666667114
0.423333333184
0.423333333184
0.446666666617
0.399999999752
0.440000000099
0.376666667561
0.386666666716
0.403333333631
0.403333333631
0.403333333631
0.440000000099
0.413333334029
0.43333333234
0.450000000497
0.453333333135
0.436666667461
0.416666666667
0.396666667114
0.429999999702
0.400000000993
0.410000000149
0.420000000546
0.389999999354
0.426666667064
0.393333333234
0.386666666716
0.406666666269
0.410000000149
0.399999999752
0.40333333239
0.399999999752
0.47000000005
0.393333333234
0.416666666667
0.413333334029
0.433333333582
0.426666667064
0.446666666617
0.453333334376
0.456666667014
0.413333332787
0.396666667114
0.416666666667
0.393333333234
0.380000000199
0.443333333979
0.406666666269
0.409999998907
0.399999999752
0.433333333582
0.399999999752
0.426666665822
0.410000000149
0.410000000149
0.419999999305
0.429999999702
0.373333333681
0.389999999354
0.399999999752
0.426666665822
0.400000000993
0.423333334426
0.436666667461
0.423333333184
0.383333334078
0.440000000099
0.426666665822
0.393333333234
0.419999999305
0.386666666716
0.43666666622
0.450000000497
0.419999999305
0.416666666667
0.386666666716
0.456666665773
0.416666666667
0.410000000149
0.440000000099
0.453333333135
0.416666666667
0.456666667014
0.533333332588
0.549999999503
0.556666666021
0.616666667163
0.406666666269
0.410000000149
0.433333333582
0.376666666319
0.396666667114
0.456666667014
0.456666667014
0.429999999702
0.450000000497
0.416666666667
0.426666667064
0.456666665773
0.426666667064
0.380000000199
0.386666666716
0.406666666269
0.426666667064
0.410000000149
0.396666667114
0.456666667014
0.463333333532
0.399999999752
0.400000000993
0.419999999305
0.416666666667
0.399999999752
0.410000000149
0.393333334476
0.410000000149
0.410000000149
0.420000000546
0.413333334029
0.410000000149
0.396666667114
0.416666666667
0.443333332737
0.423333333184
0.413333334029
0.426666665822
0.413333334029
0.420000000546
0.393333333234
0.399999999752
0.393333333234
0.443333332737
0.453333333135
0.43666666622
0.406666667511
0.416666666667
0.423333333184
0.396666667114
0.423333333184
0.396666667114
0.446666666617
0.47000000005
0.446666666617
0.440000000099
0.433333333582
0.400000000993
0.410000000149
0.410000000149
0.433333333582
0.423333333184
0.430000000944
0.399999999752
0.413333334029
0.403333333631
0.449999999255
0.456666665773
0.369999999801
0.403333333631
0.416666666667
0.399999999752
0.420000000546
0.456666667014
0.443333332737
0.479999999205
0.396666667114
0.416666666667
0.423333333184
0.406666666269
0.410000000149
0.416666666667
0.416666666667
0.423333333184
0.393333333234
0.416666666667
0.559999999901
0.593333332489
0.543333332986
0.52999999995
0.393333333234
0.406666667511
0.426666665822
0.423333333184
0.483333333085
0.510000000397
0.376666666319
0.373333332439
0.413333334029
0.43666666622
0.393333333234
0.383333334078
0.423333333184
0.409999998907
0.449999999255
0.453333333135
0.433333333582
0.433333333582
0.420000000546
0.406666667511
0.466666667412
0.466666667412
0.473333333929
0.429999999702
0.379999998957
0.43333333234
0.43333333234
0.440000000099
0.47000000005
0.410000000149
0.413333334029
0.440000000099
0.460000000894
0.406666667511
0.416666666667
0.393333333234
0.416666666667
0.47000000005
0.413333334029
0.400000000993
0.423333334426
0.446666666617
0.403333333631
0.423333333184
0.43666666622
0.440000000099
0.456666667014
0.453333334376
0.423333333184
0.383333332837
0.473333333929
0.46666666617
0.43333333234
0.449999999255
0.426666665822
0.396666667114
0.449999999255
0.420000000546
0.416666666667
0.406666667511
0.419999999305
0.406666667511
0.409999998907
0.403333333631
0.456666667014
0.443333333979
0.396666665872
0.399999999752
0.406666666269
0.393333333234
0.486666666965
0.46666666617
0.453333333135
0.406666666269
0.40333333239
0.47000000005
0.399999999752
0.410000000149
0.410000000149
0.443333333979
0.406666666269
0.423333334426
0.396666665872
0.436666667461
0.406666666269
0.396666665872
0.419999999305
0.429999999702
0.400000000993
0.413333332787
0.396666667114
0.420000000546
0.43666666622
0.413333332787
0.390000000596
0.386666666716
0.399999999752
0.423333333184
0.406666666269
0.389999999354
0.396666667114
0.396666667114
0.440000000099
0.453333333135
0.440000000099
0.406666666269
0.426666665822
0.396666665872
0.410000000149
0.399999999752
0.403333333631
0.403333333631
0.429999999702
0.406666666269
0.423333333184
0.440000000099
0.423333333184
0.426666667064
0.416666666667
0.396666667114
0.406666666269
0.386666666716
0.410000000149
0.410000000149
0.406666666269
0.426666667064
0.429999999702
0.406666666269
0.406666666269
0.429999999702
0.429999999702
0.419999999305
0.429999999702
0.443333332737
0.443333333979
0.399999999752
0.420000000546
0.429999999702
0.393333333234
0.399999999752
0.419999999305
0.459999999652
0.463333333532
0.423333334426
0.40333333239
0.403333333631
0.426666667064
0.426666667064
0.456666667014
0.446666666617
0.393333333234
0.399999999752
0.416666666667
0.433333333582
0.429999999702
0.443333333979
0.456666667014
0.43666666622
0.456666667014
0.403333333631
0.429999999702
0.429999999702
0.443333333979
0.47000000005
0.396666667114
0.409999998907
0.40333333239
0.416666666667
0.376666667561
0.429999999702
0.416666666667
0.430000000944
0.403333333631
0.416666666667
0.43333333234
0.47000000005
0.423333333184
0.419999999305
0.396666667114
0.410000000149
0.396666667114
0.423333333184
0.430000000944
0.403333333631
0.373333332439
0.416666666667
0.383333334078
0.406666667511
0.396666665872
0.413333334029
0.420000000546
0.416666666667
0.426666667064
0.433333333582
0.403333333631
0.410000000149
0.390000000596
0.393333333234
0.413333332787
0.406666666269
0.413333332787
0.423333333184
0.390000000596
0.380000000199
0.403333333631
0.406666666269
0.399999999752
0.403333333631
0.386666666716
0.380000000199
0.426666665822
0.389999999354
0.399999999752
0.403333333631
0.396666667114
0.426666667064
0.453333334376
0.399999999752
0.419999999305
0.416666666667
0.399999999752
0.403333333631
0.429999999702
0.390000000596
0.459999999652
0.489999999603
0.436666667461
0.466666667412
0.396666667114
0.436666667461
0.419999999305
0.446666666617
0.429999999702
0.426666665822
0.460000000894
0.479999999205
0.433333333582
0.416666666667
0.399999999752
0.429999999702
0.43333333234
0.446666666617
0.429999999702
0.406666666269
0.413333334029
0.426666667064
0.426666667064
0.426666667064
0.403333333631
0.403333333631
0.416666666667
0.420000000546
0.406666666269
0.406666667511
0.413333334029
0.403333333631
0.416666666667
0.43666666622
0.450000000497
0.426666667064
0.416666666667
0.423333333184
0.423333333184
0.40333333239
0.410000000149
0.426666665822
0.380000000199
0.416666666667
0.440000000099
0.440000000099
0.403333333631
0.410000000149
0.399999999752
0.423333333184
0.420000000546
0.440000000099
0.406666666269
0.453333333135
0.416666666667
0.406666666269
0.410000000149
0.420000000546
0.403333333631
0.386666666716
0.463333333532
0.423333333184
0.443333332737
0.43666666622
0.406666666269
0.400000000993
0.389999999354
0.416666666667
0.383333332837
0.450000000497
0.433333333582
0.423333333184
0.389999999354
0.419999999305
0.436666667461
0.423333334426
0.443333332737
0.393333333234
0.410000000149
0.416666666667
0.426666665822
0.46666666617
0.443333332737
0.419999999305
0.393333333234
0.399999999752
0.410000000149
0.420000000546
0.416666666667
0.426666667064
0.393333333234
0.426666667064
0.396666667114
0.43666666622
0.439999998858
0.429999999702
0.456666665773
0.453333333135
0.420000000546
0.433333333582
0.400000000993
0.400000000993
0.373333332439
0.430000000944
0.410000000149
0.433333333582
0.43333333234
0.40333333239
0.423333333184
0.406666666269
0.410000000149
0.403333333631
0.386666666716
0.436666667461
0.396666665872
0.410000000149
0.413333334029
0.440000000099
0.400000000993
0.403333333631
0.399999999752
0.449999999255
0.43333333234
0.416666666667
0.373333333681
0.396666667114
0.403333333631
0.440000000099
0.390000000596
0.433333333582
0.406666666269
0.410000000149
0.406666666269
0.429999999702
0.399999999752
0.423333333184
0.403333333631
0.413333334029
0.406666666269
0.403333333631
0.399999999752
0.420000000546
0.459999999652
0.426666667064
0.403333333631
0.423333333184
0.396666665872
0.406666666269
0.386666666716
0.420000000546
0.376666666319
0.389999999354
0.399999999752
0.399999999752
0.386666666716
0.406666666269
0.413333332787
0.393333334476
0.393333333234
0.406666667511
0.416666666667
0.399999999752
0.416666666667
0.406666666269
0.449999999255
0.386666666716
0.429999999702
0.426666667064
0.413333332787
0.363333333284
0.383333332837
0.423333333184
0.413333332787
0.419999999305
0.420000000546
0.426666667064
0.453333333135
0.410000000149
0.426666667064
0.410000000149
0.410000000149
0.396666667114
0.410000000149
0.406666667511
0.399999999752
0.403333333631
0.429999999702
0.420000000546
0.463333333532
0.453333333135
0.43666666622
0.419999999305
0.460000000894
0.423333333184
0.5
0.429999999702
0.520000000795
0.416666666667
0.433333333582
0.453333333135
0.406666666269
0.413333334029
0.403333333631
0.420000000546
0.453333333135
0.429999999702
0.43666666622
0.396666667114
0.436666667461
0.453333333135
0.486666666965
0.456666665773
0.396666665872
0.380000000199
0.420000000546
0.423333333184
0.436666667461
0.396666667114
0.410000000149
0.403333333631
0.47000000005
0.403333333631
0.446666666617
0.443333333979
0.433333333582
0.413333332787
0.403333333631
0.423333333184
0.440000000099
0.416666666667
0.456666667014
0.543333332986
0.576666666816
0.516666666915
0.416666666667
0.496666667362
0.476666666567
0.400000000993
0.419999999305
0.426666665822
0.436666667461
0.453333334376
0.386666666716
0.399999999752
0.393333333234
0.43666666622
0.419999999305
0.426666667064
0.416666666667
0.420000000546
0.440000000099
0.446666666617
0.473333333929
0.406666666269
0.420000000546
0.436666667461
0.403333333631
0.406666666269
0.400000000993
0.396666667114
0.396666665872
0.399999999752
0.419999999305
0.443333333979
0.403333333631
0.406666667511
0.416666666667
0.419999999305
0.419999999305
0.406666666269
0.416666666667
0.413333334029
0.450000000497
0.403333333631
0.440000000099
0.410000000149
0.453333333135
0.399999999752
0.423333333184
0.406666666269
0.453333333135
0.406666666269
0.410000000149
0.406666666269
0.419999999305
0.416666666667
0.446666666617
0.410000000149
0.419999999305
0.413333332787
0.386666666716
0.423333333184
0.413333334029
0.416666666667
0.426666665822
0.456666667014
0.443333332737
0.440000000099
0.393333333234
0.419999999305
0.420000000546
0.420000000546
0.393333333234
0.406666667511
0.420000000546
0.416666666667
0.419999999305
0.399999999752
0.403333333631
0.453333333135
0.449999999255
0.426666667064
0.413333334029
0.47000000005
0.450000000497
0.379999998957
0.403333333631
0.403333333631
0.406666666269
0.416666666667
0.376666666319
0.409999998907
0.413333334029
0.406666666269
0.419999999305
0.416666666667
0.410000000149
0.393333333234
0.419999999305
0.413333332787
0.423333334426
0.429999999702
0.43666666622
0.413333332787
0.396666667114
0.393333334476
0.410000000149
0.400000000993
0.440000000099
0.393333333234
0.483333333085
0.413333332787
0.396666665872
0.416666666667
0.40333333239
0.406666666269
0.456666667014
0.463333333532
0.383333332837
0.416666666667
0.403333333631
0.393333333234
0.403333333631
0.446666666617
0.440000000099
0.413333332787
0.403333333631
0.416666666667
0.393333333234
0.43666666622
0.446666666617
0.46666666617
0.473333333929
0.393333333234
0.406666666269
0.453333333135
0.463333333532
0.480000000447
0.510000000397
0.443333333979
0.443333333979
0.443333333979
0.393333333234
0.410000000149
0.413333332787
0.399999999752
0.413333332787
0.416666666667
0.416666666667
0.429999999702
0.413333332787
0.396666667114
0.440000000099
0.390000000596
0.399999999752
0.413333332787
0.420000000546
0.446666666617
0.413333334029
0.423333334426
0.443333332737
0.403333333631
0.429999999702
0.410000000149
0.410000000149
0.433333333582
0.429999999702
0.413333332787
0.406666667511
0.433333333582
0.43333333234
0.406666666269
0.393333333234
0.413333332787
0.429999999702
0.410000000149
0.413333334029
0.390000000596
0.379999998957
0.47000000005
0.413333332787
0.433333333582
0.440000000099
0.440000000099
0.443333333979
0.413333332787
0.376666666319
0.403333333631
0.420000000546
0.423333333184
0.383333334078
0.403333333631
0.369999999801
0.386666665475
0.46666666617
0.446666666617
0.400000000993
0.373333333681
0.406666666269
0.420000000546
0.399999999752
0.416666666667
0.463333333532
0.390000000596
0.419999999305
0.426666667064
0.416666666667
0.403333333631
0.393333333234
0.403333333631
0.47000000005
0.473333333929
0.389999999354
0.413333332787
0.396666667114
0.423333334426
0.386666666716
0.443333332737
0.443333332737
0.453333333135
0.486666666965
0.436666667461
0.46666666617
0.480000000447
0.386666666716
0.383333332837
0.440000000099
0.389999999354
0.453333333135
0.456666667014
0.393333333234
0.443333332737
0.429999999702
0.429999999702
0.43666666622
0.413333332787
0.386666666716
0.43666666622
0.416666666667
0.429999999702
0.403333333631
0.386666666716
0.403333333631
0.376666666319
0.390000000596
0.413333332787
0.416666666667
0.420000000546
0.396666665872
0.383333332837
0.396666667114
0.390000000596
0.52999999995
0.443333332737
0.453333334376
0.440000000099
0.380000000199
0.406666666269
0.410000000149
0.383333332837
0.389999999354
0.413333332787
0.410000000149
0.410000000149
0.403333333631
0.426666667064
0.390000000596
0.413333332787
0.426666667064
0.386666666716
0.410000000149
0.396666665872
0.423333333184
0.429999999702
0.433333333582
0.423333333184
0.426666667064
0.410000000149
0.390000000596
0.406666666269
0.396666667114
0.40333333239
0.406666666269
0.399999999752
0.416666666667
0.399999999752
0.416666666667
0.403333333631
0.419999999305
0.393333333234
0.43666666622
0.433333333582
0.419999999305
0.399999999752
0.419999999305
0.420000000546
0.410000000149
0.410000000149
0.423333333184
0.423333333184
0.399999999752
0.410000000149
0.400000000993
0.386666666716
0.433333333582
0.419999999305
0.429999999702
0.436666667461
0.406666666269
0.406666666269
0.433333333582
0.406666666269
0.429999999702
0.446666666617
0.419999999305
0.393333334476
0.396666665872
0.396666665872
0.410000000149
0.399999999752
0.386666666716
0.419999999305
0.423333334426
0.396666665872
0.406666666269
0.440000000099
0.433333333582
0.403333333631
0.386666666716
0.383333332837
0.406666666269
0.406666666269
0.450000000497
0.453333333135
0.426666667064
0.459999999652
0.426666667064
0.400000000993
0.426666665822
0.406666666269
0.403333333631
0.423333333184
0.386666666716
0.440000000099
0.400000000993
0.410000000149
0.416666666667
0.436666667461
0.383333332837
0.419999999305
0.440000000099
0.443333332737
0.419999999305
0.443333332737
0.396666667114
0.43666666622
0.429999999702
0.420000000546
0.410000000149
0.453333333135
0.446666666617
0.486666666965
0.46666666617
0.5
0.486666666965
0.476666666567
0.493333333482
0.380000000199
0.390000000596
0.386666666716
0.376666667561
0.393333333234
0.393333333234
0.440000000099
0.410000000149
0.420000000546
0.393333333234
0.399999999752
0.410000000149
0.453333333135
0.426666665822
0.406666666269
0.439999998858
0.416666666667
0.443333333979
0.423333333184
0.399999999752
0.416666666667
0.393333334476
0.423333333184
0.390000000596
0.440000000099
0.420000000546
0.493333333482
0.516666666915
0.5
0.5
0.440000000099
0.43666666622
0.403333333631
0.426666667064
0.410000000149
0.443333333979
0.426666667064
0.410000000149
0.43666666622
0.43333333234
0.406666667511
0.410000000149
0.383333334078
0.406666666269
0.376666666319
0.399999999752
0.396666667114
0.403333333631
0.396666667114
0.396666667114
0.396666667114
0.396666667114
0.420000000546
0.376666667561
0.410000000149
0.396666667114
0.400000000993
0.383333334078
0.396666665872
0.393333333234
0.406666666269
0.393333333234
0.413333332787
0.393333333234
0.413333334029
0.426666667064
0.406666667511
0.396666665872
0.406666666269
0.416666666667
0.393333333234
0.390000000596
0.390000000596
0.413333332787
0.393333333234
0.399999999752
0.40333333239
0.406666666269
0.386666666716
0.426666667064
0.416666666667
0.429999999702
0.426666667064
0.426666667064
0.459999999652
0.480000000447
0.480000000447
0.476666666567
0.486666666965
0.419999999305
0.386666666716
0.396666667114
0.413333334029
0.429999999702
0.406666667511
0.406666666269
0.420000000546
0.40333333239
0.399999999752
0.390000000596
0.413333334029
0.423333333184
0.399999999752
0.410000000149
0.383333332837
0.406666666269
0.436666667461
0.566666666418
0.549999999503
0.563333332539
0.596666666369
0.380000000199
0.423333333184
0.40333333239
0.416666666667
0.383333332837
0.419999999305
0.383333332837
0.396666667114
0.423333333184
0.420000000546
0.406666666269
0.416666666667
0.386666666716
0.426666667064
0.423333333184
0.410000000149
0.40333333239
0.406666666269
0.426666667064
0.410000000149
0.413333334029
0.369999999801
0.383333334078
0.453333333135
0.440000000099
0.403333333631
0.386666666716
0.420000000546
0.399999999752
0.403333333631
0.440000000099
0.410000000149
0.399999999752
0.413333332787
0.429999999702
0.413333332787
0.406666667511
0.410000000149
0.413333332787
0.389999999354
0.396666667114
0.406666666269
0.423333333184
0.436666667461
0.443333333979
0.456666667014
0.396666667114
0.413333332787
0.463333333532
0.440000000099
0.443333333979
0.403333333631
0.443333333979
0.459999999652
0.420000000546
0.466666667412
0.410000000149
0.416666666667
0.429999999702
0.396666667114
0.426666667064
0.446666666617
0.396666667114
0.40333333239
0.393333333234
0.390000000596
0.376666666319
0.456666667014
0.429999999702
0.390000000596
0.406666667511
0.383333334078
0.423333333184
0.403333333631
0.416666666667
0.393333333234
0.399999999752
0.406666667511
0.383333334078
0.390000000596
0.423333334426
0.399999999752
0.399999999752
0.403333333631
0.399999999752
0.410000000149
0.389999999354
0.403333333631
0.40333333239
0.440000000099
0.420000000546
0.440000000099
0.413333334029
0.393333333234
0.43666666622
0.433333333582
0.43666666622
0.396666667114
0.420000000546
0.420000000546
0.413333332787
0.413333334029
0.410000000149
0.413333334029
0.463333333532
0.473333333929
0.46333333229
0.426666667064
0.413333332787
0.403333333631
0.429999999702
0.456666667014
0.443333333979
0.423333333184
0.416666666667
0.419999999305
0.450000000497
0.459999999652
0.429999999702
0.406666667511
0.433333333582
0.443333332737
0.390000000596
0.386666666716
0.423333333184
0.433333333582
0.436666667461
0.420000000546
0.433333333582
0.426666667064
0.413333334029
0.396666667114
0.430000000944
0.416666666667
0.389999999354
0.459999999652
0.449999999255
0.410000000149
0.423333333184
0.423333333184
0.456666665773
0.433333333582
0.423333333184
0.409999998907
0.413333332787
0.396666667114
0.419999999305
0.403333333631
0.413333332787
0.396666667114
0.373333333681
0.443333332737
0.383333334078
0.416666666667
0.429999999702
0.420000000546
0.410000000149
0.420000000546
0.423333333184
0.406666667511
0.413333332787
0.440000000099
0.466666667412
0.399999999752
0.419999999305
0.393333333234
0.393333333234
0.386666666716
0.410000000149
0.406666667511
0.406666667511
0.413333332787
0.406666666269
0.413333334029
0.389999999354
0.383333332837
0.386666666716
0.393333333234
0.423333334426
0.399999999752
0.40333333239
0.413333332787
0.449999999255
0.389999999354
0.43666666622
0.413333334029
0.423333333184
0.473333332688
0.410000000149
0.446666666617
0.410000000149
0.429999999702
0.446666666617
0.410000000149
0.440000000099
0.463333333532
0.413333334029
0.440000000099
0.459999999652
0.453333333135
0.416666666667
0.393333333234
0.409999998907
0.396666667114
0.399999999752
0.426666667064
0.413333334029
0.416666666667
0.396666667114
0.433333333582
0.403333333631
0.393333333234
0.393333333234
0.426666665822
0.373333332439
0.403333333631
0.400000000993
0.413333334029
0.389999999354
0.479999999205
0.416666666667
0.416666666667
0.46666666617
0.420000000546
0.423333333184
0.426666667064
0.436666667461
0.423333333184
0.399999999752
0.413333332787
0.403333333631
0.449999999255
0.393333334476
0.419999999305
0.433333333582
0.416666666667
0.410000000149
0.436666667461
0.473333333929
0.429999999702
0.453333333135
0.399999999752
0.423333333184
0.410000000149
0.416666666667
0.366666665922
0.419999999305
0.386666666716
0.416666666667
0.413333334029
0.389999999354
0.393333333234
0.379999998957
0.386666666716
0.396666667114
0.416666666667
0.440000000099
0.410000000149
0.423333333184
0.386666666716
0.399999999752
0.416666666667
0.390000000596
0.403333333631
0.399999999752
0.396666667114
0.396666665872
0.413333332787
0.393333333234
0.423333333184
0.423333334426
0.433333333582
0.406666666269
0.426666667064
0.416666666667
0.413333332787
0.403333333631
0.393333333234
0.420000000546
0.389999999354
0.373333333681
0.430000000944
0.406666666269
0.429999999702
0.386666666716
0.43666666622
0.43666666622
0.406666666269
0.403333333631
0.416666666667
0.43666666622
0.403333333631
0.423333334426
0.440000000099
0.426666667064
0.426666665822
0.419999999305
0.399999999752
0.446666666617
0.456666667014
0.446666667859
0.400000000993
0.366666665922
0.420000000546
0.410000000149
0.43666666622
0.399999999752
0.410000000149
0.389999999354
0.410000000149
0.430000000944
0.396666667114
0.393333333234
0.390000000596
0.406666666269
0.420000000546
0.399999999752
0.403333333631
0.376666666319
0.396666665872
0.396666667114
0.426666667064
0.406666666269
0.399999999752
0.389999999354
0.399999999752
0.389999999354
0.420000000546
0.443333332737
0.393333333234
0.399999999752
0.383333332837
0.383333334078
0.383333334078
0.383333332837
0.399999999752
0.389999999354
0.43666666622
0.390000000596
0.426666665822
0.439999998858
0.396666667114
0.383333332837
0.410000000149
0.426666667064
0.420000000546
0.46333333229
0.440000000099
0.429999999702
0.47000000005
0.406666666269
0.406666667511
0.393333333234
0.393333333234
0.406666666269
0.429999999702
0.453333333135
0.436666667461
0.406666666269
0.396666667114
0.413333332787
0.403333333631
0.393333333234
0.40333333239
0.549999999503
0.559999999901
0.403333333631
0.386666665475
0.403333333631
0.369999999801
0.393333333234
0.379999998957
0.410000000149
0.443333332737
0.373333333681
0.420000000546
0.449999999255
0.406666666269
0.393333333234
0.383333332837
0.389999999354
0.393333333234
0.383333334078
0.400000000993
0.403333333631
0.419999999305
0.406666666269
0.389999999354
0.386666666716
0.393333333234
0.380000000199
0.383333332837
0.410000000149
0.486666666965
0.52999999995
0.723333332688
0.579999999454
0.406666666269
0.413333334029
0.419999999305
0.396666667114
0.406666666269
0.413333334029
0.396666667114
0.403333333631
0.430000000944
0.429999999702
0.430000000944
0.440000000099
0.373333332439
0.386666665475
0.413333332787
0.429999999702
0.433333333582
0.393333333234
0.356666666766
0.406666667511
0.403333333631
0.386666666716
0.426666667064
0.449999999255
0.476666666567
0.479999999205
0.440000000099
0.393333333234
0.396666667114
0.413333332787
0.396666667114
0.376666667561
0.410000000149
0.406666667511
0.366666667163
0.416666666667
0.423333333184
0.426666667064
0.413333332787
0.399999999752
0.393333333234
0.406666667511
0.403333333631
0.386666666716
0.373333332439
0.406666667511
0.409999998907
0.409999998907
0.443333332737
0.443333333979
0.403333333631
0.416666666667
0.383333332837
0.406666666269
0.413333332787
0.406666666269
0.406666667511
0.383333332837
0.396666665872
0.416666666667
0.410000000149
0.403333333631
0.423333333184
0.436666667461
0.443333332737
0.43333333234
0.396666665872
0.420000000546
0.433333333582
0.459999999652
0.396666665872
0.366666665922
0.459999999652
0.420000000546
0.396666665872
0.433333333582
0.426666667064
0.416666666667
0.416666666667
0.420000000546
0.396666667114
0.40333333239
0.413333332787
0.380000000199
0.386666666716
0.396666667114
0.393333333234
0.376666666319
0.396666667114
0.389999999354
0.386666666716
0.406666666269
0.396666667114
0.449999999255
0.466666667412
0.399999999752
0.410000000149
0.390000000596
0.463333333532
0.399999999752
0.386666666716
0.386666666716
0.380000000199
0.40333333239
0.43666666622
0.413333332787
0.413333334029
0.413333334029
0.433333333582
0.429999999702
0.416666666667
0.443333333979
0.410000000149
0.383333334078
0.406666667511
0.366666665922
0.423333333184
0.396666665872
0.423333333184
0.403333333631
0.410000000149
0.459999999652
0.426666667064
0.433333333582
0.393333333234
0.389999999354
0.383333332837
0.390000000596
0.423333333184
0.386666666716
0.413333332787
0.386666666716
0.396666667114
0.393333333234
0.429999999702
0.383333334078
0.396666665872
0.410000000149
0.410000000149
0.393333333234
0.406666666269
0.399999999752
0.413333334029
0.393333333234
0.423333333184
0.399999999752
0.396666667114
0.40333333239
0.386666666716
0.416666666667
0.406666666269
0.40333333239
0.400000000993
0.403333333631
0.399999999752
0.40333333239
0.399999999752
0.396666665872
0.416666666667
0.393333334476
0.416666666667
0.443333333979
0.429999999702
0.419999999305
0.429999999702
0.406666666269
0.40333333239
0.426666665822
0.443333333979
0.453333333135
0.429999999702
0.440000000099
0.423333333184
0.406666666269
0.413333334029
0.403333333631
0.453333333135
0.453333333135
0.459999999652
0.453333333135
0.373333332439
0.383333332837
0.396666667114
0.386666666716
0.406666666269
0.390000000596
0.400000000993
0.400000000993
0.376666666319
0.433333333582
0.386666666716
0.420000000546
0.416666666667
0.443333332737
0.426666665822
0.400000000993
0.443333332737
0.383333334078
0.393333333234
0.416666666667
0.413333332787
0.416666666667
0.403333333631
0.413333332787
0.423333333184
0.433333333582
0.413333334029
0.416666666667
0.399999999752
0.429999999702
0.476666666567
0.426666667064
0.383333332837
0.399999999752
0.403333333631
0.393333333234
0.440000000099
0.423333333184
0.373333333681
0.399999999752
0.393333334476
0.40333333239
0.393333333234
0.390000000596
0.416666666667
0.40333333239
0.383333332837
0.383333334078
0.410000000149
0.426666667064
0.433333333582
0.403333333631
0.426666665822
0.400000000993
0.430000000944
0.420000000546
0.399999999752
0.373333333681
0.403333333631
0.390000000596
0.423333333184
0.393333333234
0.406666666269
0.403333333631
0.380000000199
0.416666666667
0.403333333631
0.413333334029
0.453333334376
0.389999999354
0.423333333184
0.389999999354
0.403333333631
0.393333333234
0.420000000546
0.423333333184
0.419999999305
0.389999999354
0.363333333284
0.403333333631
0.416666666667
0.393333334476
0.389999999354
0.406666666269
0.410000000149
0.429999999702
0.406666666269
0.390000000596
0.460000000894
0.409999998907
0.396666667114
0.389999999354
0.416666666667
0.410000000149
0.416666666667
0.420000000546
0.416666666667
0.446666666617
0.43666666622
0.449999999255
0.403333333631
0.453333333135
0.413333332787
0.416666666667
0.410000000149
0.413333332787
0.426666667064
0.406666666269
0.393333333234
0.413333332787
0.456666667014
0.396666667114
0.423333333184
0.403333333631
0.406666667511
0.413333332787
0.426666665822
0.399999999752
0.420000000546
0.393333334476
0.406666667511
0.396666665872
0.399999999752
0.410000000149
0.43666666622
0.43666666622
0.423333333184
0.416666666667
0.406666666269
0.396666667114
0.393333333234
0.406666666269
0.393333333234
0.393333333234
0.416666666667
0.400000000993
0.396666665872
0.403333333631
0.400000000993
0.399999999752
0.410000000149
0.410000000149
0.580000000695
0.560000001142
0.56333333378
0.556666667263
0.433333333582
0.373333333681
0.429999999702
0.433333333582
0.413333334029
0.406666666269
0.389999999354
0.46666666617
0.413333334029
0.403333333631
0.399999999752
0.383333334078
0.396666665872
0.410000000149
0.393333333234
0.390000000596
0.399999999752
0.479999999205
0.453333333135
0.420000000546
0.393333333234
0.406666666269
0.399999999752
0.406666666269
0.493333333482
0.506666667759
0.473333333929
0.473333333929
0.393333333234
0.376666666319
0.409999998907
0.363333333284
0.396666667114
0.446666666617
0.446666666617
0.416666666667
0.420000000546
0.390000000596
0.413333334029
0.396666665872
0.423333333184
0.413333332787
0.353333332886
0.386666666716
0.406666666269
0.406666667511
0.393333333234
0.406666666269
0.406666666269
0.393333333234
0.406666667511
0.389999999354
0.403333333631
0.393333333234
0.5
0.486666666965
0.490000000844
0.396666667114
0.416666666667
0.456666665773
0.449999999255
0.399999999752
0.380000000199
0.419999999305
0.386666666716
0.380000000199
0.399999999752
0.426666667064
0.40333333239
0.396666665872
0.416666666667
0.423333333184
0.426666665822
0.403333333631
0.413333334029
0.450000000497
0.423333333184
0.413333334029
0.393333333234
0.389999999354
0.390000000596
0.390000000596
0.396666667114
0.386666666716
0.423333333184
0.406666666269
0.410000000149
0.420000000546
0.406666666269
0.393333333234
0.393333333234
0.426666667064
0.420000000546
0.393333333234
0.399999999752
0.413333334029
0.383333332837
0.403333333631
0.383333334078
0.386666666716
0.396666665872
0.396666665872
0.410000000149
0.399999999752
0.43666666622
0.399999999752
0.399999999752
0.393333333234
0.413333332787
0.393333333234
0.416666666667
0.403333333631
0.410000000149
0.386666666716
0.386666666716
0.399999999752
0.393333333234
0.399999999752
0.406666666269
0.389999999354
0.386666666716
0.416666666667
0.409999998907
0.416666666667
0.419999999305
0.413333334029
0.403333333631
0.416666666667
0.410000000149
0.399999999752
0.413333332787
0.386666666716
0.396666667114
0.389999999354
0.396666667114
0.396666665872
0.383333332837
0.396666667114
0.383333332837
0.406666666269
0.406666666269
0.396666667114
0.396666667114
0.399999999752
0.380000000199
0.393333333234
0.489999999603
0.423333333184
0.393333333234
0.386666665475
0.396666667114
0.403333333631
0.406666666269
0.386666666716
0.370000001043
0.380000000199
0.383333332837
0.420000000546
0.40333333239
0.393333333234
0.383333332837
0.399999999752
0.399999999752
0.399999999752
0.416666666667
0.416666666667
0.406666666269
0.396666665872
0.406666666269
0.399999999752
0.390000000596
0.410000000149
0.443333333979
0.399999999752
0.406666667511
0.399999999752
0.40333333239
0.386666666716
0.43666666622
0.433333333582
0.396666665872
0.393333333234
0.410000000149
0.409999998907
0.426666667064
0.396666667114
0.403333333631
0.390000000596
0.416666666667
0.373333333681
0.393333333234
0.406666666269
0.396666667114
0.396666667114
0.433333333582
0.430000000944
0.413333334029
0.413333332787
0.413333332787
0.400000000993
0.386666666716
0.413333332787
0.406666666269
0.386666666716
0.396666667114
0.419999999305
0.433333333582
0.446666666617
0.446666666617
0.406666666269
0.393333333234
0.43333333234
0.423333333184
0.433333333582
0.440000000099
0.400000000993
0.396666667114
0.390000000596
0.410000000149
0.423333333184
0.406666666269
0.47000000005
0.406666666269
0.420000000546
0.399999999752
0.413333334029
0.390000000596
0.403333333631
0.390000000596
0.413333334029
0.416666666667
0.383333332837
0.429999999702
0.423333333184
0.429999999702
0.423333333184
0.390000000596
0.396666667114
0.369999999801
0.416666666667
0.416666666667
0.403333333631
0.423333333184
0.416666666667
0.433333333582
0.423333334426
0.416666666667
0.399999999752
0.389999999354
0.396666667114
0.403333333631
0.399999999752
0.399999999752
0.393333333234
0.406666666269
0.399999999752
0.406666666269
0.423333333184
0.399999999752
0.399999999752
0.406666666269
0.449999999255
0.386666666716
0.406666666269
0.423333333184
0.413333334029
0.413333334029
0.410000000149
0.393333333234
0.403333333631
0.399999999752
0.433333333582
0.413333332787
0.440000000099
0.416666666667
0.43666666622
0.403333333631
0.410000000149
0.390000000596
0.413333332787
0.423333333184
0.399999999752
0.413333332787
0.396666667114
0.406666666269
0.410000000149
0.390000000596
0.413333334029
0.443333333979
0.426666665822
0.446666666617
0.429999999702
0.440000000099
0.426666667064
0.373333333681
0.480000000447
0.440000000099
0.399999999752
0.446666666617
0.436666667461
0.390000000596
0.399999999752
0.376666666319
0.389999999354
0.390000000596
0.396666667114
0.363333333284
0.429999999702
0.446666666617
0.43666666622
0.386666666716
0.383333334078
0.413333334029
0.410000000149
0.403333333631
0.419999999305
0.443333332737
0.440000000099
0.383333334078
0.43666666622
0.413333332787
0.356666666766
0.420000000546
0.446666666617
0.423333333184
0.393333333234
0.396666667114
0.380000000199
0.416666666667
0.443333333979
0.443333333979
0.413333334029
0.413333332787
0.399999999752
0.410000000149
0.456666667014
0.449999999255
0.433333333582
0.429999999702
0.403333333631
0.406666667511
0.410000000149
0.413333334029
0.389999999354
0.413333334029
0.423333333184
0.416666666667
0.440000000099
0.429999999702
0.386666666716
0.393333333234
0.380000000199
0.426666667064
0.423333333184
0.393333333234
0.406666667511
0.420000000546
0.426666667064
0.393333333234
0.383333332837
0.419999999305
0.399999999752
0.393333333234
0.386666666716
0.413333334029
0.410000000149
0.436666667461
0.396666667114
0.410000000149
0.399999999752
0.399999999752
0.399999999752
0.410000000149
0.400000000993
0.410000000149
0.396666665872
0.399999999752
0.389999999354
0.390000000596
0.403333333631
0.380000000199
0.416666666667
0.410000000149
0.403333333631
0.400000000993
0.419999999305
0.389999999354
0.399999999752
0.390000000596
0.413333334029
0.416666666667
0.450000000497
0.446666666617
0.403333333631
0.410000000149
0.393333333234
0.399999999752
0.393333334476
0.496666667362
0.546666665624
0.449999999255
0.416666666667
0.410000000149
0.383333334078
0.396666667114
0.373333333681
0.416666666667
0.429999999702
0.416666666667
0.433333333582
0.410000000149
0.420000000546
0.413333334029
0.429999999702
0.423333333184
0.413333332787
0.399999999752
0.400000000993
0.376666667561
0.400000000993
0.376666666319
0.383333332837
0.393333333234
0.376666666319
0.399999999752
0.379999998957
0.390000000596
0.400000000993
0.400000000993
0.413333332787
