bytes_written	total_items	curr_connections	threads	cmd_set	cmd_get	get_misses	get_hits	bytes_read
15533992784	690560	33	8	692694	9717900	1895996	7821904	2113115008	366026
15535359170	690565	32	8	692699	9718648	1896124	7822524	2113196469	366026
15536608880	690565	27	8	692699	9719381	1896234	7823147	2113270059	366026
15537872198	690568	25	8	692702	9720129	1896361	7823768	2113348433	366026
15539080933	690570	31	8	692704	9720853	1896464	7824389	2113421605	366025
15540142582	690581	29	8	692715	9721587	1896583	7825004	2113510158	366030
15541442825	690581	27	8	692715	9722292	1896702	7825590	2113580574	366030
15542407797	690581	25	8	692715	9722968	1896810	7826158	2113647724	366030
15543479537	690581	25	8	692715	9723681	1896913	7826768	2113719120	366030
15544593409	690585	33	8	692719	9724437	1897034	7827403	2113799191	366032
15545531995	690586	29	8	692720	9725181	1897158	7828023	2113875502	366032
15546839417	690589	30	8	692723	9725929	1897265	7828664	2113953754	366033
15548030462	690591	25	8	692725	9726649	1897379	7829270	2114027321	366032
15549302796	690593	33	8	692727	9727395	1897488	7829907	2114102466	366031
15550675125	690600	27	8	692734	9728115	1897601	7830514	2114188756	366030
15551757604	690602	28	8	692736	9728835	1897722	7831113	2114267376	366029
15553131231	690605	32	8	692739	9729589	1897857	7831732	2114341937	366028
15554336895	690612	19	8	692746	9730334	1897983	7832351	2114429601	366027
15555876374	690612	27	8	692746	9731082	1898094	7832988	2114503557	366027
15556962305	690614	31	8	692748	9731823	1898197	7833626	2114578152	366027
15558022804	690615	27	8	692749	9732540	1898314	7834226	2114650537	366026
15559226038	690619	29	8	692753	9733266	1898427	7834839	2114728398	366026
15560331074	690619	33	8	692753	9733984	1898526	7835458	2114800931	366026
15561507052	690619	28	8	692753	9734713	1898637	7836076	2114874675	366026
15562442046	690619	33	8	692753	9735443	1898742	7836701	2114947432	366026
15563533851	690619	31	8	692753	9736176	1898865	7837311	2115020688	366026
15564592752	690619	25	8	692753	9736894	1898967	7837927	2115093379	366026
15565816669	690620	33	8	692754	9737652	1899091	7838561	2115170928	366026
15567006901	690620	27	8	692754	9738380	1899206	7839174	2115245036	366026
15568196561	690621	28	8	692755	9739115	1899309	7839806	2115320805	366026
15569454902	690623	21	8	692757	9739839	1899417	7840422	2115405377	366025
15570630875	690628	27	8	692762	9740592	1899538	7841054	2115487201	366022
15572053214	690629	31	8	692763	9741331	1899643	7841688	2115559779	366021
15573487301	690630	27	8	692764	9742073	1899756	7842317	2115633507	366020
15574646709	690633	29	8	692767	9742799	1899866	7842933	2115712270	366020
15575808137	690633	27	8	692767	9743529	1899980	7843549	2115785570	366020
15576929243	690633	33	8	692767	9744303	1900123	7844180	2115860953	366020
15578183788	690636	29	8	692770	9745036	1900245	7844791	2115936233	366019
15579605747	690636	26	8	692770	9745766	1900350	7845416	2116009824	366019
15580960281	690636	28	8	692770	9746504	1900461	7846043	2116083229	366018
15582446829	690638	36	8	692772	9747277	1900566	7846711	2116162513	366018
15583853322	690638	26	8	692772	9748032	1900687	7847345	2116237513	366018
15585120322	690638	27	8	692772	9748745	1900801	7847944	2116310316	366018
15586581739	690638	33	8	692772	9749518	1900931	7848587	2116386205	366018
15587883542	690638	32	8	692772	9750262	1901056	7849206	2116459625	366018
15588959113	690638	28	8	692772	9750996	1901174	7849822	2116532602	366018
15590062039	690638	25	8	692772	9751706	1901284	7850422	2116604520	366018
15591547007	690639	30	8	692773	9752435	1901393	7851042	2116677376	366017
15592718063	690642	33	8	692776	9753163	1901509	7851654	2116758026	366016
15593804139	690645	25	8	692779	9753854	1901614	7852240	2116832837	366015
15595148624	690647	31	8	692781	9754594	1901724	7852870	2116912765	366015
15596297056	690649	34	8	692783	9755346	1901842	7853504	2116991177	366014
15597225523	690650	27	8	692784	9756057	1901954	7854103	2117065389	366014
15598688958	690650	27	8	692784	9756794	1902067	7854727	2117139511	366014
15599835895	690650	35	8	692784	9757519	1902185	7855334	2117211477	366014
15601153589	690650	26	8	692784	9758221	1902292	7855929	2117280434	366014
15602199344	690650	27	8	692784	9758960	1902402	7856558	2117354876	366014
15603540045	690654	23	8	692788	9759706	1902517	7857189	2117436394	366013
15604804947	690654	23	8	692788	9760435	1902628	7857807	2117510090	366013
15605909311	690654	31	8	692788	9761149	1902734	7858415	2117581111	366013
15606904431	690655	31	8	692789	9761881	1902849	7859032	2117654918	366013
15608037920	690657	30	8	692791	9762605	1902976	7859629	2117728070	366012
15609352320	690658	34	8	692792	9763388	1903111	7860277	2117808476	366011
15610554788	690660	28	8	692794	9764130	1903222	7860908	2117883560	366011
15611745985	690660	28	8	692794	9764858	1903341	7861517	2117956714	366011
15612866822	690660	35	8	692794	9765598	1903450	7862148	2118030685	366011
15614202185	690660	28	8	692794	9766359	1903574	7862785	2118105417	366011
15615414974	690660	24	8	692794	9767119	1903700	7863419	2118181188	366011
15616731132	690664	28	8	692798	9767874	1903818	7864056	2118259095	366011
15618080045	690665	33	8	692799	9768651	1903939	7864712	2118337290	366010
15619388108	690666	27	8	692800	9769370	1904040	7865330	2118411360	366010
15620659017	690666	27	8	692800	9770101	1904146	7865955	2118485116	366010
15621853199	690666	28	8	692800	9770821	1904253	7866568	2118557709	366010
15623168605	690666	24	8	692800	9771579	1904374	7867205	2118631589	366010
15624408498	690666	27	8	692800	9772305	1904471	7867834	2118704237	366010
15625765339	690666	30	8	692800	9773058	1904597	7868461	2118778737	366010
15627004023	690667	29	8	692801	9773792	1904708	7869084	2118852127	366010
15628293095	690675	26	8	692809	9774549	1904833	7869716	2118953140	366006
15629569470	690676	27	8	692810	9775294	1904952	7870342	2119027305	366006
15630634576	690676	27	8	692810	9776024	1905056	7870968	2119101219	366006
15631921510	690680	29	8	692814	9776774	1905178	7871596	2119182006	366005
15633076479	690680	35	8	692814	9777494	1905278	7872216	2119254782	366005
15634346632	690680	31	8	692814	9778230	1905393	7872837	2119328232	366005
15635673468	690684	28	8	692818	9778986	1905498	7873488	2119405206	366005
15636909026	690684	30	8	692818	9779721	1905610	7874111	2119479287	366005
15638294048	690684	30	8	692818	9780487	1905726	7874761	2119554847	366005
15639983537	690684	31	8	692818	9781227	1905833	7875394	2119628190	366005
15641167002	690684	29	8	692818	9781963	1905952	7876011	2119701823	366004
15642427161	690685	27	8	692819	9782687	1906073	7876614	2119774379	366005
15644003459	690685	32	8	692819	9783445	1906173	7877272	2119849821	366005
15645263768	690687	27	8	692821	9784194	1906289	7877905	2119926370	366005
15646463610	690690	23	8	692824	9784915	1906406	7878509	2120001378	366002
15647427760	690691	24	8	692825	9785627	1906521	7879106	2120072479	366002
15648872409	690691	28	8	692825	9786352	1906626	7879726	2120146026	366002
15650180115	690693	29	8	692827	9787099	1906745	7880354	2120222133	366002
15651587346	690693	29	8	692827	9787867	1906860	7881007	2120297061	366002
15652719211	690693	32	8	692827	9788605	1906985	7881620	2120370836	366002
15654146334	690694	29	8	692828	9789362	1907106	7882256	2120448002	366001
15655347893	690695	23	8	692829	9790099	1907235	7882864	2120521651	366000
15656865442	690695	31	8	692829	9790843	1907357	7883486	2120595586	366000
15658481978	690696	34	8	692830	9791612	1907470	7884142	2120670657	365999
15659494169	690697	31	8	692831	9792321	1907570	7884751	2120744407	365999
15660655875	690697	27	8	692831	9793014	1907667	7885347	2120815066	365999
15661749698	690697	32	8	692831	9793707	1907762	7885945	2120884000	365999
15663106226	690701	30	8	692835	9794456	1907869	7886587	2120958330	365999
15664448295	690701	27	8	692835	9795189	1907992	7887197	2121032734	365999
15665989172	690702	30	8	692836	9795973	1908118	7887855	2121110262	365999
15667627411	690703	32	8	692837	9796740	1908229	7888511	2121185148	365999
15668935258	690706	25	8	692840	9797487	1908346	7889141	2121269105	365998
15670513835	690706	29	8	692840	9798222	1908450	7889772	2121342308	365998
15671731788	690709	30	8	692843	9798942	1908555	7890387	2121419601	365997
15673045001	690712	28	8	692846	9799686	1908671	7891015	2121498913	365996
15674467471	690713	26	8	692847	9800394	1908785	7891609	2121571024	365996
15676063932	690713	26	8	692847	9801158	1908896	7892262	2121645981	365996
15677300230	690714	36	8	692848	9801916	1909015	7892901	2121722236	365996
15678609997	690714	26	8	692848	9802653	1909137	7893516	2121795071	365996
15679843404	690717	28	8	692851	9803398	1909252	7894146	2121869681	365996
15681649614	690719	27	8	692853	9804148	1909368	7894780	2121946895	365995
15682631373	690720	33	8	692854	9804893	1909510	7895383	2122020315	365995
15683760841	690721	25	8	692855	9805601	1909614	7895987	2122092010	365994
15684989956	690721	27	8	692855	9806343	1909724	7896619	2122166225	365994
15686459076	690722	27	8	692856	9807107	1909849	7897258	2122242436	365994
15687832709	690724	32	8	692858	9807876	1909975	7897901	2122317466	365993
15688979327	690725	26	8	692859	9808596	1910076	7898520	2122393359	365993
15690247818	690725	28	8	692859	9809328	1910203	7899125	2122467501	365993
15691747254	690728	23	8	692862	9810085	1910312	7899773	2122548126	365992
15692954472	690728	28	8	692862	9810844	1910421	7900423	2122622370	365992
15694180486	690730	25	8	692864	9811599	1910536	7901063	2122697038	365992
15695367585	690731	25	8	692865	9812314	1910651	7901663	2122769565	365991
15696476697	690731	33	8	692865	9813055	1910744	7902311	2122842985	365991
15697745564	690731	36	8	692865	9813779	1910856	7902923	2122916117	365991
15699090053	690733	25	8	692867	9814521	1910969	7903552	2122990493	365991
15700324387	690733	34	8	692867	9815247	1911068	7904179	2123061779	365991
15701583566	690733	27	8	692867	9815954	1911173	7904781	2123133589	365991
15702977823	690735	35	8	692869	9816716	1911292	7905424	2123211568	365991
15704296137	690735	29	8	692869	9817438	1911400	7906038	2123285299	365991
15705505317	690735	27	8	692869	9818167	1911517	7906650	2123358833	365991
15706400733	690737	30	8	692871	9818913	1911630	7907283	2123439123	365991
15707641023	690737	31	8	692871	9819654	1911743	7907911	2123512411	365991
15708808397	690737	22	8	692871	9820373	1911840	7908533	2123584931	365991
15710156745	690739	31	8	692873	9821136	1911960	7909176	2123660695	365990
15711170334	690739	28	8	692873	9821836	1912083	7909753	2123730367	365990
15712525915	690739	30	8	692873	9822575	1912194	7910381	2123803986	365990
15713987610	690739	30	8	692873	9823335	1912324	7911011	2123879257	365990
15715389177	690739	26	8	692873	9824066	1912422	7911644	2123952880	365990
15716670932	690740	27	8	692874	9824827	1912538	7912289	2124028054	365990
15717972740	690742	33	8	692876	9825589	1912661	7912928	2124107306	365990
15719072428	690743	27	8	692877	9826320	1912773	7913547	2124180639	365990
15720479831	690743	25	8	692877	9827065	1912891	7914174	2124255415	365990
15722021755	690743	28	8	692877	9827817	1913008	7914809	2124329999	365990
15723363409	690743	29	8	692877	9828548	1913113	7915435	2124402795	365990
15724195900	690743	31	8	692877	9829229	1913226	7916003	2124471398	365990
15725504806	690743	20	8	692877	9829947	1913352	7916595	2124544502	365990
15726838941	690744	33	8	692878	9830701	1913471	7917230	2124619460	365990
15727955424	690744	34	8	692878	9831428	1913579	7917849	2124691565	365990
15729224643	690744	30	8	692878	9832167	1913703	7918464	2124765277	365990
15730613018	690744	32	8	692878	9832905	1913820	7919085	2124839448	365990
15731877514	690745	29	8	692879	9833633	1913923	7919710	2124916036	365990
15733200258	690745	28	8	692879	9834385	1914039	7920346	2124990221	365990
15734804472	690745	27	8	692879	9835133	1914152	7920981	2125064511	365990
15736207097	690747	29	8	692881	9835908	1914273	7921635	2125143645	365990
15737529801	690747	29	8	692881	9836612	1914380	7922232	2125214541	365990
15738517685	690747	27	8	692881	9837335	1914487	7922848	2125287760	365990
15739875138	690748	26	8	692882	9838074	1914590	7923484	2125366012	365989
15740967834	690748	33	8	692882	9838817	1914702	7924115	2125441287	365989
15742164890	690748	32	8	692882	9839582	1914825	7924757	2125516482	365989
15743519114	690754	25	8	692888	9840315	1914941	7925374	2125602862	365987
15744481084	690755	31	8	692889	9841033	1915050	7925983	2125675166	365987
15745743542	690755	23	8	692889	9841767	1915166	7926601	2125749437	365987
15747032847	690755	35	8	692889	9842501	1915271	7927230	2125822898	365987
15748381570	690756	32	8	692890	9843256	1915389	7927867	2125897709	365987
15749950020	690756	26	8	692890	9843981	1915495	7928486	2125970228	365987
15751213712	690756	28	8	692890	9844738	1915613	7929125	2126045761	365987
15752326234	690756	32	8	692890	9845472	1915729	7929743	2126118942	365987
15753592961	690756	29	8	692890	9846225	1915845	7930380	2126193467	365987
15755030437	690756	29	8	692890	9846977	1915952	7931025	2126267884	365987
15756383503	690756	33	8	692890	9847729	1916069	7931660	2126342159	365987
15757456664	690756	30	8	692890	9848439	1916179	7932260	2126414081	365987
15758525480	690759	26	8	692893	9849140	1916285	7932855	2126485931	365987
15759629437	690759	33	8	692893	9849850	1916388	7933462	2126556253	365987
15760854294	690760	27	8	692894	9850534	1916494	7934040	2126626043	365986
15761805001	690760	32	8	692894	9851264	1916602	7934662	2126697283	365986
15762919558	690760	32	8	692894	9852019	1916730	7935289	2126771858	365986
15764269782	690761	26	8	692895	9852735	1916841	7935894	2126844526	365986
15765560734	690761	25	8	692895	9853486	1916951	7936535	2126919764	365986
15766760403	690761	30	8	692895	9854226	1917069	7937157	2126994365	365986
15768201561	690761	28	8	692895	9854986	1917174	7937812	2127068909	365986
15769263463	690762	31	8	692896	9855718	1917284	7938434	2127146148	365986
15770325521	690762	26	8	692896	9856450	1917382	7939068	2127219833	365986
15771251405	690762	29	8	692896	9857188	1917501	7939687	2127294434	365986
15772645482	690762	27	8	692896	9857938	1917615	7940323	2127368919	365986
15773755006	690762	34	8	692896	9858663	1917720	7940943	2127441715	365986
15775284943	690762	25	8	692896	9859371	1917819	7941552	2127513699	365986
15776508191	690763	28	8	692897	9860093	1917928	7942165	2127586019	365985
15777689001	690763	27	8	692897	9860802	1918027	7942775	2127657310	365985
15778958175	690763	26	8	692897	9861549	1918144	7943405	2127731987	365985
15780333106	690763	32	8	692897	9862284	1918253	7944031	2127805655	365985
15781742802	690766	32	8	692900	9863031	1918378	7944653	2127879806	365982
15782696533	690766	27	8	692900	9863780	1918493	7945287	2127953191	365982
15783746623	690768	30	8	692902	9864468	1918604	7945864	2128028127	365981
15785157788	690768	23	8	692902	9865175	1918705	7946470	2128097909	365981
15786349028	690769	27	8	692903	9865928	1918851	7947077	2128171613	365980
15787401651	690769	29	8	692903	9866641	1918962	7947679	2128243977	365980
15788684531	690769	31	8	692903	9867363	1919067	7948296	2128316780	365980
15789908270	690769	32	8	692903	9868126	1919188	7948938	2128391009	365980
15791223899	690770	27	8	692904	9868838	1919289	7949549	2128463837	365979
15792286570	690770	31	8	692904	9869566	1919385	7950181	2128537271	365979
15793987487	690770	35	8	692904	9870321	1919482	7950839	2128611065	365979
15795057379	690770	25	8	692904	9871023	1919587	7951436	2128683036	365979
15796176638	690770	25	8	692904	9871767	1919698	7952069	2128758026	365979
15797389640	690770	34	8	692904	9872511	1919798	7952713	2128831057	365979
15798871408	690770	30	8	692904	9873245	1919905	7953340	2128904008	365979
15800093310	690772	25	8	692906	9873987	1920031	7953956	2128982004	365978
15801310720	690774	31	8	692908	9874710	1920155	7954555	2129062531	365977
15802431509	690777	25	8	692911	9875438	1920277	7955161	2129139975	365977
15803502346	690777	35	8	692911	9876202	1920390	7955812	2129214528	365977
15804799147	690777	29	8	692911	9876937	1920504	7956433	2129287789	365977
15806185722	690777	29	8	692911	9877685	1920626	7957059	2129362373	365977
15807455307	690780	32	8	692914	9878432	1920752	7957680	2129440840	365976
15808578685	690781	27	8	692915	9879158	1920860	7958298	2129515922	365975
15809610199	690781	30	8	692915	9879885	1920978	7958907	2129588924	365975
15811115345	690783	27	8	692917	9880632	1921088	7959544	2129665765	365974
15812227908	690784	26	8	692918	9881356	1921192	7960164	2129738679	365974
15813522752	690785	29	8	692919	9882087	1921296	7960791	2129812734	365973
15814980493	690785	25	8	692919	9882812	1921401	7961411	2129885464	365973
15816372516	690785	34	8	692919	9883555	1921513	7962042	2129958446	365973
15817700348	690785	29	8	692919	9884298	1921628	7962670	2130032238	365973
15819070460	690785	29	8	692919	9885053	1921761	7963292	2130107139	365973
15820538750	690785	26	8	692919	9885816	1921884	7963932	2130182332	365973
15821802369	690785	33	8	692919	9886547	1921993	7964554	2130255117	365973
15823077559	690786	25	8	692920	9887314	1922123	7965191	2130330724	365972
15824342418	690786	30	8	692920	9888057	1922235	7965822	2130404794	365972
15825573583	690786	27	8	692920	9888751	1922343	7966408	2130474315	365972
15826723174	690786	28	8	692920	9889510	1922463	7967047	2130548880	365972
15828073099	690786	34	8	692920	9890253	1922561	7967692	2130623435	365972
15829530474	690788	27	8	692922	9891000	1922683	7968317	2130699454	365972
15830652872	690795	30	8	692929	9891745	1922805	7968940	2130782933	365971
15831972341	690795	35	8	692929	9892495	1922919	7969576	2130857794	365971
15833234909	690795	29	8	692929	9893229	1923041	7970188	2130930794	365971
15834490450	690798	20	8	692932	9893950	1923142	7970808	2131006728	365971
15835553059	690802	31	8	692936	9894701	1923262	7971439	2131082803	365971
15836637789	690802	24	8	692936	9895424	1923384	7972040	2131156267	365971
15837988356	690802	29	8	692936	9896142	1923495	7972647	2131227446	365971
15839395791	690802	34	8	692936	9896882	1923610	7973272	2131301115	365971
15840877987	690802	26	8	692936	9897652	1923738	7973914	2131376929	365971
15842101061	690803	26	8	692937	9898384	1923850	7974534	2131452220	365970
15843203627	690803	28	8	692937	9899136	1923981	7975155	2131527057	365970
15844203294	690803	31	8	692937	9899888	1924086	7975802	2131601748	365970
15845217025	690803	26	8	692937	9900516	1924182	7976334	2131665309	365970
15846300956	690803	29	8	692937	9901221	1924284	7976937	2131736768	365970
15847394114	690803	27	8	692937	9901959	1924406	7977553	2131810137	365970
15848668187	690803	30	8	692937	9902670	1924502	7978168	2131881477	365970
15849644544	690803	29	8	692937	9903386	1924609	7978777	2131953903	365970
15851129214	690804	23	8	692938	9904118	1924722	7979396	2132031783	365970
15852402471	690804	34	8	692938	9904855	1924831	7980024	2132104593	365970
15853473880	690808	31	8	692942	9905591	1924953	7980638	2132185097	365969
15854863894	690812	29	8	692946	9906317	1925053	7981264	2132263927	365967
15855968593	690813	26	8	692947	9907067	1925175	7981892	2132338912	365966
15857454048	690818	30	8	692952	9907816	1925288	7982528	2132417595	365966
15858687247	690818	29	8	692952	9908546	1925392	7983154	2132490616	365966
15859978699	690819	29	8	692953	9909258	1925500	7983758	2132562651	365965
15861341787	690819	27	8	692953	9909989	1925609	7984380	2132635103	365965
15862584430	690819	27	8	692953	9910676	1925710	7984966	2132705358	365965
15863601673	690820	23	8	692954	9911367	1925823	7985544	2132778544	365965
15864688947	690820	27	8	692954	9912057	1925917	7986140	2132848159	365965
15865759396	690824	23	8	692958	9912738	1926013	7986725	2132920546	365965
15866975400	690824	29	8	692958	9913458	1926121	7987337	2132991082	365965
15868182848	690824	30	8	692958	9914141	1926216	7987925	2133060958	365965
15869439831	690824	27	8	692958	9914834	1926324	7988510	2133130912	365965
15870709055	690830	27	8	692964	9915556	1926433	7989123	2133203109	365965
15871932519	690830	28	8	692964	9916252	1926540	7989712	2133273441	365965
15873131865	690830	25	8	692964	9916976	1926656	7990320	2133345917	365965
15874224254	690830	28	8	692964	9917687	1926771	7990916	2133417136	365965
15875422082	690830	25	8	692964	9918390	1926867	7991523	2133487643	365965
15876800420	690830	25	8	692964	9919087	1926967	7992120	2133556800	365965
15877762374	690830	26	8	692964	9919769	1927066	7992703	2133626601	365965
15879132330	690830	30	8	692964	9920499	1927190	7993309	2133698812	365965
15880460781	690830	28	8	692964	9921204	1927306	7993898	2133769318	365965
15881593260	690830	31	8	692964	9921878	1927418	7994460	2133837665	365965
15882674281	690830	25	8	692964	9922581	1927513	7995068	2133908696	365965
15884268779	690830	29	8	692964	9923284	1927614	7995670	2133979439	365964
15885390218	690833	32	8	692967	9923996	1927724	7996272	2134051318	365964
15886648910	690833	32	8	692967	9924726	1927839	7996887	2134123815	365964
15887882409	690833	30	8	692967	9925449	1927959	7997490	2134195508	365964
15888925131	690833	26	8	692967	9926156	1928071	7998085	2134267039	365964
15890433664	690833	23	8	692967	9926885	1928179	7998706	2134338706	365964
15891604202	690833	21	8	692967	9927601	1928291	7999310	2134410320	365964
15892967047	690833	32	8	692967	9928324	1928407	7999917	2134482157	365964
15894192082	690833	28	8	692967	9929036	1928520	8000516	2134550786	365964
15895585638	690833	28	8	692967	9929756	1928626	8001130	2134622167	365964
15896998430	690833	30	8	692967	9930453	1928735	8001718	2134690901	365964
15898267785	690833	28	8	692967	9931186	1928856	8002330	2134762537	365964
15899381607	690835	28	8	692969	9931894	1928971	8002923	2134836934	365964
15900627129	690835	26	8	692969	9932621	1929085	8003536	2134909232	365964
15901997306	690835	27	8	692969	9933344	1929200	8004144	2134980480	365964
15903300801	690836	29	8	692970	9934035	1929305	8004730	2135053482	365964
15904542011	690836	31	8	692970	9934714	1929399	8005315	2135122185	365964
15906003953	690836	35	8	692970	9935415	1929499	8005916	2135190996	365964
15907287456	690837	22	8	692971	9936078	1929606	8006472	2135260767	365964
15908251377	690840	25	8	692974	9936782	1929711	8007071	2135334540	365962
15909351532	690840	27	8	692974	9937480	1929828	8007652	2135404274	365962
15910748154	690840	27	8	692974	9938196	1929938	8008258	2135474994	365962
15911877408	690840	26	8	692974	9938894	1930054	8008840	2135544374	365962
15913114273	690841	27	8	692975	9939580	1930159	8009421	2135615631	365961
15914213969	690841	32	8	692975	9940274	1930263	8010011	2135686133	365961
15915221112	690841	29	8	692975	9940970	1930373	8010597	2135755385	365961
15916409369	690843	28	8	692977	9941699	1930488	8011211	2135871436	365959
15917786936	690843	27	8	692977	9942412	1930591	8011821	2135941447	365959
15918912829	690843	29	8	692977	9943099	1930685	8012414	2136010597	365959
15920058073	690845	27	8	692979	9943790	1930778	8013012	2136084895	365957
15921228268	690850	30	8	692984	9944510	1930891	8013619	2136156302	365957
15922344272	690852	28	8	692986	9945179	1930984	8014195	2136231680	365955
15923208003	690852	26	8	692986	9945852	1931080	8014772	2136300693	365955
15924314084	690852	28	8	692986	9946564	1931183	8015381	2136370717	365955
15925727353	690852	31	8	692986	9947269	1931282	8015987	2136441291	365955
15926852459	690852	33	8	692986	9947959	1931381	8016578	2136510363	365955
15928025642	690852	28	8	692986	9948663	1931483	8017180	2136580577	365955
15929349840	690852	28	8	692986	9949381	1931595	8017786	2136651441	365955
15930577793	690853	27	8	692987	9950084	1931720	8018364	2136723155	365955
15931805464	690853	26	8	692987	9950788	1931831	8018957	2136793403	365955
15933155471	690853	26	8	692987	9951497	1931941	8019556	2136863541	365955
15934543692	690853	28	8	692987	9952206	1932051	8020155	2136933479	365955
15935346875	690853	28	8	692987	9952902	1932162	8020740	2137003090	365955
15936392303	690854	27	8	692988	9953599	1932260	8021339	2137073119	365955
15937562277	690854	29	8	692988	9954300	1932361	8021939	2137143854	365955
15938704779	690861	28	8	692995	9954996	1932474	8022522	2137221869	365954
15940112984	690861	29	8	692995	9955717	1932597	8023120	2137292586	365954
15941324161	690861	27	8	692995	9956438	1932706	8023732	2137363694	365954
15942475996	690861	26	8	692995	9957127	1932800	8024327	2137433035	365954
15943495410	690862	25	8	692996	9957836	1932906	8024930	2137503175	365953
15944673318	690862	23	8	692996	9958530	1933015	8025515	2137573083	365953
15945704315	690864	33	8	692998	9959215	1933120	8026095	2137642732	365952
15946887833	690864	32	8	692998	9959908	1933223	8026685	2137711109	365952
15948139926	690864	23	8	692998	9960590	1933318	8027272	2137779352	365952
15949304441	690864	25	8	692998	9961277	1933418	8027859	2137848665	365952
15950561104	690869	24	8	693003	9961984	1933523	8028461	2137922765	365951
15951394531	690869	29	8	693003	9962685	1933631	8029054	2137992854	365951
15952665934	690869	27	8	693003	9963407	1933750	8029657	2138063038	365951
15954019963	690869	28	8	693003	9964144	1933871	8030273	2138135696	365951
15954962831	690869	27	8	693003	9964834	1933980	8030854	2138204552	365951
15956172498	690869	23	8	693003	9965536	1934090	8031446	2138274751	365951
15957357037	690870	23	8	693004	9966229	1934203	8032026	2138345372	365950
15958308547	690871	20	8	693005	9966917	1934306	8032611	2138414511	365949
15959660539	690873	24	8	693007	9967621	1934421	8033200	2138486634	365949
15960682551	690873	32	8	693007	9968321	1934533	8033788	2138556046	365949
15961926140	690873	29	8	693007	9969025	1934636	8034389	2138625984	365949
15962793400	690873	31	8	693007	9969699	1934747	8034952	2138694453	365949
15964309290	690874	25	8	693008	9970397	1934844	8035553	2138765089	365949
15965536776	690874	33	8	693008	9971097	1934944	8036153	2138834172	365949
15966718870	690874	29	8	693008	9971780	1935050	8036730	2138902855	365949
15967751106	690874	23	8	693008	9972404	1935138	8037266	2138966432	365949
15968877089	690874	28	8	693008	9973068	1935227	8037841	2139033238	365949
15970155714	690874	31	8	693008	9973781	1935336	8038445	2139103074	365949
15971318196	690876	27	8	693010	9974461	1935432	8039029	2139173109	365948
15972634065	690876	28	8	693010	9975142	1935536	8039606	2139242175	365948
15974095472	690876	26	8	693010	9975847	1935647	8040200	2139311574	365948
15975589113	690876	28	8	693010	9976558	1935745	8040813	2139382447	365948
15976761372	690876	27	8	693010	9977241	1935843	8041398	2139451698	365948
15977995146	690877	29	8	693011	9977949	1935948	8042001	2139522358	365947
15979236189	690877	29	8	693011	9978641	1936054	8042587	2139591488	365947
15980353583	690877	29	8	693011	9979326	1936157	8043169	2139660743	365947
15981513698	690877	25	8	693011	9980024	1936264	8043760	2139729631	365947
15982880362	690877	28	8	693011	9980745	1936377	8044368	2139800714	365947
15983946519	690877	25	8	693011	9981426	1936478	8044948	2139869703	365947
15985453220	690877	23	8	693011	9982138	1936568	8045570	2139940433	365947
15986522339	690880	26	8	693014	9982831	1936676	8046155	2140011157	365945
15987590693	690880	23	8	693014	9983518	1936794	8046724	2140080419	365945
15988850054	690880	25	8	693014	9984226	1936898	8047328	2140151179	365945
15990168812	690880	30	8	693014	9984911	1936992	8047919	2140219792	365945
15991631196	690885	28	8	693019	9985634	1937114	8048520	2140304758	365944
15992787587	690885	27	8	693019	9986317	1937208	8049109	2140374050	365944
15994078213	690885	29	8	693019	9987007	1937304	8049703	2140443392	365944
15995161276	690887	27	8	693021	9987704	1937412	8050292	2140515606	365942
15996502979	690887	26	8	693021	9988394	1937521	8050873	2140584684	365942
15997827377	690887	27	8	693021	9989100	1937622	8051478	2140654911	365942
15999037573	690887	26	8	693021	9989789	1937721	8052068	2140724227	365942
16000371428	690889	25	8	693023	9990487	1937823	8052664	2140795527	365941
16001391004	690889	25	8	693023	9991172	1937927	8053245	2140864665	365941
16002533112	690889	29	8	693023	9991860	1938030	8053830	2140932924	365941
16003796121	690889	27	8	693023	9992557	1938125	8054432	2141002816	365941
16004829156	690889	28	8	693023	9993270	1938228	8055042	2141073815	365941
16005932665	690889	30	8	693023	9993993	1938341	8055652	2141144929	365941
16007218658	690889	29	8	693023	9994687	1938429	8056258	2141213997	365941
16008466016	690890	28	8	693024	9995375	1938529	8056846	2141285623	365940
16009649609	690890	24	8	693024	9996056	1938623	8057433	2141354119	365940
16010643208	690890	26	8	693024	9996739	1938710	8058029	2141422868	365940
16011673684	690890	22	8	693024	9997439	1938821	8058618	2141492432	365940
16012871559	690890	24	8	693024	9998151	1938938	8059213	2141563091	365940
16014163169	690890	34	8	693024	9998862	1939035	8059827	2141633098	365940
16015648018	690892	29	8	693026	9999573	1939145	8060428	2141708694	365939
16016943072	690892	29	8	693026	10000284	1939259	8061025	2141779138	365939
16018318436	690893	30	8	693027	10000983	1939356	8061627	2141851019	365938
16019564923	690893	29	8	693027	10001677	1939467	8062210	2141920144	365938
16020849036	690893	28	8	693027	10002370	1939571	8062799	2141990374	365938
16021891789	690895	32	8	693029	10003061	1939672	8063389	2142061754	365938
16023177507	690895	33	8	693029	10003735	1939773	8063962	2142129334	365938
16024379328	690895	26	8	693029	10004406	1939865	8064541	2142197200	365938
16025536341	690895	27	8	693029	10005094	1939970	8065124	2142266569	365938
16026306113	690895	32	8	693029	10005789	1940081	8065708	2142336383	365938
16027472316	690896	26	8	693030	10006488	1940181	8066307	2142405971	365937
16028526413	690896	34	8	693030	10007138	1940265	8066873	2142470803	365937
16029575136	690896	29	8	693030	10007789	1940375	8067414	2142537820	365937
16030773257	690896	28	8	693030	10008503	1940477	8068026	2142608083	365937
16031864632	690896	27	8	693030	10009215	1940590	8068625	2142678653	365937
16032937211	690896	29	8	693030	10009926	1940695	8069231	2142749329	365937
16034003625	690896	30	8	693030	10010643	1940819	8069824	2142820048	365937
16034944262	690896	31	8	693030	10011356	1940932	8070424	2142890183	365937
16036105147	690896	27	8	693030	10012037	1941028	8071009	2142958900	365937
16037249611	690896	31	8	693030	10012723	1941122	8071601	2143027740	365937
16038344470	690896	33	8	693030	10013433	1941244	8072189	2143098181	365937
16039791002	690896	30	8	693030	10014143	1941353	8072790	2143168016	365937
16041260723	690896	26	8	693030	10014847	1941446	8073401	2143238475	365937
16042471566	690896	28	8	693030	10015550	1941561	8073989	2143308548	365937
16043733334	690896	27	8	693030	10016272	1941680	8074592	2143380081	365937
16044945707	690896	27	8	693030	10016978	1941793	8075185	2143449679	365937
16045777462	690896	29	8	693030	10017650	1941894	8075756	2143518438	365937
16047148987	690896	24	8	693030	10018346	1941999	8076347	2143587623	365937
16048120036	690896	23	8	693030	10019053	1942101	8076952	2143658101	365937
16049042518	690896	25	8	693030	10019750	1942225	8077525	2143727550	365937
16050229161	690896	21	8	693030	10020443	1942329	8078114	2143797177	365937
16051276650	690896	30	8	693030	10021152	1942445	8078707	2143866854	365937
16052479443	690898	31	8	693032	10021852	1942549	8079303	2143936038	365937
16053432567	690898	25	8	693032	10022545	1942650	8079895	2144005714	365937
16054598486	690900	24	8	693034	10023218	1942750	8080468	2144078041	365936
16055790298	690900	26	8	693034	10023953	1942887	8081066	2144149898	365936
16056856035	690900	25	8	693034	10024640	1942980	8081660	2144219107	365936
16057910831	690900	26	8	693034	10025290	1943064	8082226	2144284903	365936
16059000952	690900	31	8	693034	10025989	1943182	8082807	2144354309	365936
16060231972	690900	31	8	693034	10026681	1943284	8083397	2144423586	365936
16061442089	690900	31	8	693034	10027368	1943382	8083986	2144492342	365936
16062628766	690900	25	8	693034	10028068	1943481	8084587	2144562292	365936
16063709703	690900	27	8	693034	10028796	1943606	8085190	2144633987	365936
16064813232	690900	27	8	693034	10029508	1943722	8085786	2144704487	365936
16065896703	690900	29	8	693034	10030199	1943821	8086378	2144774426	365936
16066997723	690900	29	8	693034	10030908	1943940	8086968	2144845035	365936
16068205818	690900	33	8	693034	10031603	1944050	8087553	2144914697	365936
16069498551	690900	31	8	693034	10032318	1944165	8088153	2144985815	365936
16070940597	690900	29	8	693034	10033026	1944279	8088747	2145056494	365936
16072286246	690900	24	8	693034	10033757	1944398	8089359	2145128050	365936
16073553236	690900	23	8	693034	10034437	1944490	8089947	2145196694	365936
16074884488	690900	28	8	693034	10035187	1944608	8090579	2145269468	365936
16076131504	690900	35	8	693034	10035879	1944717	8091162	2145337450	365936
16077521003	690900	25	8	693034	10036578	1944811	8091767	2145406630	365936
16078757270	690900	28	8	693034	10037275	1944907	8092368	2145476768	365936
16080045565	690900	22	8	693034	10037998	1945017	8092981	2145547465	365936
16081107715	690907	29	8	693041	10038717	1945137	8093580	2145628130	365933
16082426547	690907	30	8	693041	10039446	1945243	8094203	2145699239	365933
16083876055	690907	28	8	693041	10040157	1945348	8094809	2145769842	365933
16085040667	690907	27	8	693041	10040859	1945465	8095394	2145840040	365933
16086215583	690909	28	8	693043	10041567	1945583	8095984	2145911005	365933
16087499521	690909	26	8	693043	10042244	1945686	8096558	2145979444	365933
16088427885	690909	25	8	693043	10042863	1945785	8097078	2146041850	365933
16089669903	690910	27	8	693044	10043550	1945864	8097686	2146112277	365932
16091040265	690914	30	8	693048	10044241	1945971	8098270	2146186586	365931
16092389314	690914	28	8	693048	10044898	1946057	8098841	2146253250	365931
16093496623	690914	29	8	693048	10045597	1946167	8099430	2146322223	365931
16094580070	690914	23	8	693048	10046285	1946272	8100013	2146390786	365931
16095753721	690916	28	8	693050	10046966	1946364	8100602	2146464131	365931
16096812025	690916	24	8	693050	10047619	1946459	8101160	2146530750	365931
16098039477	690916	25	8	693050	10048313	1946558	8101755	2146599641	365931
16099136276	690916	26	8	693050	10048978	1946664	8102314	2146666165	365931
16100043171	690916	26	8	693050	10049659	1946766	8102893	2146734359	365931
16101511446	690916	27	8	693050	10050360	1946867	8103493	2146803561	365931
16103256272	690916	30	8	693050	10051037	1946956	8104081	2146871818	365931
16104774588	690916	32	8	693050	10051720	1947063	8104657	2146939870	365931
16105604531	690916	30	8	693050	10052389	1947169	8105220	2147007383	365931
16106707383	690916	28	8	693050	10053061	1947268	8105793	2147075586	365931
16107988980	690917	27	8	693051	10053722	1947376	8106346	2147142784	365930
16109218961	690917	23	8	693051	10054402	1947476	8106926	2147210831	365930
16110097478	690917	25	8	693051	10055076	1947578	8107498	2147278753	365930
16111142905	690917	23	8	693051	10055749	1947672	8108077	2147346032	365930
16112286489	690917	26	8	693051	10056445	1947785	8108660	2147414974	365930
16113201507	690918	29	8	693052	10057115	1947889	8109226	2147485884	365929
16114328420	690918	26	8	693052	10057822	1947994	8109828	2147554830	365929
16115599647	690918	27	8	693052	10058511	1948098	8110413	2147624071	365928
16117130313	690920	26	8	693054	10059205	1948201	8111004	2147706092	365928
16118506791	690920	29	8	693054	10059909	1948306	8111603	2147775857	365928
16119964429	690920	26	8	693054	10060576	1948409	8112167	2147841896	365928
16121210847	690920	27	8	693054	10061278	1948526	8112752	2147911130	365928
16122428810	690920	30	8	693054	10061955	1948612	8113343	2147978639	365928
16123771058	690920	29	8	693054	10062673	1948735	8113938	2148048528	365928
16124982728	690920	27	8	693054	10063359	1948837	8114522	2148117230	365928
16126104387	690920	27	8	693054	10064022	1948923	8115099	2148184544	365928
16127103127	690920	24	8	693054	10064693	1949018	8115675	2148252661	365928
16128392752	690920	20	8	693054	10065364	1949108	8116256	2148320116	365928
16129614169	690920	23	8	693054	10066051	1949217	8116834	2148388286	365928
16130678050	690923	22	8	693057	10066733	1949318	8117415	2148459523	365927
16131770909	690923	26	8	693057	10067405	1949414	8117991	2148527357	365927
16133162723	690923	26	8	693057	10068099	1949534	8118565	2148596605	365927
16134447245	690923	27	8	693057	10068788	1949641	8119147	2148665354	365927
16135752332	690923	28	8	693057	10069485	1949756	8119729	2148734736	365927
16136810428	690923	25	8	693057	10070179	1949859	8120320	2148803258	365927
16137849396	690923	29	8	693057	10070864	1949961	8120903	2148871656	365927
16139119566	690923	24	8	693057	10071558	1950064	8121494	2148940058	365927
16140325364	690923	28	8	693057	10072245	1950160	8122085	2149008753	365927
16141481899	690924	29	8	693058	10072960	1950277	8122683	2149079295	365926
16142490883	690924	28	8	693058	10073632	1950379	8123253	2149147411	365926
16143482874	690924	27	8	693058	10074310	1950474	8123836	2149215364	365926
16144666220	690924	31	8	693058	10075015	1950575	8124440	2149284228	365926
16146114069	690924	26	8	693058	10075707	1950680	8125027	2149352919	365926
16147259646	690924	26	8	693058	10076398	1950782	8125616	2149421372	365926
16148312394	690924	25	8	693058	10077051	1950875	8126176	2149487018	365926
16149648577	690924	27	8	693058	10077747	1950965	8126782	2149555262	365926
16150783627	690924	28	8	693058	10078424	1951070	8127354	2149621043	365926
16152210031	690924	26	8	693058	10079097	1951176	8127921	2149688501	365926
16153279397	690924	26	8	693058	10079778	1951277	8128501	2149757042	365926
16154507287	690924	26	8	693058	10080495	1951396	8129099	2149827176	365926
16155500475	690924	26	8	693058	10081169	1951501	8129668	2149895505	365926
16157107012	690924	30	8	693058	10081888	1951614	8130274	2149965527	365926
16158189450	690924	22	8	693058	10082534	1951709	8130825	2150031947	365926
16159075774	690924	23	8	693058	10083207	1951812	8131395	2150099609	365926
16160334212	690924	24	8	693058	10083889	1951915	8131974	2150167631	365926
16161102192	690924	21	8	693058	10084547	1952014	8132533	2150234793	365926
16162326314	690924	23	8	693058	10085252	1952128	8133124	2150304779	365926
16163665362	690924	28	8	693058	10085962	1952245	8133717	2150374485	365926
16164706950	690924	27	8	693058	10086667	1952358	8134309	2150444282	365926
16165829295	690924	26	8	693058	10087340	1952456	8134884	2150512334	365926
16167111949	690924	22	8	693058	10088052	1952557	8135495	2150582469	365926
16168229200	690924	24	8	693058	10088726	1952655	8136071	2150650086	365926
16169204943	690924	24	8	693058	10089417	1952764	8136653	2150718992	365926
16170327908	690924	25	8	693058	10090097	1952875	8137222	2150786885	365926
16171538109	690924	25	8	693058	10090778	1952965	8137813	2150854923	365926
16172709801	690924	24	8	693058	10091425	1953057	8138368	2150921277	365926
16174024598	690924	24	8	693058	10092119	1953152	8138967	2150989666	365926
16175497681	690924	25	8	693058	10092784	1953253	8139531	2151056424	365926
16176665822	690924	24	8	693058	10093438	1953354	8140084	2151122315	365926
16177780857	690924	31	8	693058	10094099	1953462	8140637	2151188429	365926
16178921034	690924	28	8	693058	10094752	1953558	8141194	2151252312	365926
16179645196	690924	25	8	693058	10095393	1953662	8141731	2151317481	365926
16180496565	690924	26	8	693058	10096041	1953751	8142290	2151382883	365926
16181415691	690924	32	8	693058	10096696	1953862	8142834	2151448876	365926
16182314101	690924	29	8	693058	10097350	1953970	8143380	2151514143	365926
16183387931	690924	26	8	693058	10098011	1954068	8143943	2151581396	365926
16184704422	690924	29	8	693058	10098702	1954189	8144513	2151649136	365926
16185837473	690924	25	8	693058	10099341	1954287	8145054	2151715070	365926
16186835630	690924	26	8	693058	10100027	1954407	8145620	2151781986	365926
16188201169	690924	23	8	693058	10100699	1954497	8146202	2151849273	365926
16189173371	690924	25	8	693058	10101362	1954590	8146772	2151915700	365926
16190328903	690924	30	8	693058	10102060	1954702	8147358	2151984087	365926
16191673774	690924	29	8	693058	10102725	1954802	8147923	2152050781	365926
16192474914	690924	28	8	693058	10103370	1954907	8148463	2152116064	365926
16193665156	690924	30	8	693058	10104053	1955012	8149041	2152184069	365926
16194830118	690924	30	8	693058	10104707	1955108	8149599	2152250384	365926
16195841499	690924	28	8	693058	10105380	1955226	8150154	2152315830	365926
16196997681	690924	26	8	693058	10106026	1955314	8150712	2152381776	365926
16198022298	690924	24	8	693058	10106678	1955412	8151266	2152447854	365926
16199347412	690924	26	8	693058	10107340	1955525	8151815	2152513491	365926
16200485669	690924	25	8	693058	10107966	1955615	8152351	2152576041	365926
16201421925	690924	24	8	693058	10108608	1955719	8152889	2152640645	365926
16202510370	690925	28	8	693059	10109239	1955815	8153424	2152711127	365925
16203453070	690925	28	8	693059	10109909	1955916	8153993	2152777667	365925
16204624812	690925	26	8	693059	10110560	1956017	8154543	2152843038	365925
16205696275	690925	29	8	693059	10111212	1956112	8155100	2152907412	365925
16206432437	690925	30	8	693059	10111807	1956215	8155592	2152969095	365925
16207402550	690925	29	8	693059	10112444	1956304	8156140	2153033020	365925
16208517984	690925	27	8	693059	10113109	1956402	8156707	2153099252	365925
16209474938	690928	26	8	693062	10113703	1956492	8157211	2153159501	365922
16210449594	690928	26	8	693062	10114331	1956586	8157745	2153222621	365922
16211593190	690929	25	8	693063	10114974	1956684	8158290	2153287674	365922
16212581427	690929	26	8	693063	10115624	1956801	8158823	2153352935	365922
16214218966	690929	22	8	693063	10116268	1956900	8159368	2153417373	365922
16215271762	690929	26	8	693063	10116927	1956995	8159932	2153482173	365922
16216404988	690930	27	8	693064	10117571	1957107	8160464	2153551213	365922
16217700821	690930	25	8	693064	10118224	1957208	8161016	2153616276	365922
16218742633	690930	28	8	693064	10118865	1957307	8161558	2153680304	365922
16220072166	690930	25	8	693064	10119527	1957408	8162119	2153746172	365922
16221318362	690930	22	8	693064	10120178	1957514	8162664	2153811578	365922
16222286673	690930	20	8	693064	10120835	1957632	8163203	2153877426	365922
16223442523	690930	26	8	693064	10121472	1957718	8163754	2153941410	365922
16224769528	690930	28	8	693064	10122139	1957818	8164321	2154007156	365922
16225649923	690930	22	8	693064	10122774	1957920	8164854	2154070896	365922
16226815682	690930	27	8	693064	10123427	1958016	8165411	2154135671	365922
16227972933	690930	27	8	693064	10124070	1958110	8165960	2154200350	365922
16229147472	690930	27	8	693064	10124707	1958203	8166504	2154264290	365922
16230025316	690930	24	8	693064	10125335	1958294	8167041	2154328171	365922
16231070458	690930	27	8	693064	10125973	1958379	8167594	2154391935	365922
16232151985	690930	22	8	693064	10126631	1958482	8168149	2154457690	365922
16233146528	690931	23	8	693065	10127254	1958565	8168689	2154523799	365922
16233991865	690931	21	8	693065	10127875	1958658	8169217	2154587082	365922
16235465131	690931	27	8	693065	10128565	1958764	8169801	2154654351	365922
16236399751	690931	27	8	693065	10129194	1958868	8170326	2154718314	365922
16237524294	690931	23	8	693065	10129828	1958961	8170867	2154782530	365922
16238520480	690931	25	8	693065	10130475	1959066	8171409	2154846966	365922
16239692539	690931	21	8	693065	10131129	1959173	8171956	2154911751	365922
16240886682	690931	24	8	693065	10131776	1959276	8172500	2154977000	365922
16242006113	690931	28	8	693065	10132437	1959369	8173068	2155042088	365922
16242756527	690931	24	8	693065	10133074	1959462	8173612	2155105773	365922
16243343662	690931	25	8	693065	10133694	1959560	8174134	2155169094	365922
16244344815	690931	22	8	693065	10134340	1959658	8174682	2155233657	365922
16245558729	690931	28	8	693065	10135020	1959769	8175251	2155299320	365922
16246833764	690931	26	8	693065	10135655	1959864	8175791	2155364086	365922
16247836437	690931	31	8	693065	10136298	1959981	8176317	2155428087	365922
16249155953	690931	22	8	693065	10136928	1960061	8176867	2155491737	365922
16250147543	690931	26	8	693065	10137553	1960160	8177393	2155554090	365921
16251220654	690933	24	8	693067	10138192	1960266	8177926	2155651880	365921
16252308223	690933	25	8	693067	10138823	1960362	8178461	2155715798	365921
16253259104	690933	16	8	693067	10139435	1960461	8178974	2155778020	365921
16254246392	690933	27	8	693067	10140068	1960562	8179506	2155841214	365921
16255417507	690933	23	8	693067	10140712	1960663	8180049	2155905337	365921
16256536303	690933	28	8	693067	10141363	1960768	8180595	2155969940	365921
16257553475	690933	23	8	693067	10141998	1960864	8181134	2156033998	365921
16258747296	690933	20	8	693067	10142635	1960968	8181667	2156097548	365921
16259688627	690933	27	8	693067	10143268	1961062	8182206	2156160907	365921
16260815505	690934	28	8	693068	10143913	1961172	8182741	2156228921	365921
16261923280	690936	26	8	693070	10144560	1961268	8183292	2156294547	365920
16263063807	690937	28	8	693071	10145201	1961364	8183837	2156357408	365919
16264157361	690940	28	8	693074	10145838	1961461	8184377	2156421328	365919
16265527549	690940	27	8	693074	10146447	1961549	8184898	2156482912	365919
16266867523	690940	24	8	693074	10147087	1961634	8185453	2156545467	365919
16267778109	690940	22	8	693074	10147712	1961727	8185985	2156608855	365919
16268862517	690940	23	8	693074	10148346	1961830	8186516	2156672253	365919
16269796967	690940	34	8	693074	10148943	1961906	8187037	2156733497	365919
16270835577	690940	30	8	693074	10149577	1961998	8187579	2156794871	365919
16271845506	690941	26	8	693075	10150206	1962112	8188094	2156858266	365918
16272918943	690941	28	8	693075	10150858	1962225	8188633	2156922214	365918
16274115448	690941	27	8	693075	10151489	1962318	8189171	2156985348	365918
16274862760	690941	27	8	693075	10152105	1962402	8189703	2157047499	365918
16275735245	690941	22	8	693075	10152730	1962497	8190233	2157111074	365918
16276750760	690941	23	8	693075	10153368	1962597	8190771	2157175072	365918
16277770839	690941	25	8	693075	10154000	1962691	8191309	2157237996	365918
16278917025	690941	26	8	693075	10154636	1962782	8191854	2157302090	365918
16279892580	690941	27	8	693075	10155266	1962883	8192383	2157365175	365918
16280927250	690941	26	8	693075	10155905	1962984	8192921	2157428040	365918
16281790939	690941	26	8	693075	10156540	1963087	8193453	2157491051	365918
16282590163	690941	25	8	693075	10157184	1963181	8194003	2157554344	365918
16283824101	690941	27	8	693075	10157797	1963267	8194530	2157617603	365918
16284895456	690941	25	8	693075	10158426	1963363	8195063	2157680284	365918
16285963088	690941	25	8	693075	10159070	1963462	8195608	2157743672	365918
16286925386	690941	24	8	693075	10159697	1963554	8196143	2157806902	365918
16288107794	690941	25	8	693075	10160360	1963659	8196701	2157872162	365918
16288894910	690941	21	8	693075	10160964	1963745	8197219	2157933436	365918
16290247149	690941	19	8	693075	10161605	1963855	8197750	2157997935	365918
16291529429	690941	22	8	693075	10162225	1963949	8198276	2158060451	365918
16292764930	690941	23	8	693075	10162891	1964062	8198829	2158125679	365918
16293658260	690941	28	8	693075	10163515	1964163	8199352	2158188406	365918
16294862952	690941	28	8	693075	10164153	1964274	8199879	2158252503	365918
16295902461	690941	29	8	693075	10164788	1964369	8200419	2158314833	365918
16296813885	690941	30	8	693075	10165403	1964470	8200933	2158377278	365918
16297750346	690941	28	8	693075	10166014	1964558	8201456	2158438755	365918
16298852432	690941	31	8	693075	10166656	1964646	8202010	2158502635	365918
16299702384	690941	26	8	693075	10167275	1964733	8202542	2158565103	365918
16300513421	690941	21	8	693075	10167888	1964834	8203054	2158627970	365918
16301739589	690941	21	8	693075	10168528	1964941	8203587	2158690979	365918
16302818071	690941	21	8	693075	10169165	1965047	8204118	2158754864	365918
16303751291	690941	25	8	693075	10169787	1965135	8204652	2158817347	365918
16305027113	690941	25	8	693075	10170415	1965221	8205194	2158880881	365918
16306082109	690941	22	8	693075	10171039	1965310	8205729	2158943671	365918
16307425612	690941	20	8	693075	10171676	1965411	8206265	2159007287	365918
16308759539	690941	25	8	693075	10172313	1965509	8206804	2159070050	365918
16309727052	690942	25	8	693076	10172960	1965611	8207349	2159134443	365917
16310817968	690942	23	8	693076	10173604	1965711	8207893	2159198139	365917
16312146404	690944	21	8	693078	10174250	1965813	8208437	2159270918	365917
16313191672	690944	19	8	693078	10174907	1965915	8208992	2159335529	365917
16314168301	690944	29	8	693078	10175563	1966026	8209537	2159399280	365917
16315410870	690946	30	8	693080	10176221	1966123	8210098	2159465704	365916
16316399672	690946	27	8	693080	10176858	1966221	8210637	2159529790	365916
16317470248	690946	26	8	693080	10177497	1966318	8211179	2159593937	365916
16318412222	690946	24	8	693080	10178129	1966407	8211722	2159656947	365916
16319445160	690946	27	8	693080	10178773	1966509	8212264	2159721055	365916
16320551555	690946	27	8	693080	10179420	1966598	8212822	2159784751	365916
16321485490	690946	26	8	693080	10180014	1966687	8213327	2159844343	365916
16322666733	690946	25	8	693080	10180611	1966778	8213833	2159905926	365916
16323648688	690946	24	8	693080	10181245	1966877	8214368	2159968506	365916
16324662865	690946	27	8	693080	10181858	1966968	8214890	2160030775	365916
16325795698	690946	29	8	693080	10182491	1967066	8215425	2160092057	365916
16326920256	690946	24	8	693080	10183117	1967166	8215951	2160154724	365916
16328157582	690946	26	8	693080	10183757	1967253	8216504	2160218273	365916
16329194389	690946	24	8	693080	10184368	1967338	8217030	2160281249	365916
16330394982	690946	27	8	693080	10184981	1967434	8217547	2160342184	365916
16331400306	690946	27	8	693080	10185581	1967522	8218059	2160402323	365916
16332608234	690946	25	8	693080	10186196	1967611	8218585	2160465543	365916
16333755616	690946	26	8	693080	10186835	1967715	8219120	2160529023	365916
16334872416	690947	29	8	693081	10187513	1967834	8219679	2160594133	365915
16335966260	690947	24	8	693081	10188156	1967938	8220218	2160658779	365915
16337405094	690947	23	8	693081	10188809	1968040	8220769	2160723885	365915
16338608060	690947	22	8	693081	10189440	1968148	8221292	2160787107	365915
16339742228	690947	27	8	693081	10190093	1968252	8221841	2160851559	365915
16340902024	690947	25	8	693081	10190715	1968351	8222364	2160915154	365915
16341810662	690947	24	8	693081	10191339	1968448	8222891	2160978131	365915
16342944752	690947	30	8	693081	10192005	1968561	8223444	2161043106	365915
16343926264	690947	24	8	693081	10192617	1968646	8223971	2161105051	365915
16345055836	690947	31	8	693081	10193252	1968729	8224523	2161168328	365915
16346315616	690947	31	8	693081	10193888	1968824	8225064	2161231598	365915
16347443814	690947	31	8	693081	10194516	1968918	8225598	2161295551	365915
16348627861	690947	20	8	693081	10195125	1969003	8226122	2161357335	365915
16349576137	690947	25	8	693081	10195757	1969090	8226667	2161420324	365915
16350692875	690947	29	8	693081	10196378	1969185	8227193	2161483272	365915
16351730552	690947	29	8	693081	10196994	1969274	8227720	2161545976	365915
16352818617	690947	23	8	693081	10197627	1969363	8228264	2161609112	365915
16353965301	690947	24	8	693081	10198278	1969464	8228814	2161673715	365915
16354994910	690947	21	8	693081	10198888	1969555	8229333	2161735544	365915
16355927153	690948	25	8	693082	10199521	1969659	8229862	2161799041	365914
16357077052	690948	26	8	693082	10200161	1969761	8230400	2161862250	365914
16357954336	690949	27	8	693083	10200789	1969857	8230932	2161928166	365914
16358844017	690949	32	8	693083	10201424	1969955	8231469	2161991264	365914
16360036130	690950	23	8	693084	10202051	1970051	8232000	2162055113	365914
16361113766	690950	27	8	693084	10202703	1970151	8232552	2162119782	365914
16362159638	690950	26	8	693084	10203304	1970230	8233074	2162181692	365914
16363463254	690950	28	8	693084	10203958	1970332	8233626	2162245685	365914
16364481579	690950	27	8	693084	10204575	1970416	8234159	2162308112	365914
16365524354	690950	28	8	693084	10205185	1970518	8234667	2162369748	365914
16366583635	690950	24	8	693084	10205804	1970612	8235192	2162432581	365914
16367889297	690950	26	8	693084	10206452	1970714	8235738	2162496315	365914
16369091185	690950	20	8	693084	10207077	1970812	8236265	2162559552	365914
16370638577	690950	23	8	693084	10207714	1970918	8236796	2162622804	365914
16372017441	690950	22	8	693084	10208372	1971028	8237344	2162687420	365914
16373322956	690950	29	8	693084	10209020	1971138	8237882	2162751247	365914
16374402399	690950	25	8	693084	10209655	1971235	8238420	2162814607	365914
16375571673	690950	27	8	693084	10210276	1971319	8238957	2162877377	365914
16376987114	690950	27	8	693084	10210942	1971433	8239509	2162941935	365914
16377943083	690952	27	8	693086	10211566	1971535	8240031	2163011132	365913
16379701246	690952	26	8	693086	10212204	1971614	8240590	2163074243	365913
16380877535	690952	28	8	693086	10212837	1971711	8241126	2163137314	365913
16382001989	690952	28	8	693086	10213486	1971808	8241678	2163202067	365913
16383029867	690952	23	8	693086	10214110	1971888	8242222	2163264934	365913
16384202782	690952	25	8	693086	10214762	1971986	8242776	2163329336	365913
16385059016	690952	25	8	693086	10215371	1972077	8243294	2163392272	365913
16385992009	690952	22	8	693086	10216009	1972184	8243825	2163456391	365913
16386988902	690952	34	8	693086	10216608	1972277	8244331	2163517140	365913
16387930787	690952	29	8	693086	10217214	1972376	8244838	2163578972	365913
16388832139	690952	22	8	693086	10217818	1972465	8245353	2163638524	365913
16389989216	690952	25	8	693086	10218427	1972554	8245873	2163698093	365913
16390932267	690952	20	8	693086	10218992	1972631	8246361	2163753658	365913
