bytes_written	total_items	curr_connections	threads	cmd_set	cmd_get	get_misses	get_hits	bytes_read
15704596638	672392	32	8	670919	10377851	1863909	8513942	1711417971	386527
15706009403	672395	33	8	670922	10378638	1864009	8514629	1711462699	386526
15707541700	672399	31	8	670926	10379461	1864118	8515343	1711515402	386528
15708734286	672402	30	8	670929	10380246	1864224	8516022	1711564245	386527
15710037132	672406	32	8	670933	10381010	1864348	8516662	1711612793	386528
15711457372	672410	31	8	670937	10381814	1864454	8517360	1711654550	386529
15712606991	672410	28	8	670937	10382558	1864553	8518005	1711692517	386529
15713805321	672410	28	8	670937	10383264	1864642	8518622	1711729063	386529
15715298489	672410	33	8	670937	10384031	1864751	8519280	1711768644	386529
15716525238	672416	33	8	670943	10384815	1864869	8519946	1711820185	386530
15717621960	672419	28	8	670946	10385611	1864991	8520620	1711863508	386528
15718859152	672425	32	8	670952	10386428	1865105	8521323	1711918617	386527
15720076301	672427	28	8	670954	10387202	1865225	8521977	1711960838	386527
15721240539	672427	33	8	670954	10387973	1865324	8522649	1712000868	386527
15722595966	672431	26	8	670958	10388750	1865435	8523315	1712042426	386527
15723841646	672437	27	8	670964	10389527	1865539	8523988	1712090491	386524
15725051035	672439	32	8	670966	10390311	1865638	8524673	1712138216	386525
15726355676	672443	28	8	670970	10391078	1865762	8525316	1712190007	386522
15727561653	672443	30	8	670970	10391862	1865866	8525996	1712230574	386522
15729089923	672443	31	8	670970	10392680	1865988	8526692	1712272915	386522
15730444470	672443	29	8	670970	10393456	1866102	8527354	1712312802	386522
15731711890	672445	32	8	670972	10394269	1866221	8528048	1712354869	386522
15732989419	672448	34	8	670975	10395069	1866332	8528737	1712398882	386520
15734325183	672448	29	8	670975	10395881	1866461	8529420	1712440969	386520
15735858034	672448	34	8	670975	10396678	1866573	8530105	1712482270	386520
15737389895	672448	30	8	670975	10397466	1866688	8530778	1712522812	386520
15738756058	672450	27	8	670977	10398255	1866803	8531452	1712565584	386519
15740189386	672451	34	8	670978	10399070	1866914	8532156	1712607924	386518
15741780293	672451	30	8	670978	10399847	1867020	8532827	1712647951	386518
15743059303	672452	29	8	670979	10400643	1867143	8533500	1712689332	386517
15744026658	672454	25	8	670981	10401366	1867234	8534132	1712727011	386515
15745458332	672458	27	8	670985	10402179	1867348	8534831	1712769727	386513
15746802428	672460	34	8	670987	10402959	1867461	8535498	1712813658	386513
15748163486	672460	28	8	670987	10403756	1867574	8536182	1712854682	386513
15749512853	672462	30	8	670989	10404529	1867680	8536849	1712894914	386512
15750772309	672465	28	8	670992	10405310	1867787	8537523	1712937048	386510
15752056803	672465	32	8	670992	10406098	1867890	8538208	1712977708	386510
15753481212	672467	32	8	670994	10406903	1868013	8538890	1713023925	386510
15754650975	672467	27	8	670994	10407686	1868127	8539559	1713064254	386510
15756026042	672467	29	8	670994	10408476	1868235	8540241	1713104964	386510
15757201968	672471	37	8	670998	10409293	1868360	8540933	1713154173	386507
15758488822	672471	29	8	670998	10410062	1868453	8541609	1713193609	386507
15760107837	672471	29	8	670998	10410824	1868550	8542274	1713232902	386507
15761615327	672471	32	8	670998	10411594	1868635	8542959	1713272600	386507
15763091714	672471	35	8	670998	10412397	1868746	8543651	1713313807	386507
15764180305	672473	30	8	671000	10413164	1868857	8544307	1713357753	386505
15765553876	672473	28	8	671000	10413937	1868972	8544965	1713397756	386505
15766953261	672475	33	8	671002	10414729	1869092	8545637	1713440298	386504
15768148762	672479	33	8	671006	10415536	1869214	8546322	1713488139	386503
15769443342	672481	25	8	671008	10416316	1869317	8546999	1713530829	386501
15770706655	672481	31	8	671008	10417114	1869432	8547682	1713571975	386501
15771753382	672483	35	8	671010	10417894	1869536	8548358	1713614733	386501
15772755657	672483	24	8	671010	10418656	1869648	8549008	1713654090	386501
15774035735	672483	28	8	671010	10419452	1869755	8549697	1713695176	386501
15775470625	672483	39	8	671010	10420258	1869868	8550390	1713736296	386501
15776995814	672483	27	8	671010	10420984	1869966	8551018	1713773742	386501
15778398505	672483	29	8	671010	10421785	1870083	8551702	1713815236	386501
15779650669	672491	26	8	671018	10422592	1870204	8552388	1713862940	386495
15780900168	672491	29	8	671018	10423386	1870307	8553079	1713903632	386495
15782173497	672491	33	8	671018	10424165	1870414	8553751	1713943831	386495
15783404280	672494	32	8	671021	10424951	1870527	8554424	1713991304	386493
15784528252	672496	29	8	671023	10425712	1870628	8555084	1714035368	386493
15785597604	672496	33	8	671023	10426507	1870740	8555767	1714076586	386493
15786756436	672496	29	8	671023	10427293	1870856	8556437	1714117132	386493
15788036985	672496	31	8	671023	10428081	1870954	8557127	1714157615	386493
15789348767	672496	35	8	671023	10428889	1871071	8557818	1714199321	386493
15790529308	672498	34	8	671025	10429662	1871175	8558487	1714241795	386491
15791591135	672501	27	8	671028	10430454	1871290	8559164	1714287542	386490
15792988110	672503	28	8	671030	10431243	1871391	8559852	1714331605	386490
15794339940	672505	33	8	671032	10432051	1871499	8560552	1714374463	386489
15795443384	672505	31	8	671032	10432827	1871596	8561231	1714414010	386489
15796675198	672507	29	8	671034	10433614	1871708	8561906	1714463545	386488
15798023661	672507	30	8	671034	10434405	1871823	8562582	1714504400	386488
15799494538	672507	30	8	671034	10435195	1871924	8563271	1714545006	386488
15800699501	672507	30	8	671034	10435992	1872046	8563946	1714586283	386488
15802184412	672508	31	8	671035	10436791	1872167	8564624	1714633164	386487
15803512311	672509	33	8	671036	10437590	1872280	8565310	1714679273	386486
15804883968	672513	27	8	671040	10438378	1872385	8565993	1714720465	386485
15806306755	672514	29	8	671041	10439173	1872494	8566679	1714764952	386485
15807648106	672514	29	8	671041	10439980	1872598	8567382	1714806464	386485
15809218883	672518	31	8	671045	10440768	1872713	8568055	1714850172	386483
15810739357	672518	31	8	671045	10441551	1872828	8568723	1714890643	386483
15811954236	672518	32	8	671045	10442339	1872928	8569411	1714931078	386483
15813275185	672520	31	8	671047	10443148	1873056	8570092	1714973148	386482
15814661332	672520	29	8	671047	10443934	1873165	8570769	1715013917	386482
15815912053	672520	29	8	671047	10444715	1873277	8571438	1715054487	386482
15816984127	672520	33	8	671047	10445518	1873401	8572117	1715095940	386482
15818085064	672520	31	8	671047	10446331	1873529	8572802	1715137849	386482
15819345056	672522	33	8	671049	10447091	1873631	8573460	1715179149	386481
15820474452	672522	34	8	671049	10447902	1873755	8574147	1715221133	386481
15821895632	672525	30	8	671052	10448683	1873861	8574822	1715270419	386479
15823137129	672527	27	8	671054	10449464	1873966	8575498	1715311923	386478
15824369842	672529	30	8	671056	10450230	1874063	8576167	1715355028	386478
15825460975	672529	29	8	671056	10451010	1874185	8576825	1715395733	386478
15826857879	672532	30	8	671059	10451798	1874294	8577504	1715439082	386476
15827850519	672532	29	8	671059	10452565	1874401	8578164	1715478946	386476
15828983569	672532	34	8	671059	10453335	1874502	8578833	1715518512	386476
15830080185	672533	31	8	671060	10454109	1874608	8579501	1715558792	386475
15831238861	672533	30	8	671060	10454870	1874714	8580156	1715597694	386475
15832542647	672533	31	8	671060	10455629	1874804	8580825	1715637174	386475
15833953903	672534	32	8	671061	10456440	1874918	8581522	1715680243	386475
15835200413	672535	31	8	671062	10457226	1875014	8582212	1715721120	386475
15836376498	672535	28	8	671062	10457968	1875119	8582849	1715759520	386475
15838022064	672536	33	8	671063	10458731	1875225	8583506	1715801242	386474
15839142592	672544	33	8	671071	10459517	1875340	8584177	1715852831	386472
15840753782	672544	28	8	671071	10460309	1875441	8584868	1715893469	386472
15842038265	672545	31	8	671072	10461095	1875546	8585549	1715934302	386471
15843368910	672548	33	8	671075	10461900	1875660	8586240	1715993739	386471
15844571769	672551	29	8	671078	10462691	1875777	8586914	1716048623	386469
15845861090	672551	31	8	671078	10463500	1875884	8587616	1716090253	386469
15847274098	672555	33	8	671082	10464310	1875997	8588313	1716132298	386468
15848331460	672555	29	8	671082	10465094	1876107	8588987	1716172763	386468
15849760890	672558	30	8	671085	10465894	1876220	8589674	1716235264	386468
15850944778	672558	25	8	671085	10466688	1876329	8590359	1716276391	386468
15852181987	672558	38	8	671085	10467502	1876448	8591054	1716318350	386468
15853624242	672558	28	8	671085	10468275	1876550	8591725	1716358081	386468
15855009435	672561	29	8	671088	10469055	1876658	8592397	1716401843	386467
15856158381	672563	28	8	671090	10469838	1876782	8593056	1716444951	386467
15857530814	672566	33	8	671093	10470634	1876897	8593737	1716492545	386465
15858570559	672566	25	8	671093	10471388	1877005	8594383	1716531409	386465
15860015067	672566	29	8	671093	10472199	1877124	8595075	1716573276	386464
15861139784	672567	28	8	671094	10472981	1877228	8595753	1716613916	386464
15862265945	672568	33	8	671095	10473793	1877344	8596449	1716716554	386463
15863716441	672570	29	8	671097	10474572	1877456	8597116	1716757246	386461
15865170506	672570	30	8	671097	10475366	1877575	8597791	1716798404	386461
15866470927	672573	23	8	671100	10476159	1877696	8598463	1716842562	386460
15867935752	672574	32	8	671101	10476951	1877803	8599148	1716883372	386459
15869497195	672574	26	8	671101	10477737	1877911	8599826	1716924176	386459
15871036934	672575	27	8	671102	10478542	1878029	8600513	1716965710	386458
15872301945	672575	32	8	671102	10479325	1878144	8601181	1717006456	386458
15873907272	672575	36	8	671102	10480154	1878261	8601893	1717048803	386458
15875160600	672577	29	8	671104	10480930	1878369	8602561	1717097121	386458
15876110450	672577	37	8	671104	10481665	1878474	8603191	1717135333	386458
15877179964	672577	29	8	671104	10482424	1878584	8603840	1717174676	386458
15878267788	672581	35	8	671108	10483243	1878699	8604544	1717250358	386456
15879435577	672581	30	8	671108	10484035	1878809	8605226	1717291156	386456
15880834062	672581	29	8	671108	10484824	1878922	8605902	1717331987	386456
15882138424	672582	28	8	671109	10485630	1879052	8606578	1717380767	386455
15883772577	672582	32	8	671109	10486427	1879167	8607260	1717421766	386455
15885028471	672582	27	8	671109	10487214	1879281	8607933	1717462501	386455
15886468070	672584	30	8	671111	10487991	1879374	8608617	1717506069	386455
15887774492	672584	31	8	671111	10488741	1879479	8609262	1717544608	386455
15888917094	672584	33	8	671111	10489503	1879587	8609916	1717584118	386455
15889954237	672585	29	8	671112	10490288	1879706	8610582	1717625166	386454
15891244619	672585	27	8	671112	10491105	1879840	8611265	1717667478	386453
15892513446	672587	31	8	671114	10491925	1879954	8611971	1717709961	386453
15894045413	672587	33	8	671114	10492730	1880063	8612667	1717751460	386453
15895571538	672588	31	8	671115	10493539	1880178	8613361	1717794933	386453
15896899336	672588	24	8	671115	10494312	1880288	8614024	1717835103	386453
15898225931	672588	31	8	671115	10495124	1880393	8614731	1717876896	386453
15899607000	672589	30	8	671116	10495918	1880503	8615415	1717917666	386452
15901215228	672589	32	8	671116	10496669	1880607	8616062	1717956552	386452
15902741237	672589	25	8	671116	10497454	1880710	8616744	1717996652	386452
15903851289	672589	31	8	671116	10498250	1880834	8617416	1718038175	386452
15905047805	672589	37	8	671116	10499083	1880949	8618134	1718080550	386452
15906235861	672589	30	8	671116	10499860	1881058	8618802	1718120738	386452
15907689871	672589	33	8	671116	10500655	1881159	8619496	1718161700	386452
15908917894	672592	30	8	671119	10501453	1881279	8620174	1718203238	386451
15910232409	672592	31	8	671119	10502233	1881382	8620851	1718243527	386451
15911409605	672592	31	8	671119	10503004	1881486	8621518	1718283280	386451
15912596117	672593	30	8	671120	10503804	1881604	8622200	1718329680	386450
15913901170	672593	33	8	671120	10504580	1881712	8622868	1718369445	386450
15915224887	672593	27	8	671120	10505360	1881827	8623533	1718410199	386450
15916592039	672594	29	8	671121	10506167	1881943	8624224	1718454562	386450
15918392278	672594	31	8	671121	10506990	1882043	8624947	1718496715	386450
15919592520	672594	31	8	671121	10507781	1882147	8625634	1718537545	386450
15920900188	672597	27	8	671124	10508566	1882263	8626303	1718580501	386449
15922106530	672598	32	8	671125	10509344	1882376	8626968	1718621019	386448
15923696801	672598	26	8	671125	10510127	1882478	8627649	1718661146	386448
15924888858	672601	32	8	671128	10510925	1882591	8628334	1718705763	386447
15925988057	672605	32	8	671132	10511723	1882706	8629017	1718761703	386446
15927162533	672605	33	8	671132	10512489	1882804	8629685	1718800746	386446
15928375093	672605	27	8	671132	10513252	1882902	8630350	1718840444	386446
15929678364	672605	33	8	671132	10514083	1883024	8631059	1718882993	386446
15930898343	672607	32	8	671134	10514863	1883127	8631736	1718924740	386445
15931895799	672607	31	8	671134	10515659	1883245	8632414	1718965875	386445
15933221076	672607	33	8	671134	10516463	1883359	8633104	1719007271	386445
15934875714	672609	33	8	671136	10517237	1883472	8633765	1719049333	386444
15936067851	672614	27	8	671141	10518011	1883586	8634425	1719098890	386444
15937260552	672614	35	8	671141	10518796	1883699	8635097	1719139462	386444
15938400826	672614	29	8	671141	10519547	1883808	8635739	1719177900	386444
15939864657	672614	33	8	671141	10520344	1883924	8636420	1719218988	386444
15940816413	672614	32	8	671141	10521123	1884033	8637090	1719259076	386444
15942029192	672615	31	8	671142	10521912	1884145	8637767	1719302065	386444
15943174502	672615	28	8	671142	10522712	1884265	8638447	1719343624	386444
15944315755	672615	33	8	671142	10523525	1884371	8639154	1719385452	386444
15945214690	672615	30	8	671142	10524325	1884489	8639836	1719426726	386444
15946509526	672615	33	8	671142	10525112	1884593	8640519	1719467289	386444
15947853757	672615	29	8	671142	10525904	1884710	8641194	1719508082	386444
15948981641	672615	29	8	671142	10526714	1884816	8641898	1719549838	386444
15949984456	672615	26	8	671142	10527494	1884926	8642568	1719590105	386444
15951127926	672615	33	8	671142	10528286	1885028	8643258	1719631064	386444
15952359970	672615	29	8	671142	10529082	1885141	8643941	1719671610	386444
15953871099	672615	31	8	671142	10529874	1885252	8644622	1719712487	386444
15955436388	672615	31	8	671142	10530668	1885365	8645303	1719753398	386444
15956574270	672615	32	8	671142	10531466	1885474	8645992	1719794416	386444
15957904611	672615	32	8	671142	10532242	1885588	8646654	1719834853	386444
15958985020	672615	32	8	671142	10533052	1885691	8647361	1719876039	386444
15960441556	672615	29	8	671142	10533828	1885803	8648025	1719916349	386444
15961787662	672616	35	8	671143	10534569	1885908	8648661	1719958298	386444
15963219614	672616	25	8	671143	10535298	1886001	8649297	1719995898	386444
15964541938	672616	31	8	671143	10536067	1886104	8649963	1720035634	386444
15965795497	672616	30	8	671143	10536849	1886211	8650638	1720075791	386444
15967026914	672616	37	8	671143	10537637	1886327	8651310	1720116646	386444
15968184318	672619	33	8	671146	10538401	1886428	8651973	1720160027	386442
15969203303	672620	33	8	671147	10539179	1886551	8652628	1720201888	386442
15970496579	672620	31	8	671147	10539966	1886659	8653307	1720242627	386442
15971973324	672620	38	8	671147	10540768	1886772	8653996	1720283957	386442
15973247482	672620	27	8	671147	10541535	1886877	8654658	1720323388	386442
15974380032	672620	28	8	671147	10542331	1886983	8655348	1720364509	386442
15975467963	672620	35	8	671147	10543095	1887087	8656008	1720404100	386442
15976555428	672620	32	8	671147	10543877	1887207	8656670	1720444621	386442
15978002452	672621	29	8	671148	10544649	1887320	8657329	1720484935	386441
15979058486	672623	34	8	671150	10545390	1887420	8657970	1720526044	386439
15980111000	672630	27	8	671157	10546188	1887540	8658648	1720573683	386437
15981431751	672630	34	8	671157	10547010	1887661	8659349	1720616313	386437
15982862085	672630	31	8	671157	10547793	1887760	8660033	1720656278	386437
15984353497	672630	30	8	671157	10548587	1887871	8660716	1720697299	386437
15985717334	672630	32	8	671157	10549367	1887969	8661398	1720737272	386437
15987222582	672630	33	8	671157	10550185	1888090	8662095	1720779334	386437
15988702478	672630	31	8	671157	10550951	1888180	8662771	1720818914	386437
15989901877	672630	30	8	671157	10551746	1888299	8663447	1720859846	386437
15991318078	672632	28	8	671159	10552548	1888431	8664117	1720903045	386437
15992628495	672632	27	8	671159	10553336	1888542	8664794	1720943847	386437
15993877255	672632	25	8	671159	10554126	1888669	8665457	1720984865	386437
15995200850	672632	36	8	671159	10554922	1888770	8666152	1721025833	386437
15996383881	672634	28	8	671161	10555716	1888887	8666829	1721069245	386436
15997310705	672634	31	8	671161	10556482	1888984	8667498	1721108545	386436
15998763037	672635	30	8	671162	10557246	1889079	8668167	1721149978	386436
15999935765	672635	35	8	671162	10558022	1889187	8668835	1721189949	386436
16001575251	672636	28	8	671163	10558817	1889301	8669516	1721232778	386436
16003098484	672639	30	8	671166	10559643	1889418	8670225	1721277991	386435
16004116502	672639	30	8	671166	10560391	1889516	8670875	1721316394	386435
16005637553	672639	31	8	671166	10561179	1889619	8671560	1721356808	386435
16007049963	672639	35	8	671166	10562017	1889756	8672261	1721400194	386435
16008382061	672639	30	8	671166	10562807	1889872	8672935	1721440903	386435
16009921499	672650	32	8	671177	10563640	1889985	8673655	1721497543	386433
16011366600	672650	36	8	671177	10564448	1890086	8674362	1721539083	386433
16012622988	672650	28	8	671177	10565242	1890213	8675029	1721579988	386433
16013978205	672654	27	8	671181	10566037	1890331	8675706	1721623005	386432
16015354984	672657	31	8	671184	10566851	1890455	8676396	1721667806	386432
16016563704	672657	27	8	671184	10567635	1890560	8677075	1721708025	386432
16017467056	672659	31	8	671186	10568386	1890660	8677726	1721777376	386431
16018654037	672659	34	8	671186	10569173	1890761	8678412	1721818176	386431
16020125531	672659	29	8	671186	10569958	1890868	8679090	1721858597	386431
16021829282	672659	28	8	671186	10570764	1890973	8679791	1721899794	386431
16023262737	672659	29	8	671186	10571531	1891061	8680470	1721939530	386431
16024676031	672659	31	8	671186	10572351	1891174	8681177	1721981895	386431
16025917478	672659	33	8	671186	10573052	1891281	8681771	1722017852	386431
16027416549	672659	31	8	671186	10573830	1891393	8682437	1722058124	386431
16028483346	672659	28	8	671186	10574648	1891510	8683138	1722099880	386431
16029988420	672659	33	8	671186	10575454	1891626	8683828	1722141338	386431
16031407310	672659	26	8	671186	10576244	1891733	8684511	1722181941	386431
16032713005	672660	25	8	671187	10577011	1891839	8685172	1722227533	386430
16034527698	672660	37	8	671187	10577841	1891961	8685880	1722270188	386430
16035672591	672662	30	8	671189	10578620	1892075	8686545	1722311116	386429
16036892525	672663	32	8	671190	10579416	1892202	8687214	1722352358	386428
16038135178	672663	28	8	671190	10580204	1892311	8687893	1722393148	386428
16039352203	672663	28	8	671190	10580987	1892419	8688568	1722433412	386428
16040632286	672663	31	8	671190	10581761	1892529	8689232	1722473529	386428
16042072058	672664	31	8	671191	10582545	1892646	8689899	1722515689	386428
16043057164	672664	27	8	671191	10583296	1892740	8690556	1722554322	386428
16044054193	672664	31	8	671191	10584060	1892859	8691201	1722593931	386428
16045459614	672666	28	8	671193	10584838	1892970	8691868	1722638774	386426
16046736130	672666	30	8	671193	10585639	1893085	8692554	1722679901	386426
16048088148	672670	24	8	671197	10586381	1893193	8693188	1722718629	386426
16049659322	672670	29	8	671197	10587128	1893294	8693834	1722757402	386426
16051138299	672672	31	8	671199	10587917	1893410	8694507	1722803934	386424
16052510656	672672	29	8	671199	10588661	1893516	8695145	1722842372	386424
16053692616	672678	29	8	671205	10589436	1893630	8695806	1722891261	386423
16055151696	672678	29	8	671205	10590183	1893731	8696452	1722929863	386423
16056435801	672678	25	8	671205	10590940	1893836	8697104	1722969119	386423
16057679548	672678	29	8	671205	10591720	1893944	8697776	1723009259	386423
16058950795	672678	30	8	671205	10592508	1894063	8698445	1723049962	386423
16059710060	672678	28	8	671205	10593244	1894182	8699062	1723087997	386423
16060834206	672678	27	8	671205	10593988	1894291	8699697	1723126992	386423
16062458007	672679	32	8	671206	10594761	1894390	8700371	1723166771	386422
16063704603	672679	28	8	671206	10595525	1894492	8701033	1723205979	386422
16065161824	672679	32	8	671206	10596253	1894586	8701667	1723243389	386422
16066386089	672679	29	8	671206	10597035	1894707	8702328	1723283824	386422
16067731500	672681	31	8	671208	10597789	1894807	8702982	1723322774	386421
16068821419	672682	32	8	671209	10598570	1894926	8703644	1723371942	386420
16070040815	672682	33	8	671209	10599325	1895034	8704291	1723411011	386420
16071035586	672683	29	8	671210	10600084	1895140	8704944	1723450450	386419
16072088798	672683	26	8	671210	10600849	1895254	8705595	1723489929	386419
16073188871	672683	24	8	671210	10601578	1895349	8706229	1723527449	386419
16074439588	672683	26	8	671210	10602334	1895450	8706884	1723566566	386419
16075947834	672684	35	8	671211	10603084	1895550	8707534	1723607603	386418
16077077694	672684	30	8	671211	10603796	1895646	8708150	1723644271	386418
16078573325	672684	31	8	671211	10604540	1895738	8708802	1723682552	386418
16079471979	672685	31	8	671212	10605247	1895844	8709403	1723720578	386418
16080673722	672685	33	8	671212	10605997	1895941	8710056	1723759094	386418
16081722425	672691	28	8	671218	10606730	1896046	8710684	1723797841	386417
16082753148	672691	29	8	671218	10607490	1896157	8711333	1723836987	386417
16084011963	672691	29	8	671218	10608246	1896257	8711989	1723876205	386417
16085253182	672692	30	8	671219	10608978	1896351	8712627	1723918781	386416
16086413424	672692	31	8	671219	10609726	1896458	8713268	1723957377	386416
16087560502	672692	35	8	671219	10610475	1896557	8713918	1723995987	386416
16088623825	672695	27	8	671222	10611187	1896660	8714527	1724036887	386415
16090035456	672695	27	8	671222	10611937	1896752	8715185	1724075430	386415
16091025417	672697	30	8	671224	10612680	1896854	8715826	1724119062	386413
16092172675	672697	30	8	671224	10613432	1896962	8716470	1724158018	386413
16093600779	672697	30	8	671224	10614184	1897064	8717120	1724196553	386413
16094862228	672699	30	8	671226	10614938	1897172	8717766	1724237604	386412
16096148781	672699	32	8	671226	10615744	1897284	8718460	1724278875	386412
16097588567	672699	29	8	671226	10616492	1897387	8719105	1724317474	386412
16098537484	672699	29	8	671226	10617239	1897480	8719759	1724355909	386412
16099708180	672699	30	8	671226	10617994	1897584	8720410	1724394880	386412
16100819837	672699	31	8	671226	10618736	1897690	8721046	1724433195	386412
16101871565	672700	29	8	671227	10619474	1897790	8721684	1724472301	386412
16102884951	672705	30	8	671232	10620225	1897902	8722323	1724511896	386412
16103998028	672707	29	8	671234	10620961	1898008	8722953	1724550201	386411
16105252721	672707	27	8	671234	10621721	1898130	8723591	1724589528	386411
16106143677	672707	29	8	671234	10622473	1898231	8724242	1724628104	386411
16107259816	672707	31	8	671234	10623239	1898329	8724910	1724667397	386411
16108613585	672707	32	8	671234	10623982	1898431	8725551	1724705899	386411
16109666071	672707	29	8	671234	10624714	1898540	8726174	1724743895	386411
16110625346	672707	29	8	671234	10625460	1898640	8726820	1724782140	386411
16111490268	672709	29	8	671236	10626176	1898743	8727433	1724822903	386410
16112842322	672709	28	8	671236	10626934	1898852	8728082	1724861802	386410
16114011245	672709	26	8	671236	10627679	1898957	8728722	1724900424	386410
16115263237	672709	29	8	671236	10628428	1899065	8729363	1724939098	386410
16116627540	672709	28	8	671236	10629181	1899170	8730011	1724978070	386410
16117880236	672710	31	8	671237	10629926	1899282	8730644	1725021980	386409
16119304928	672710	29	8	671237	10630687	1899398	8731289	1725061449	386409
16120683167	672726	27	8	671253	10631484	1899520	8731964	1725103768	386408
16121872678	672726	29	8	671253	10632216	1899607	8732609	1725141483	386408
16122989282	672726	29	8	671253	10632932	1899700	8733232	1725178495	386408
16124430144	672726	27	8	671253	10633701	1899804	8733897	1725217821	386408
16125562116	672726	28	8	671253	10634461	1899905	8734556	1725256806	386408
16126736423	672726	24	8	671253	10635194	1900007	8735187	1725294635	386408
16128125839	672729	34	8	671256	10635946	1900113	8735833	1725337817	386406
16129244700	672729	33	8	671256	10636634	1900203	8736431	1725373380	386406
16130368291	672729	25	8	671256	10637369	1900317	8737052	1725411526	386406
16131458086	672729	29	8	671256	10638105	1900425	8737680	1725449525	386406
16132981242	672732	26	8	671259	10638878	1900542	8738336	1725493047	386404
16134550532	672732	30	8	671259	10639618	1900636	8738982	1725531265	386404
16135543234	672732	29	8	671259	10640349	1900730	8739619	1725568861	386404
16136832158	672732	29	8	671259	10641122	1900844	8740278	1725608768	386404
16137907732	672732	28	8	671259	10641862	1900950	8740912	1725646980	386404
16138832561	672732	27	8	671259	10642601	1901057	8741544	1725685296	386404
16140195344	672734	30	8	671261	10643348	1901149	8742199	1725727118	386404
16141640759	672734	24	8	671261	10644094	1901258	8742836	1725765721	386404
16143014843	672735	31	8	671262	10644837	1901352	8743485	1725807803	386403
16144270399	672735	32	8	671262	10645582	1901454	8744128	1725846237	386403
16145383417	672736	31	8	671263	10646341	1901561	8744780	1725885716	386402
16146758712	672736	32	8	671263	10647072	1901657	8745415	1725923354	386402
16148258705	672736	29	8	671263	10647828	1901758	8746070	1725962089	386402
16149450908	672736	33	8	671263	10648588	1901874	8746714	1726001655	386402
16150640171	672736	30	8	671263	10649316	1901978	8747338	1726039166	386402
16151734255	672736	26	8	671263	10650024	1902080	8747944	1726075574	386402
16152968591	672736	28	8	671263	10650761	1902185	8748576	1726113907	386402
16154247018	672736	33	8	671263	10651496	1902281	8749215	1726151816	386402
16155593592	672736	31	8	671263	10652217	1902384	8749833	1726189220	386402
16156886946	672741	27	8	671268	10652958	1902490	8750468	1726246914	386400
16157928819	672741	28	8	671268	10653694	1902592	8751102	1726284836	386400
16159006344	672741	28	8	671268	10654463	1902701	8751762	1726324551	386400
16160157036	672741	30	8	671268	10655223	1902807	8752416	1726363593	386400
16161314677	672741	29	8	671268	10655974	1902906	8753068	1726402383	386400
16162427877	672742	32	8	671269	10656718	1903007	8753711	1726442009	386400
16163727427	672742	30	8	671269	10657464	1903119	8754345	1726480494	386400
16165283589	672742	28	8	671269	10658177	1903213	8754964	1726517344	386400
16166452093	672742	29	8	671269	10658921	1903312	8755609	1726555618	386400
16167638990	672742	26	8	671269	10659656	1903411	8756245	1726593620	386400
16168889273	672743	27	8	671270	10660416	1903521	8756895	1726633008	386399
16169911801	672745	26	8	671272	10661150	1903624	8757526	1726675523	386397
16171284911	672745	28	8	671272	10661909	1903736	8758173	1726714532	386397
16172511228	672746	26	8	671273	10662642	1903842	8758800	1726752996	386396
16173549699	672746	31	8	671273	10663378	1903952	8759426	1726791240	386396
16174686972	672750	30	8	671277	10664157	1904064	8760093	1726841271	386395
16176010282	672750	28	8	671277	10664920	1904171	8760749	1726880720	386395
16177161206	672750	29	8	671277	10665686	1904277	8761409	1726920108	386395
16178346944	672751	26	8	671278	10666436	1904390	8762046	1726959775	386395
16179235769	672751	30	8	671278	10667173	1904494	8762679	1726997867	386395
16180549451	672751	30	8	671278	10667950	1904605	8763345	1727037778	386395
16181910823	672751	26	8	671278	10668675	1904697	8763978	1727075307	386395
16183083726	672751	28	8	671278	10669439	1904797	8764642	1727114542	386395
16184330374	672751	30	8	671278	10670170	1904907	8765263	1727152610	386395
16185419029	672751	30	8	671278	10670913	1904999	8765914	1727190776	386395
16186509108	672751	27	8	671278	10671667	1905107	8766560	1727229577	386394
16187651351	672752	26	8	671279	10672410	1905210	8767200	1727268289	386394
16188955116	672752	31	8	671279	10673162	1905310	8767852	1727307324	386394
16190212018	672752	31	8	671279	10673911	1905407	8768504	1727345729	386394
16191423397	672753	28	8	671280	10674638	1905512	8769126	1727384712	386394
16192811611	672753	23	8	671280	10675370	1905609	8769761	1727422423	386394
16193961963	672753	30	8	671280	10676132	1905730	8770402	1727461845	386394
16195009254	672753	27	8	671280	10676861	1905827	8771034	1727499456	386394
16196373660	672753	26	8	671280	10677607	1905922	8771685	1727537966	386394
16197595641	672753	34	8	671280	10678352	1906025	8772327	1727576499	386394
16198951790	672755	31	8	671282	10679107	1906131	8772976	1727618899	386394
16200089166	672755	29	8	671282	10679830	1906230	8773600	1727656436	386394
16201312790	672755	32	8	671282	10680598	1906338	8774260	1727695848	386394
16202663680	672755	28	8	671282	10681348	1906440	8774908	1727734461	386394
16203797899	672755	29	8	671282	10682112	1906547	8775565	1727773810	386394
16204943413	672755	33	8	671282	10682885	1906665	8776220	1727813573	386394
16206080014	672755	36	8	671282	10683626	1906792	8776834	1727851930	386394
16207222069	672755	24	8	671282	10684323	1906889	8777434	1727888251	386394
16208299204	672755	29	8	671282	10685093	1907000	8778093	1727927873	386394
16209709479	672755	33	8	671282	10685859	1907096	8778763	1727967187	386394
16210890016	672756	31	8	671283	10686616	1907207	8779409	1728006192	386393
16211902256	672756	35	8	671283	10687316	1907299	8780017	1728042404	386393
16213050793	672756	29	8	671283	10688019	1907398	8780621	1728078518	386393
16214184254	672756	30	8	671283	10688761	1907504	8781257	1728116956	386393
16215662061	672756	29	8	671283	10689495	1907605	8781890	1728154981	386393
16216856138	672756	29	8	671283	10690248	1907715	8782533	1728193930	386393
16218131972	672756	31	8	671283	10691013	1907820	8783193	1728233318	386393
16219203184	672756	32	8	671283	10691768	1907935	8783833	1728272428	386393
16220397774	672756	31	8	671283	10692498	1908051	8784447	1728310322	386393
16221511064	672756	32	8	671283	10693249	1908163	8785086	1728349318	386393
16222757926	672756	33	8	671283	10694016	1908269	8785747	1728388857	386393
16223494041	672756	31	8	671283	10694740	1908367	8786373	1728426263	386393
16224796986	672756	29	8	671283	10695500	1908473	8787027	1728465307	386393
16226106719	672756	30	8	671283	10696234	1908570	8787664	1728503155	386393
16227367654	672757	27	8	671284	10696995	1908676	8788319	1728542639	386392
16228435208	672757	29	8	671284	10697733	1908769	8788964	1728580517	386392
16229673000	672757	29	8	671284	10698486	1908885	8789601	1728619310	386392
16230736464	672757	28	8	671284	10699204	1908985	8790219	1728656482	386392
16231945716	672760	27	8	671287	10699978	1909109	8790869	1728699607	386391
16233094634	672760	24	8	671287	10700697	1909198	8791499	1728736793	386391
16234370419	672760	25	8	671287	10701446	1909301	8792145	1728775617	386391
16235695983	672760	31	8	671287	10702200	1909398	8792802	1728814261	386391
16237042638	672762	32	8	671289	10702957	1909507	8793450	1728857456	386390
16238382280	672762	26	8	671289	10703694	1909611	8794083	1728895588	386390
16239557107	672763	25	8	671290	10704463	1909721	8794742	1728935203	386389
16240885557	672763	26	8	671290	10705212	1909809	8795403	1728973662	386389
16242157538	672763	28	8	671290	10705988	1909920	8796068	1729013580	386389
16243512677	672763	26	8	671290	10706714	1910028	8796686	1729051257	386389
16244836783	672763	33	8	671290	10707442	1910106	8797336	1729088291	386389
16246249269	672763	31	8	671290	10708228	1910224	8798004	1729128860	386389
16247323461	672763	31	8	671290	10708963	1910338	8798625	1729166990	386389
16248484589	672763	26	8	671290	10709726	1910457	8799269	1729206363	386389
16250082865	672763	31	8	671290	10710484	1910557	8799927	1729245271	386389
16251176949	672763	27	8	671290	10711198	1910646	8800552	1729282168	386389
16252557353	672763	32	8	671290	10711963	1910752	8801211	1729321634	386389
16253971356	672763	31	8	671290	10712716	1910852	8801864	1729360524	386389
16255157288	672766	33	8	671293	10713456	1910931	8802525	1729404452	386388
16256195973	672766	32	8	671293	10714203	1911031	8803172	1729442876	386388
16257411377	672766	29	8	671293	10714965	1911145	8803820	1729482078	386388
16258509233	672766	26	8	671293	10715711	1911241	8804470	1729520382	386388
16259457097	672766	26	8	671293	10716441	1911354	8805087	1729558319	386388
16260516244	672766	27	8	671293	10717191	1911449	8805742	1729597126	386388
16261590120	672766	38	8	671293	10717898	1911547	8806351	1729633640	386388
16262500284	672766	28	8	671293	10718624	1911648	8806976	1729671012	386388
16263583200	672766	29	8	671293	10719388	1911757	8807631	1729710399	386388
16264895673	672766	26	8	671293	10720145	1911870	8808275	1729749471	386388
16265890910	672772	31	8	671299	10720917	1911984	8808933	1729795231	386386
16266797784	672772	31	8	671299	10721644	1912081	8809563	1729832879	386386
16267978098	672772	31	8	671299	10722374	1912178	8810196	1729870506	386386
16269237013	672772	29	8	671299	10723106	1912274	8810832	1729908310	386386
16270429612	672774	29	8	671301	10723868	1912384	8811484	1729956127	386385
16271502341	672774	29	8	671301	10724602	1912484	8812118	1729993916	386385
16272769935	672774	27	8	671301	10725281	1912588	8812693	1730029184	386385
16273945259	672775	27	8	671302	10726021	1912690	8813331	1730067630	386384
16274814842	672775	30	8	671302	10726726	1912780	8813946	1730103796	386384
16276091787	672775	28	8	671302	10727452	1912884	8814568	1730141261	386384
16277252002	672777	30	8	671304	10728182	1912979	8815203	1730181592	386382
16278306428	672777	24	8	671304	10728884	1913081	8815803	1730218015	386382
16279362988	672778	29	8	671305	10729639	1913192	8816447	1730257059	386381
16280420856	672778	25	8	671305	10730375	1913306	8817069	1730295135	386381
16281477195	672778	24	8	671305	10731132	1913421	8817711	1730334126	386381
16282602933	672778	31	8	671305	10731842	1913526	8818316	1730370845	386381
16284049098	672778	27	8	671305	10732612	1913638	8818974	1730410574	386381
16285334502	672778	31	8	671305	10733364	1913745	8819619	1730449468	386381
16286695733	672778	32	8	671305	10734085	1913850	8820235	1730486926	386381
16287799442	672778	33	8	671305	10734829	1913951	8820878	1730525186	386381
16288811142	672778	30	8	671305	10735561	1914064	8821497	1730563147	386381
16289824782	672778	28	8	671305	10736274	1914165	8822109	1730600068	386381
16291039454	672778	27	8	671305	10737018	1914280	8822738	1730638361	386381
16292272791	672778	23	8	671305	10737751	1914374	8823377	1730675969	386381
16293647730	672778	24	8	671305	10738491	1914482	8824009	1730714414	386381
16294740611	672778	25	8	671305	10739239	1914602	8824637	1730753022	386381
16296169692	672778	26	8	671305	10739958	1914696	8825262	1730790079	386381
16297469583	672778	30	8	671305	10740714	1914798	8825916	1730828889	386381
16298927689	672778	29	8	671305	10741446	1914906	8826540	1730866900	386381
16299970787	672778	28	8	671305	10742203	1915018	8827185	1730906020	386381
16301032395	672780	26	8	671307	10742941	1915126	8827815	1730948738	386379
16302196919	672780	30	8	671307	10743679	1915221	8828458	1730986665	386379
16303402473	672780	29	8	671307	10744410	1915332	8829078	1731024019	386379
16304945559	672780	26	8	671307	10745138	1915423	8829715	1731061493	386379
16306080605	672780	30	8	671307	10745885	1915528	8830357	1731099989	386379
16307138072	672780	31	8	671307	10746586	1915625	8830961	1731136243	386379
16308272135	672780	28	8	671307	10747302	1915731	8831571	1731173434	386379
16309463047	672780	27	8	671307	10748039	1915841	8832198	1731211781	386379
16310472378	672780	24	8	671307	10748751	1915944	8832807	1731248560	386379
16311762393	672780	24	8	671307	10749524	1916075	8833449	1731288533	386379
16313188011	672780	25	8	671307	10750246	1916167	8834079	1731325626	386379
16314398779	672780	26	8	671307	10750974	1916270	8834704	1731363336	386379
16315536549	672780	27	8	671307	10751710	1916369	8835341	1731401316	386379
16316800408	672780	28	8	671307	10752451	1916459	8835992	1731439213	386379
16318074820	672780	27	8	671307	10753188	1916550	8836638	1731477028	386379
16319162117	672781	30	8	671308	10753921	1916657	8837264	1731516141	386379
16320321239	672781	28	8	671308	10754639	1916757	8837882	1731553230	386379
16321811006	672781	31	8	671308	10755396	1916865	8838531	1731592171	386379
16323098200	672781	26	8	671308	10756113	1916961	8839152	1731629341	386379
16324163969	672781	31	8	671308	10756849	1917074	8839775	1731667645	386379
16325281447	672781	31	8	671308	10757549	1917154	8840395	1731703668	386379
16326614856	672781	29	8	671308	10758304	1917264	8841040	1731742656	386379
16327530547	672781	27	8	671308	10759030	1917363	8841667	1731780020	386379
16328569442	672782	31	8	671309	10759743	1917458	8842285	1731816985	386378
16329952743	672782	27	8	671309	10760466	1917558	8842908	1731854226	386378
16330840801	672782	31	8	671309	10761202	1917660	8843542	1731892013	386378
16332184282	672782	24	8	671309	10761895	1917760	8844135	1731928197	386378
16333124568	672782	28	8	671309	10762629	1917864	8844765	1731966046	386378
16334100443	672782	29	8	671309	10763335	1917966	8845369	1732002508	386378
16335329339	672782	27	8	671309	10764048	1918075	8845973	1732039398	386378
16336766764	672782	28	8	671309	10764785	1918163	8846622	1732077062	386378
16338108381	672782	28	8	671309	10765515	1918259	8847256	1732114635	386378
16339180693	672782	26	8	671309	10766255	1918356	8847899	1732152723	386378
16340424904	672782	30	8	671309	10766992	1918452	8848540	1732190577	386378
16341542566	672782	25	8	671309	10767729	1918560	8849169	1732228592	386378
16342852517	672782	24	8	671309	10768461	1918661	8849800	1732266438	386378
16344056622	672782	27	8	671309	10769216	1918764	8850452	1732305106	386378
16345118999	672784	27	8	671311	10769930	1918862	8851068	1732344448	386377
16346434212	672784	26	8	671311	10770686	1918955	8851731	1732382969	386377
16347748670	672784	27	8	671311	10771422	1919052	8852370	1732420707	386377
16349366490	672784	28	8	671311	10772167	1919147	8853020	1732459106	386377
16350418938	672784	26	8	671311	10772898	1919244	8853654	1732496730	386377
16351824787	672784	23	8	671311	10773640	1919353	8854287	1732535241	386377
16353244892	672784	27	8	671311	10774369	1919457	8854912	1732572817	386377
16354694404	672784	26	8	671311	10775123	1919578	8855545	1732611877	386377
16355834063	672784	29	8	671311	10775869	1919685	8856184	1732650109	386377
16357092702	672784	27	8	671311	10776610	1919792	8856818	1732688607	386377
16358051133	672784	24	8	671311	10777334	1919898	8857436	1732725949	386377
16359203599	672784	26	8	671311	10778082	1920009	8858073	1732764665	386377
16360167308	672784	27	8	671311	10778811	1920108	8858703	1732802018	386377
16361258748	672784	27	8	671311	10779523	1920212	8859311	1732838939	386377
16362136649	672784	33	8	671311	10780207	1920305	8859902	1732874303	386377
16363148878	672784	29	8	671311	10780879	1920405	8860474	1732909155	386377
16364362967	672784	28	8	671311	10781583	1920499	8861084	1732945496	386377
16365630575	672784	28	8	671311	10782291	1920601	8861690	1732982210	386377
16366846315	672784	32	8	671311	10782998	1920706	8862292	1733018837	386377
16368454630	672784	31	8	671311	10783729	1920803	8862926	1733056202	386377
16369458122	672784	28	8	671311	10784422	1920896	8863526	1733092050	386377
16370819427	672784	29	8	671311	10785144	1920994	8864150	1733129154	386377
16371938373	672784	27	8	671311	10785887	1921095	8864792	1733167133	386377
16372757210	672784	25	8	671311	10786564	1921190	8865374	1733202239	386377
16373581878	672784	26	8	671311	10787292	1921300	8865992	1733239779	386377
16374785588	672784	29	8	671311	10788026	1921397	8866629	1733277416	386377
16376053212	672784	30	8	671311	10788749	1921492	8867257	1733314816	386377
16377044926	672784	30	8	671311	10789433	1921587	8867846	1733350285	386377
16378389171	672784	29	8	671311	10790128	1921670	8868458	1733386041	386377
16379360383	672784	31	8	671311	10790829	1921768	8869061	1733422287	386377
16380521759	672784	30	8	671311	10791540	1921866	8869674	1733459012	386377
16381547332	672784	29	8	671311	10792226	1921964	8870262	1733494402	386377
16382774655	672784	27	8	671311	10792959	1922070	8870889	1733532216	386377
16384121779	672784	27	8	671311	10793712	1922199	8871513	1733571191	386377
16385108211	672784	22	8	671311	10794395	1922288	8872107	1733606362	386377
16386370290	672784	25	8	671311	10795081	1922390	8872691	1733641868	386377
16387616751	672784	26	8	671311	10795799	1922498	8873301	1733678862	386377
16388816668	672785	29	8	671312	10796514	1922600	8873914	1733719310	386377
16390150517	672785	29	8	671312	10797224	1922697	8874527	1733755969	386377
16391270775	672785	29	8	671312	10797913	1922794	8875119	1733791648	386377
16392465351	672785	31	8	671312	10798614	1922889	8875725	1733827770	386377
16393417285	672785	32	8	671312	10799254	1922981	8876273	1733861086	386377
16394955867	672785	29	8	671312	10799980	1923082	8876898	1733898322	386377
16395957495	672785	30	8	671312	10800687	1923187	8877500	1733934977	386377
16397071630	672785	26	8	671312	10801325	1923261	8878064	1733967649	386377
16398262675	672785	27	8	671312	10802004	1923366	8878638	1734003039	386377
16399790540	672786	26	8	671313	10802718	1923463	8879255	1734039906	386377
16400892796	672786	26	8	671313	10803394	1923543	8879851	1734074692	386377
16402166797	672786	26	8	671313	10804103	1923641	8880462	1734111010	386377
16403819488	672786	27	8	671313	10804812	1923742	8881070	1734147704	386377
16404937685	672788	28	8	671315	10805481	1923822	8881659	1734186630	386375
16405968043	672788	25	8	671315	10806180	1923916	8882264	1734222525	386375
16407138058	672788	29	8	671315	10806891	1924013	8882878	1734259130	386375
16408136162	672788	26	8	671315	10807552	1924083	8883469	1734293156	386375
16409489154	672788	25	8	671315	10808254	1924175	8884079	1734329068	386375
16410499855	672788	25	8	671315	10808941	1924265	8884676	1734364314	386375
16411675473	672788	30	8	671315	10809640	1924366	8885274	1734400457	386375
16412554678	672788	28	8	671315	10810336	1924459	8885877	1734436441	386375
16413581227	672788	27	8	671315	10811030	1924562	8886468	1734471926	386375
16414862220	672788	28	8	671315	10811733	1924659	8887074	1734508337	386375
16415938055	672788	27	8	671315	10812429	1924760	8887669	1734544370	386375
16416814605	672788	27	8	671315	10813096	1924848	8888248	1734578865	386375
16418034985	672788	23	8	671315	10813782	1924940	8888842	1734614170	386375
16419030492	672788	25	8	671315	10814459	1925034	8889425	1734649307	386375
16420231843	672788	24	8	671315	10815138	1925112	8890026	1734684046	386375
16421234976	672790	26	8	671317	10815854	1925213	8890641	1734721239	386374
16422256440	672790	23	8	671317	10816542	1925314	8891228	1734756759	386374
16423439389	672790	28	8	671317	10817237	1925413	8891824	1734792962	386374
16424316594	672790	27	8	671317	10817937	1925505	8892432	1734829035	386374
16425330751	672790	23	8	671317	10818614	1925603	8893011	1734864038	386374
16426385006	672790	26	8	671317	10819310	1925704	8893606	1734899948	386374
16427299337	672790	23	8	671317	10819993	1925804	8894189	1734935204	386374
16428591306	672790	24	8	671317	10820715	1925906	8894809	1734972163	386374
16429816887	672790	28	8	671317	10821409	1926005	8895404	1735008160	386374
16431272219	672790	27	8	671317	10822097	1926107	8895990	1735043843	386374
16432705596	672790	29	8	671317	10822796	1926210	8896586	1735080039	386374
16433981904	672790	26	8	671317	10823488	1926306	8897182	1735115887	386374
16435189334	672790	29	8	671317	10824184	1926400	8897784	1735151693	386374
16436150879	672790	27	8	671317	10824876	1926502	8898374	1735187571	386374
16437351871	672790	31	8	671317	10825554	1926590	8898964	1735222278	386374
16438652121	672790	22	8	671317	10826255	1926687	8899568	1735258303	386374
16439951711	672796	23	8	671323	10826944	1926799	8900145	1735298387	386370
16441305496	672797	24	8	671324	10827631	1926884	8900747	1735333658	386369
16442199973	672797	23	8	671324	10828323	1926987	8901336	1735369391	386369
16443250371	672797	24	8	671324	10829008	1927080	8901928	1735404461	386369
16444335744	672797	28	8	671324	10829685	1927163	8902522	1735439153	386369
16445194163	672797	23	8	671324	10830342	1927240	8903102	1735473100	386369
16446156737	672797	27	8	671324	10831018	1927333	8903685	1735508114	386369
16447297551	672797	22	8	671324	10831701	1927422	8904279	1735543229	386369
16448693927	672797	28	8	671324	10832398	1927525	8904873	1735579021	386369
16449459802	672797	30	8	671324	10833077	1927622	8905455	1735614261	386369
16450641170	672797	27	8	671324	10833728	1927704	8906024	1735647761	386369
16451992917	672797	26	8	671324	10834414	1927795	8906619	1735683117	386369
16452936492	672797	29	8	671324	10835090	1927896	8907194	1735718077	386369
16454275332	672806	29	8	671333	10835792	1928002	8907790	1735773000	386366
16455191109	672806	32	8	671333	10836433	1928088	8908345	1735806051	386366
16456017197	672806	24	8	671333	10837067	1928182	8908885	1735839108	386366
16457138989	672806	23	8	671333	10837772	1928286	8909486	1735875499	386366
16457918045	672806	26	8	671333	10838449	1928394	8910055	1735910473	386366
16459059941	672806	34	8	671333	10839132	1928485	8910647	1735945706	386366
16459931591	672806	31	8	671333	10839812	1928586	8911226	1735980679	386366
16460959778	672806	28	8	671333	10840484	1928674	8911810	1736015309	386366
16461948634	672806	30	8	671333	10841142	1928747	8912395	1736049038	386366
16463034110	672806	26	8	671333	10841826	1928852	8912974	1736084523	386366
16464035485	672806	27	8	671333	10842490	1928942	8913548	1736118822	386366
16465381817	672806	22	8	671333	10843159	1929029	8914130	1736153260	386366
16466581029	672806	24	8	671333	10843852	1929127	8914725	1736188953	386366
16467873060	672806	27	8	671333	10844536	1929221	8915315	1736224310	386366
16468668802	672806	26	8	671333	10845197	1929303	8915894	1736258348	386366
16469634917	672806	28	8	671333	10845885	1929402	8916483	1736293737	386366
16470626266	672806	26	8	671333	10846544	1929482	8917062	1736327647	386366
16471543361	672806	26	8	671333	10847192	1929578	8917614	1736361171	386366
16472904437	672806	27	8	671333	10847886	1929670	8918216	1736397134	386366
16473974297	672806	27	8	671333	10848579	1929783	8918796	1736433059	386366
16475230679	672806	26	8	671333	10849236	1929874	8919362	1736467097	386366
16476205657	672806	29	8	671333	10849921	1929968	8919953	1736502173	386366
16477401761	672806	27	8	671333	10850611	1930065	8920546	1736537852	386366
16478625680	672806	27	8	671333	10851272	1930142	8921130	1736571968	386366
16479805658	672806	24	8	671333	10851947	1930233	8921714	1736606785	386366
16480622903	672806	22	8	671333	10852615	1930331	8922284	1736641426	386366
16481670762	672806	26	8	671333	10853322	1930435	8922887	1736677686	386366
16482651806	672806	23	8	671333	10853983	1930523	8923460	1736711923	386366
16483710392	672806	29	8	671333	10854670	1930614	8924056	1736747263	386366
16484393616	672808	30	8	671335	10855334	1930712	8924622	1736783544	386365
16485304016	672808	29	8	671335	10856005	1930808	8925197	1736818163	386365
16486718069	672808	31	8	671335	10856703	1930914	8925789	1736854138	386365
16487951221	672808	28	8	671335	10857392	1931015	8926377	1736889582	386365
16488818000	672808	33	8	671335	10858077	1931110	8926967	1736924982	386365
16490054713	672808	26	8	671335	10858733	1931199	8927534	1736959160	386365
16491131882	672808	23	8	671335	10859382	1931288	8928094	1736992731	386365
16491958444	672808	23	8	671335	10860019	1931369	8928650	1737025624	386365
16493260437	672808	22	8	671335	10860704	1931460	8929244	1737060847	386365
16494419353	672808	28	8	671335	10861389	1931558	8929831	1737096021	386365
16495423373	672808	28	8	671335	10862083	1931649	8930434	1737131681	386365
16496241454	672808	23	8	671335	10862742	1931742	8931000	1737165793	386365
16497098325	672808	23	8	671335	10863403	1931840	8931563	1737200052	386365
16498373574	672808	25	8	671335	10864084	1931936	8932148	1737235142	386365
16499552775	672808	27	8	671335	10864757	1932026	8932731	1737270055	386365
16500649110	672808	24	8	671335	10865428	1932115	8933313	1737304632	386365
16501692644	672812	24	8	671339	10866104	1932205	8933899	1737340008	386364
16502471933	672812	24	8	671339	10866783	1932308	8934475	1737375228	386364
16503499264	672812	28	8	671339	10867446	1932393	8935053	1737409538	386364
16504507939	672812	30	8	671339	10868129	1932495	8935634	1737444912	386364
16505686035	672812	27	8	671339	10868802	1932581	8936221	1737479786	386364
16506710731	672812	27	8	671339	10869480	1932674	8936806	1737514701	386364
16507604035	672813	27	8	671340	10870158	1932769	8937389	1737549970	386363
16508714239	672813	26	8	671340	10870842	1932866	8937976	1737585255	386363
16510080138	672813	27	8	671340	10871533	1932959	8938574	1737621023	386363
16511012643	672813	28	8	671340	10872173	1933054	8939119	1737654166	386363
16512050025	672813	25	8	671340	10872815	1933139	8939676	1737687117	386363
16513025562	672813	26	8	671340	10873484	1933226	8940258	1737721468	386363
16514218333	672813	26	8	671340	10874156	1933324	8940832	1737756377	386363
16515348100	672813	32	8	671340	10874816	1933406	8941410	1737790183	386363
16516400399	672813	27	8	671340	10875493	1933502	8941991	1737824981	386363
16517423935	672813	27	8	671340	10876172	1933600	8942572	1737860287	386363
16518377298	672813	26	8	671340	10876839	1933698	8943141	1737894801	386363
16519581404	672813	28	8	671340	10877502	1933788	8943714	1737928997	386363
16520366148	672813	27	8	671340	10878150	1933893	8944257	1737962728	386363
16521321904	672813	26	8	671340	10878827	1933988	8944839	1737997579	386363
16522330275	672813	28	8	671340	10879515	1934081	8945434	1738032948	386363
16523380308	672813	30	8	671340	10880155	1934166	8945989	1738066118	386363
16524333506	672813	24	8	671340	10880826	1934246	8946580	1738100697	386363
16525361617	672813	25	8	671340	10881493	1934322	8947171	1738134770	386363
16526456074	672813	20	8	671340	10882164	1934404	8947760	1738169219	386363
16527554181	672813	27	8	671340	10882844	1934497	8948347	1738204562	386363
16528618699	672815	26	8	671342	10883523	1934586	8948937	1738263413	386361
16529760585	672815	26	8	671342	10884185	1934666	8949519	1738297463	386361
16530739661	672815	29	8	671342	10884849	1934746	8950103	1738331709	386361
16531765049	672815	26	8	671342	10885535	1934858	8950677	1738367287	386361
16532951943	672815	32	8	671342	10886244	1934961	8951283	1738403794	386361
16534127972	672816	31	8	671343	10886925	1935061	8951864	1738438923	386360
16535172784	672816	32	8	671343	10887597	1935162	8952435	1738473846	386360
16536234912	672819	23	8	671346	10888263	1935266	8952997	1738512094	386359
16537587825	672819	29	8	671346	10888963	1935360	8953603	1738548070	386359
16538636322	672819	32	8	671346	10889639	1935444	8954195	1738582729	386359
16539794838	672819	30	8	671346	10890341	1935549	8954792	1738619120	386359
16541020144	672819	24	8	671346	10891023	1935650	8955373	1738654328	386359
16541983118	672819	26	8	671346	10891707	1935753	8955954	1738689666	386359
16543254565	672819	25	8	671346	10892403	1935859	8956544	1738725575	386359
16544234445	672820	27	8	671347	10893064	1935955	8957109	1738761542	386359
16545271225	672820	27	8	671347	10893744	1936042	8957702	1738796366	386359
16546732028	672821	27	8	671348	10894403	1936126	8958277	1738831402	386359
16547835366	672821	32	8	671348	10895099	1936228	8958871	1738867443	386359
16549181302	672822	27	8	671349	10895768	1936323	8959445	1738905057	386359
16550220257	672822	26	8	671349	10896437	1936412	8960025	1738939736	386359
16551401798	672822	25	8	671349	10897130	1936528	8960602	1738975748	386359
16552412607	672822	26	8	671349	10897805	1936617	8961188	1739010580	386359
16553660005	672822	28	8	671349	10898494	1936707	8961787	1739046147	386359
16554903162	672822	30	8	671349	10899167	1936801	8962366	1739080685	386359
16556258036	672822	25	8	671349	10899837	1936892	8962945	1739115207	386359
16557269250	672822	27	8	671349	10900511	1936983	8963528	1739150073	386359
16558168820	672822	22	8	671349	10901192	1937080	8964112	1739184975	386359
16559054933	672822	26	8	671349	10901844	1937158	8964686	1739218407	386359
16560231708	672822	24	8	671349	10902479	1937236	8965243	1739251301	386359
16561321825	672822	29	8	671349	10903146	1937318	8965828	1739285525	386359
16562503691	672822	25	8	671349	10903818	1937411	8966407	1739320316	386359
16563611338	672822	28	8	671349	10904486	1937508	8966978	1739354927	386359
16564641265	672822	30	8	671349	10905157	1937590	8967567	1739389337	386359
16565762716	672822	27	8	671349	10905827	1937681	8968146	1739423759	386359
16566756686	672822	26	8	671349	10906508	1937774	8968734	1739458833	386359
16568137553	672822	32	8	671349	10907216	1937876	8969340	1739495121	386359
16569354178	672822	27	8	671349	10907912	1937972	8969940	1739530958	386359
16570517022	672822	25	8	671349	10908587	1938070	8970517	1739565875	386359
16571681986	672822	28	8	671349	10909303	1938175	8971128	1739602768	386359
16573002220	672822	26	8	671349	10909993	1938268	8971725	1739638302	386359
16574298967	672822	27	8	671349	10910678	1938364	8972314	1739673465	386359
16575322789	672822	34	8	671349	10911351	1938451	8972900	1739708099	386359
16576591428	672822	30	8	671349	10912036	1938539	8973497	1739743113	386359
16577491745	672822	21	8	671349	10912649	1938624	8974025	1739774724	386359
16578471347	672822	27	8	671349	10913278	1938708	8974570	1739807262	386359
16579217233	672822	22	8	671349	10913865	1938795	8975070	1739837577	386359
