bytes_written	total_items	curr_connections	threads	cmd_set	cmd_get	get_misses	get_hits	bytes_read
18081302603	3801333	33	8	4152404	14662900	1918209	12744691	2151912051	481857
18082600119	3801595	35	8	4152694	14664032	1918330	12745702	2151991965	481857
18083958661	3801859	30	8	4152982	14665165	1918453	12746712	2152072375	481857
18085638759	3802131	30	8	4153276	14666334	1918574	12747760	2152171510	481859
18087088068	3802379	34	8	4153553	14667404	1918670	12748734	2152246486	481858
18088551805	3802644	31	8	4153841	14668571	1918795	12749776	2152323502	481859
18089803716	3802897	25	8	4154117	14669640	1918907	12750733	2152394301	481859
18091175992	3803134	30	8	4154391	14670697	1919004	12751693	2152464115	481859
18092639899	3803390	29	8	4154675	14671826	1919127	12752699	2152538588	481859
18093932468	3803640	34	8	4154954	14672887	1919208	12753679	2152615054	481859
18095379817	3803906	28	8	4155269	14674026	1919305	12754721	2152692830	481859
18096734142	3804171	29	8	4155560	14675191	1919436	12755755	2152769803	481859
18098516438	3804435	31	8	4155862	14676309	1919540	12756769	2152847470	481858
18100334474	3804684	34	8	4156140	14677439	1919651	12757788	2152921976	481857
18101669370	3804950	18	8	4156440	14678570	1919769	12758801	2152999484	481857
18103274600	3805209	28	8	4156725	14679692	1919876	12759816	2153089949	481857
18104690979	3805461	30	8	4156994	14680777	1919989	12760788	2153167293	481857
18106328420	3805728	21	8	4157296	14681905	1920088	12761817	2153243689	481857
18107694913	3805982	30	8	4157573	14683025	1920194	12762831	2153317404	481857
18109005682	3806242	31	8	4157853	14684162	1920315	12763847	2153395082	481856
18110570462	3806500	27	8	4158134	14685244	1920409	12764835	2153468316	481856
18111895971	3806759	27	8	4158423	14686377	1920528	12765849	2153545520	481856
18113473446	3807022	31	8	4158710	14687544	1920660	12766884	2153625218	481856
18114828905	3807284	29	8	4158994	14688656	1920762	12767894	2153698753	481856
18116663754	3807543	33	8	4159275	14689794	1920876	12768918	2153775299	481855
18118080978	3807811	26	8	4159576	14690928	1920984	12769944	2153850467	481855
18119382552	3808070	27	8	4159863	14692032	1921099	12770933	2153927333	481853
18120921564	3808326	34	8	4160137	14693138	1921212	12771926	2154001724	481853
18122498292	3808592	29	8	4160436	14694298	1921325	12772973	2154078128	481853
18124018983	3808854	24	8	4160726	14695456	1921442	12774014	2154155359	481853
18125787132	3809111	28	8	4161019	14696591	1921561	12775030	2154230506	481853
18127239504	3809372	27	8	4161306	14697732	1921687	12776045	2154320038	481853
18128531214	3809632	34	8	4161595	14698850	1921800	12777050	2154397870	481852
18129917181	3809895	26	8	4161885	14699990	1921920	12778070	2154473182	481852
18131500333	3810152	28	8	4162165	14701122	1922035	12779087	2154554143	481851
18132794607	3810411	27	8	4162448	14702276	1922167	12780109	2154630008	481851
18134374423	3810671	33	8	4162740	14703410	1922272	12781138	2154705095	481851
18135683192	3810933	30	8	4163027	14704516	1922372	12782144	2154778310	481851
18137401846	3811193	29	8	4163313	14705646	1922481	12783165	2154852801	481851
18138824306	3811452	32	8	4163596	14706760	1922584	12784176	2154927909	481851
18140265407	3811707	35	8	4163886	14707890	1922701	12785189	2155003238	481851
18141894777	3811975	25	8	4164191	14709060	1922827	12786233	2155080685	481851
18143318812	3812234	30	8	4164483	14710198	1922934	12787264	2155157705	481851
18144867074	3812492	33	8	4164775	14711352	1923053	12788299	2155233941	481851
18146094534	3812750	29	8	4165068	14712459	1923141	12789318	2155307382	481851
18147795081	3813015	27	8	4165363	14713604	1923257	12790347	2155389409	481850
18149355184	3813274	26	8	4165644	14714731	1923368	12791363	2155463319	481850
18150561131	3813528	32	8	4165924	14715838	1923475	12792363	2155536458	481850
18152002597	3813786	34	8	4166209	14716963	1923588	12793375	2155611340	481850
18153480634	3814047	29	8	4166507	14718101	1923713	12794388	2155686994	481850
18154892241	3814301	33	8	4166791	14719208	1923824	12795384	2155769266	481849
18156528799	3814561	34	8	4167077	14720345	1923942	12796403	2155844584	481849
18158345036	3814823	24	8	4167375	14721463	1924049	12797414	2155922363	481848
18159704089	3815079	31	8	4167662	14722614	1924169	12798445	2155998198	481848
18161128799	3815332	33	8	4167949	14723697	1924274	12799423	2156070494	481848
18162652428	3815576	25	8	4168208	14724713	1924364	12800349	2156137668	481848
18164277968	3815842	27	8	4168495	14725856	1924470	12801386	2156213079	481848
18165684401	3816112	25	8	4168785	14727008	1924596	12802412	2156303525	481847
18167266737	3816374	30	8	4169074	14728173	1924718	12803455	2156380048	481847
18168990552	3816620	35	8	4169353	14729266	1924823	12804443	2156452536	481847
18170404209	3816881	28	8	4169648	14730393	1924939	12805454	2156533016	481846
18171733217	3817134	33	8	4169928	14731497	1925041	12806456	2156605800	481846
18173011116	3817393	33	8	4170210	14732593	1925131	12807462	2156681034	481846
18174604420	3817659	31	8	4170501	14733717	1925249	12808468	2156758776	481845
18176086817	3817916	31	8	4170783	14734844	1925362	12809482	2156833150	481845
18177594596	3818179	32	8	4171072	14735998	1925476	12810522	2156909005	481845
18178910241	3818444	32	8	4171363	14737107	1925575	12811532	2156983653	481845
18180205412	3818708	24	8	4171651	14738245	1925678	12812567	2157058804	481845
18181594619	3818973	31	8	4171936	14739381	1925794	12813587	2157142006	481843
18183012790	3819229	36	8	4172219	14740496	1925897	12814599	2157215929	481843
18184294574	3819498	30	8	4172521	14741647	1926030	12815617	2157294429	481842
18185809538	3819760	28	8	4172814	14742796	1926150	12816646	2157370556	481842
18187303232	3820015	31	8	4173093	14743921	1926260	12817661	2157444586	481842
18188551653	3820279	27	8	4173392	14745075	1926385	12818690	2157521045	481842
18189666823	3820537	30	8	4173685	14746174	1926496	12819678	2157598788	481841
18191096191	3820793	30	8	4173960	14747278	1926589	12820689	2157671670	481842
18192564413	3821053	29	8	4174240	14748365	1926688	12821677	2157747090	481842
18193852860	3821318	20	8	4174530	14749503	1926810	12822693	2157822341	481842
18195075925	3821576	27	8	4174818	14750610	1926908	12823702	2157897791	481842
18196377643	3821837	28	8	4175118	14751762	1927023	12824739	2157974490	481842
18197983318	3822095	29	8	4175400	14752854	1927134	12825720	2158050134	481841
18199355122	3822352	33	8	4175685	14753972	1927233	12826739	2158123784	481841
18200631210	3822612	33	8	4175961	14755105	1927350	12827755	2158198000	481841
18202394229	3822879	28	8	4176256	14756247	1927457	12828790	2158276795	481841
18203824756	3823137	30	8	4176529	14757382	1927579	12829803	2158351209	481841
18205357937	3823399	33	8	4176813	14758523	1927687	12830836	2158426266	481841
18206932319	3823659	31	8	4177095	14759651	1927793	12831858	2158500330	481841
18208476777	3823926	27	8	4177390	14760780	1927885	12832895	2158576397	481841
18209751116	3824176	29	8	4177663	14761855	1927982	12833873	2158650212	481840
18211331979	3824441	33	8	4177957	14763019	1928104	12834915	2158727100	481840
18212709577	3824704	26	8	4178257	14764151	1928210	12835941	2158802347	481840
18214148108	3824960	27	8	4178537	14765275	1928326	12836949	2158878467	481840
18215583838	3825215	24	8	4178821	14766395	1928451	12837944	2158952382	481840
18216907834	3825471	32	8	4179112	14767519	1928550	12838969	2159027070	481840
18218615364	3825740	33	8	4179406	14768693	1928677	12840016	2159109822	481838
18220201294	3826003	31	8	4179699	14769857	1928791	12841066	2159186517	481838
18221831213	3826259	34	8	4179994	14771008	1928909	12842099	2159262443	481838
18223558364	3826523	33	8	4180289	14772188	1929022	12843166	2159339878	481838
18225190908	3826784	25	8	4180578	14773311	1929130	12844181	2159415315	481838
18226784839	3827037	29	8	4180864	14774444	1929246	12845198	2159492226	481837
18228181210	3827297	31	8	4181153	14775566	1929362	12846204	2159566873	481837
18229790668	3827560	31	8	4181448	14776727	1929492	12847235	2159643799	481836
18231020926	3827813	33	8	4181726	14777823	1929603	12848220	2159715955	481836
18232116705	3828060	31	8	4182020	14778923	1929723	12849200	2159790438	481835
18233441861	3828324	28	8	4182302	14780075	1929858	12850217	2159872766	481835
18234953582	3828583	30	8	4182600	14781210	1929969	12851241	2159948254	481835
18236534506	3828845	32	8	4182888	14782343	1930077	12852266	2160023158	481835
18238046405	3829104	30	8	4183169	14783447	1930191	12853256	2160106942	481835
18239628257	3829374	27	8	4183468	14784597	1930305	12854292	2160184564	481835
18241058168	3829631	31	8	4183747	14785712	1930429	12855283	2160258633	481835
18242368850	3829893	32	8	4184028	14786815	1930548	12856267	2160334888	481835
18244008833	3830151	29	8	4184311	14787924	1930645	12857279	2160408218	481835
18245408122	3830414	29	8	4184615	14789055	1930757	12858298	2160483814	481835
18246984445	3830673	29	8	4184896	14790151	1930867	12859284	2160556856	481835
18248774534	3830926	37	8	4185169	14791273	1930975	12860298	2160630770	481834
18250085227	3831189	27	8	4185457	14792372	1931084	12861288	2160703819	481834
18251485129	3831454	23	8	4185760	14793532	1931207	12862325	2160786837	481833
18253123078	3831715	27	8	4186046	14794644	1931310	12863334	2160860546	481832
18254816035	3831964	32	8	4186317	14795740	1931400	12864340	2160932776	481832
18256456503	3832226	28	8	4186609	14796861	1931514	12865347	2161006936	481832
18257752495	3832489	27	8	4186888	14797994	1931639	12866355	2161081555	481832
18259004998	3832745	28	8	4187169	14799100	1931744	12867356	2161154888	481832
18260744271	3833006	32	8	4187452	14800231	1931845	12868386	2161229428	481832
18262003531	3833269	28	8	4187744	14801355	1931959	12869396	2161308817	481831
18263352174	3833533	29	8	4188026	14802471	1932065	12870406	2161383935	481830
18264508778	3833803	23	8	4188316	14803580	1932184	12871396	2161460151	481830
18265899883	3834060	32	8	4188595	14804728	1932306	12872422	2161535277	481830
18267240493	3834326	27	8	4188888	14805858	1932418	12873440	2161618331	481829
18268261600	3834586	24	8	4189168	14806962	1932530	12874432	2161693014	481829
18269963022	3834838	34	8	4189452	14808078	1932638	12875440	2161766975	481829
18271498786	3835097	33	8	4189727	14809221	1932750	12876471	2161841369	481829
18273089997	3835364	26	8	4190014	14810356	1932866	12877490	2161927862	481829
18274600168	3835605	39	8	4190281	14811434	1932977	12878457	2161999011	481829
18276246568	3835865	30	8	4190566	14812552	1933085	12879467	2162072826	481829
18278077810	3836123	33	8	4190857	14813732	1933196	12880536	2162155756	481828
18279686430	3836389	27	8	4191150	14814883	1933311	12881572	2162231574	481828
18281520134	3836651	31	8	4191434	14816005	1933410	12882595	2162305482	481828
18283177050	3836910	30	8	4191719	14817133	1933510	12883623	2162379855	481828
18284460255	3837169	29	8	4192009	14818261	1933622	12884639	2162454527	481828
18286119929	3837435	26	8	4192320	14819421	1933739	12885682	2162531928	481828
18287489403	3837689	32	8	4192599	14820541	1933855	12886686	2162607136	481828
18288817208	3837938	27	8	4192872	14821635	1933965	12887670	2162678836	481828
18290759575	3838199	32	8	4193166	14822803	1934087	12888716	2162755593	481828
18292363417	3838462	28	8	4193461	14823930	1934176	12889754	2162831855	481828
18293761722	3838728	29	8	4193758	14825069	1934287	12890782	2162912025	481828
18295148245	3838989	30	8	4194042	14826191	1934396	12891795	2162993221	481827
18296710075	3839249	28	8	4194339	14827316	1934508	12892808	2163068517	481827
18298207551	3839514	29	8	4194634	14828462	1934626	12893836	2163147665	481826
18299934520	3839775	25	8	4194925	14829588	1934725	12894863	2163222224	481826
18301650128	3840036	30	8	4195211	14830740	1934851	12895889	2163298106	481826
18303280569	3840295	28	8	4195502	14831885	1934977	12896908	2163373745	481826
18305170346	3840534	31	8	4195768	14832943	1935082	12897861	2163443765	481826
18306583821	3840799	18	8	4196058	14834063	1935193	12898870	2163517792	481826
18308067644	3841056	28	8	4196361	14835207	1935289	12899918	2163597387	481825
18309439775	3841317	32	8	4196643	14836327	1935405	12900922	2163671258	481825
18310709725	3841576	26	8	4196929	14837414	1935511	12901903	2163743795	481825
18312010348	3841833	32	8	4197216	14838550	1935618	12902932	2163818773	481825
18313610210	3842099	32	8	4197502	14839691	1935729	12903962	2163899180	481824
18315176452	3842362	26	8	4197790	14840838	1935853	12904985	2163975053	481824
18316773719	3842621	27	8	4198071	14841956	1935961	12905995	2164048788	481824
18318317892	3842884	34	8	4198358	14843083	1936059	12907024	2164123143	481824
18319605629	3843136	34	8	4198649	14844209	1936180	12908029	2164197621	481824
18320984794	3843397	32	8	4198951	14845364	1936280	12909084	2164274194	481824
18322583920	3843659	26	8	4199245	14846503	1936392	12910111	2164349913	481824
18324182448	3843925	27	8	4199541	14847685	1936507	12911178	2164427570	481824
18325554979	3844186	30	8	4199825	14848826	1936618	12912208	2164502663	481824
18327037191	3844453	33	8	4200130	14849991	1936736	12913255	2164579881	481824
18328522044	3844699	32	8	4200411	14851095	1936838	12914257	2164652844	481824
18330244041	3844968	28	8	4200704	14852255	1936960	12915295	2164731036	481823
18331817290	3845222	31	8	4200986	14853397	1937071	12916326	2164805978	481823
18333223103	3845486	32	8	4201292	14854569	1937201	12917368	2164896268	481823
18334716320	3845747	27	8	4201591	14855713	1937327	12918386	2164972185	481823
18336215104	3846007	27	8	4201880	14856842	1937433	12919409	2165047031	481823
18337630955	3846265	34	8	4202159	14857955	1937536	12920419	2165120444	481823
18339084432	3846529	30	8	4202447	14859112	1937655	12921457	2165200103	481822
18340660219	3846790	33	8	4202730	14860226	1937759	12922467	2165273727	481822
18342125075	3847046	33	8	4203015	14861328	1937855	12923473	2165346919	481822
18343362488	3847305	32	8	4203297	14862438	1937975	12924463	2165423947	481821
18345047196	3847567	28	8	4203589	14863568	1938089	12925479	2165508700	481820
18346997795	3847814	37	8	4203868	14864676	1938204	12926472	2165582177	481820
18348477151	3848069	29	8	4204156	14865765	1938301	12927464	2165654138	481820
18350143927	3848311	33	8	4204421	14866846	1938401	12928445	2165725304	481820
18351712421	3848573	30	8	4204699	14867963	1938509	12929454	2165798696	481820
18352943966	3848837	27	8	4204987	14869079	1938619	12930460	2165877022	481819
18354639555	3849102	24	8	4205286	14870235	1938725	12931510	2165953705	481819
18356165689	3849358	34	8	4205568	14871374	1938842	12932532	2166028850	481819
18357832548	3849627	28	8	4205865	14872529	1938959	12933570	2166105413	481819
18359544516	3849893	30	8	4206151	14873694	1939089	12934605	2166191616	481818
18360947665	3850161	24	8	4206447	14874852	1939217	12935635	2166268251	481818
18362360882	3850422	30	8	4206734	14875981	1939332	12936649	2166343236	481818
18363811463	3850684	25	8	4207016	14877124	1939452	12937672	2166418447	481818
18365631976	3850940	34	8	4207298	14878298	1939580	12938718	2166495161	481818
18367163276	3851205	29	8	4207599	14879432	1939697	12939735	2166570413	481818
18368273268	3851458	32	8	4207879	14880522	1939801	12940721	2166642740	481818
18370077447	3851714	29	8	4208160	14881656	1939923	12941733	2166717265	481818
18371778568	3851977	26	8	4208445	14882802	1940028	12942774	2166792703	481818
18373157097	3852231	36	8	4208716	14883890	1940138	12943752	2166866654	481817
18374464413	3852495	31	8	4208996	14885007	1940252	12944755	2166940373	481817
18375891983	3852755	28	8	4209283	14886128	1940366	12945762	2167014608	481817
18377632346	3853004	32	8	4209570	14887247	1940469	12946778	2167088094	481817
18378989215	3853253	24	8	4209854	14888332	1940576	12947756	2167160140	481817
18380445397	3853503	29	8	4210129	14889417	1940662	12948755	2167231601	481817
18382163605	3853767	22	8	4210418	14890549	1940778	12949771	2167311586	481816
18383888843	3854022	33	8	4210702	14891702	1940886	12950816	2167387164	481816
18385578781	3854278	34	8	4210978	14892832	1941004	12951828	2167461529	481816
18387296743	3854537	32	8	4211267	14893966	1941121	12952845	2167536222	481816
18389167555	3854795	34	8	4211546	14895101	1941239	12953862	2167611031	481816
18390816124	3855056	36	8	4211826	14896250	1941365	12954885	2167686521	481816
18392461752	3855323	25	8	4212122	14897396	1941478	12955918	2167762152	481816
18393946707	3855585	27	8	4212407	14898550	1941592	12956958	2167837958	481816
18395515842	3855834	34	8	4212693	14899673	1941702	12957971	2167912270	481816
18396975974	3856097	30	8	4212986	14900801	1941812	12958989	2167986949	481816
18398603140	3856360	32	8	4213276	14901940	1941918	12960022	2168062069	481816
18400285374	3856616	30	8	4213561	14903083	1942042	12961041	2168138423	481816
18401792607	3856875	23	8	4213855	14904195	1942133	12962062	2168221059	481815
18403365677	3857133	35	8	4214143	14905324	1942233	12963091	2168295808	481815
18404845219	3857396	27	8	4214440	14906456	1942357	12964099	2168371084	481815
18406303698	3857657	27	8	4214740	14907593	1942470	12965123	2168446777	481815
18407854038	3857914	27	8	4215026	14908705	1942580	12966125	2168527273	481814
18409430253	3858183	32	8	4215319	14909849	1942693	12967156	2168606239	481812
18410895640	3858434	31	8	4215602	14910966	1942800	12968166	2168680031	481812
18412417865	3858692	30	8	4215895	14912082	1942901	12969181	2168755073	481812
18414027793	3858958	26	8	4216191	14913257	1943019	12970238	2168833179	481812
18415414402	3859224	29	8	4216477	14914417	1943144	12971273	2168909230	481812
18416849271	3859481	27	8	4216767	14915531	1943249	12972282	2168983218	481812
18418068160	3859730	33	8	4217038	14916655	1943379	12973276	2169057283	481812
18419452207	3859999	25	8	4217339	14917796	1943501	12974295	2169134188	481812
18420866376	3860259	26	8	4217633	14918934	1943619	12975315	2169209575	481812
18422217476	3860518	29	8	4217910	14920063	1943739	12976324	2169287516	481811
18423775585	3860776	30	8	4218196	14921197	1943857	12977340	2169362210	481811
18425110903	3861044	24	8	4218494	14922314	1943956	12978358	2169436686	481811
18426293275	3861301	31	8	4218777	14923415	1944062	12979353	2169510024	481811
18427642648	3861549	29	8	4219054	14924506	1944172	12980334	2169582079	481811
18429120816	3861808	26	8	4219342	14925625	1944273	12981352	2169656090	481811
18430455737	3862068	30	8	4219626	14926750	1944379	12982371	2169730626	481811
18431634721	3862336	22	8	4219927	14927884	1944481	12983403	2169808162	481811
18433079455	3862599	33	8	4220211	14929021	1944608	12984413	2169883730	481811
18434508324	3862855	34	8	4220489	14930135	1944723	12985412	2169957384	481811
18435981691	3863120	23	8	4220790	14931250	1944826	12986424	2170031699	481811
18437315106	3863383	28	8	4221071	14932373	1944935	12987438	2170108257	481810
18438794164	3863636	31	8	4221361	14933482	1945039	12988443	2170182192	481810
18440389901	3863901	27	8	4221666	14934651	1945149	12989502	2170259182	481810
18441757721	3864150	30	8	4221938	14935733	1945260	12990473	2170330723	481810
18443420299	3864401	34	8	4222217	14936850	1945359	12991491	2170404499	481810
18444709717	3864666	31	8	4222508	14937970	1945468	12992502	2170478798	481810
18446061313	3864932	27	8	4222801	14939107	1945589	12993518	2170554115	481809
18447532622	3865189	29	8	4223082	14940244	1945697	12994547	2170628757	481809
18448907520	3865453	33	8	4223370	14941412	1945834	12995578	2170705998	481809
18450189718	3865679	31	8	4223642	14942402	1945922	12996480	2170772056	481809
18451506577	3865931	32	8	4223928	14943521	1946034	12997487	2170846049	481809
18453119133	3866195	24	8	4224227	14944663	1946146	12998517	2170921871	481809
18454521273	3866446	33	8	4224510	14945769	1946256	12999513	2170995214	481809
18456143307	3866708	25	8	4224793	14946889	1946375	13000514	2171069306	481809
18457697210	3866973	29	8	4225083	14948036	1946486	13001550	2171144979	481809
18458992291	3867221	37	8	4225355	14949117	1946586	13002531	2171216459	481809
18460576712	3867488	30	8	4225632	14950249	1946703	13003546	2171300511	481808
18461992331	3867747	29	8	4225913	14951342	1946807	13004535	2171372804	481808
18463623089	3868007	27	8	4226210	14952489	1946915	13005574	2171450270	481808
18464975857	3868263	28	8	4226488	14953589	1947019	13006570	2171522887	481808
18466502905	3868522	31	8	4226768	14954751	1947135	13007616	2171598566	481808
18467895693	3868775	30	8	4227045	14955857	1947240	13008617	2171671484	481808
18469207129	3869033	25	8	4227329	14956966	1947362	13009604	2171745071	481808
18470449476	3869285	27	8	4227607	14958064	1947465	13010599	2171817240	481808
18472280239	3869537	25	8	4227883	14959169	1947578	13011591	2171889900	481808
18473579115	3869786	28	8	4228160	14960268	1947697	13012571	2171962705	481808
18474878265	3870040	23	8	4228439	14961342	1947809	13013533	2172039589	481807
18476160906	3870282	32	8	4228705	14962437	1947929	13014508	2172111551	481807
18477316528	3870534	34	8	4228988	14963530	1948040	13015490	2172188369	481807
18478544004	3870783	30	8	4229265	14964618	1948144	13016474	2172260023	481807
18479974180	3871044	26	8	4229551	14965742	1948264	13017478	2172334731	481807
18481314664	3871293	33	8	4229825	14966829	1948376	13018453	2172406311	481807
18482623022	3871547	29	8	4230112	14967935	1948478	13019457	2172479511	481807
18484046495	3871797	30	8	4230389	14969034	1948591	13020443	2172552069	481807
18485418206	3872050	30	8	4230669	14970131	1948698	13021433	2172624624	481807
18487030523	3872298	24	8	4230944	14971194	1948791	13022403	2172694751	481807
18488609254	3872544	30	8	4231222	14972312	1948909	13023403	2172768265	481807
18490004389	3872793	32	8	4231494	14973394	1949012	13024382	2172839548	481807
18491416584	3873043	31	8	4231764	14974487	1949117	13025370	2172911235	481807
18492969810	3873288	29	8	4232036	14975599	1949241	13026358	2172983705	481807
18494510520	3873543	25	8	4232316	14976694	1949350	13027344	2173056306	481807
18495814739	3873794	31	8	4232598	14977811	1949474	13028337	2173136615	481807
18497375571	3874043	30	8	4232870	14978902	1949577	13029325	2173208458	481807
18498643102	3874294	37	8	4233149	14979994	1949685	13030309	2173280552	481807
18500215037	3874551	28	8	4233431	14981099	1949788	13031311	2173355170	481807
18501844074	3874808	26	8	4233716	14982217	1949893	13032324	2173428823	481807
18502882221	3875061	23	8	4234003	14983307	1950008	13033299	2173501454	481807
18504415324	3875311	23	8	4234275	14984410	1950121	13034289	2173574005	481807
18505624758	3875558	41	8	4234541	14985500	1950239	13035261	2173646645	481806
18507315747	3875803	27	8	4234824	14986589	1950358	13036231	2173718831	481806
18508751294	3876048	27	8	4235102	14987664	1950473	13037191	2173790420	481806
18510595256	3876289	32	8	4235362	14988697	1950571	13038126	2173861600	481804
18512156878	3876540	31	8	4235628	14989772	1950672	13039100	2173932127	481804
18513734310	3876799	28	8	4235916	14990878	1950787	13040091	2174007312	481804
18515261957	3877054	23	8	4236187	14991975	1950894	13041081	2174079189	481804
18516627458	3877301	26	8	4236465	14993077	1951010	13042067	2174151962	481804
18517846574	3877547	27	8	4236736	14994149	1951133	13043016	2174223202	481804
18519328346	3877790	34	8	4237013	14995219	1951237	13043982	2174294311	481804
18520577470	3878035	35	8	4237294	14996294	1951342	13044952	2174365851	481804
18521966044	3878284	26	8	4237574	14997360	1951459	13045901	2174436770	481804
18523678173	3878530	23	8	4237846	14998441	1951576	13046865	2174508262	481804
18524825539	3878777	31	8	4238119	14999521	1951687	13047834	2174582765	481804
18526379447	3879024	26	8	4238407	15000613	1951801	13048812	2174655568	481804
18527525099	3879270	22	8	4238687	15001671	1951911	13049760	2174726156	481804
18528900105	3879511	27	8	4238950	15002698	1952016	13050682	2174795524	481804
18530579663	3879763	30	8	4239218	15003788	1952119	13051669	2174866988	481804
18532071048	3880011	26	8	4239497	15004861	1952232	13052629	2174938500	481804
18533954515	3880261	25	8	4239772	15005948	1952346	13053602	2175010689	481804
18534872733	3880507	26	8	4240050	15007007	1952461	13054546	2175081451	481804
18536252586	3880754	30	8	4240317	15008100	1952572	13055528	2175153060	481804
18537805200	3881004	29	8	4240599	15009210	1952701	13056509	2175226873	481804
18539456546	3881262	30	8	4240880	15010313	1952826	13057487	2175305909	481803
18540874082	3881508	26	8	4241162	15011380	1952936	13058444	2175389539	481803
18542291159	3881757	27	8	4241442	15012487	1953041	13059446	2175462456	481803
18543608915	3882002	29	8	4241711	15013552	1953144	13060408	2175532803	481803
18544865089	3882249	27	8	4241984	15014631	1953261	13061370	2175604177	481803
18546308104	3882494	31	8	4242270	15015736	1953367	13062369	2175677345	481803
18547676233	3882743	28	8	4242557	15016831	1953470	13063361	2175749650	481803
18548980481	3882992	25	8	4242833	15017894	1953575	13064319	2175820132	481803
18550296908	3883231	29	8	4243095	15018945	1953669	13065276	2175889118	481803
18551511568	3883482	25	8	4243376	15020010	1953767	13066243	2175959926	481803
18552869923	3883723	25	8	4243638	15021068	1953866	13067202	2176029547	481803
18554307276	3883966	30	8	4243898	15022123	1953978	13068145	2176099046	481803
18555843637	3884212	27	8	4244182	15023201	1954075	13069126	2176170691	481803
18557291712	3884460	28	8	4244461	15024313	1954197	13070116	2176246886	481803
18558657321	3884711	34	8	4244743	15025406	1954304	13071102	2176319248	481803
18560065237	3884980	31	8	4245031	15026503	1954430	13072073	2176398835	481803
18561516239	3885224	28	8	4245294	15027589	1954542	13073047	2176469791	481803
18562957061	3885472	29	8	4245568	15028664	1954649	13074015	2176541011	481803
18564235922	3885720	26	8	4245845	15029742	1954761	13074981	2176612323	481803
18565737834	3885970	27	8	4246120	15030824	1954878	13075946	2176685352	481803
18567070224	3886219	23	8	4246400	15031884	1954978	13076906	2176755737	481803
18568225800	3886448	31	8	4246652	15032901	1955077	13077824	2176823040	481803
18569798764	3886685	32	8	4246909	15033926	1955180	13078746	2176890571	481803
18571319848	3886935	24	8	4247179	15034992	1955287	13079705	2176960948	481803
18572788726	3887180	28	8	4247449	15036075	1955402	13080673	2177031921	481803
18574206342	3887431	24	8	4247730	15037151	1955503	13081648	2177105486	481803
18575673040	3887672	32	8	4247990	15038203	1955611	13082592	2177177050	481802
18576795947	3887919	26	8	4248272	15039268	1955715	13083553	2177247823	481802
18578062026	3888168	28	8	4248546	15040315	1955805	13084510	2177317452	481802
18579554312	3888417	23	8	4248817	15041377	1955909	13085468	2177387753	481802
18581173619	3888664	26	8	4249087	15042463	1956013	13086450	2177459271	481802
18582631680	3888909	24	8	4249354	15043551	1956121	13087430	2177530448	481802
18584141596	3889158	24	8	4249629	15044621	1956222	13088399	2177601204	481802
18585541931	3889404	29	8	4249908	15045718	1956336	13089382	2177673593	481802
18586980827	3889646	31	8	4250183	15046798	1956450	13090348	2177744890	481802
18588369691	3889894	31	8	4250449	15047884	1956556	13091328	2177817546	481802
18589874752	3890135	29	8	4250718	15048939	1956662	13092277	2177887304	481802
18591320815	3890386	34	8	4251001	15050020	1956771	13093249	2177963626	481801
18592818901	3890623	32	8	4251262	15051081	1956869	13094212	2178033364	481801
18594253874	3890866	31	8	4251542	15052137	1956975	13095162	2178103603	481801
18595649414	3891102	27	8	4251806	15053171	1957091	13096080	2178171881	481801
18596732919	3891338	29	8	4252072	15054220	1957197	13097023	2178241333	481801
18598154334	3891582	32	8	4252342	15055293	1957303	13097990	2178311911	481801
18599383259	3891826	24	8	4252617	15056349	1957411	13098938	2178381832	481801
18601282639	3892077	25	8	4252901	15057433	1957515	13099918	2178461587	481800
18602637003	3892320	24	8	4253189	15058513	1957619	13100894	2178533524	481800
18603794073	3892568	27	8	4253461	15059581	1957728	13101853	2178604390	481800
18605393101	3892813	29	8	4253732	15060648	1957822	13102826	2178674712	481800
18606709622	3893063	27	8	4254009	15061753	1957938	13103815	2178748866	481800
18608084828	3893307	31	8	4254299	15062830	1958041	13104789	2178822902	481799
18609531393	3893553	28	8	4254577	15063902	1958142	13105760	2178893775	481799
18610616591	3893799	23	8	4254842	15064951	1958254	13106697	2178963075	481799
18611958377	3894048	28	8	4255126	15066019	1958350	13107669	2179034284	481799
18613282854	3894291	22	8	4255407	15067108	1958458	13108650	2179106393	481799
18614690171	3894539	24	8	4255686	15068178	1958561	13109617	2179177471	481799
18615924029	3894781	25	8	4255942	15069217	1958666	13110551	2179247913	481799
18617473500	3895028	23	8	4256217	15070284	1958757	13111527	2179318272	481799
18618986246	3895274	28	8	4256487	15071359	1958852	13112507	2179390586	481799
18620465500	3895517	34	8	4256766	15072457	1958970	13113487	2179463072	481799
18621577839	3895767	31	8	4257040	15073514	1959072	13114442	2179533478	481799
18622847825	3896012	27	8	4257310	15074576	1959179	13115397	2179603810	481799
18624078526	3896262	30	8	4257589	15075667	1959292	13116375	2179676008	481799
18625551613	3896508	26	8	4257866	15076719	1959398	13117321	2179746168	481799
18626965173	3896755	28	8	4258131	15077787	1959499	13118288	2179816216	481799
18628280588	3897004	25	8	4258400	15078859	1959610	13119249	2179887003	481799
18629765724	3897249	24	8	4258673	15079949	1959728	13120221	2179958959	481799
18631224654	3897498	21	8	4258952	15081038	1959852	13121186	2180031306	481799
18632584573	3897740	31	8	4259223	15082088	1959948	13122140	2180100787	481799
18633787457	3897981	27	8	4259490	15083172	1960075	13123097	2180172239	481799
18635179379	3898233	26	8	4259771	15084261	1960183	13124078	2180245275	481799
18636783563	3898486	26	8	4260052	15085365	1960299	13125066	2180320666	481798
18638060755	3898729	29	8	4260309	15086428	1960397	13126031	2180390299	481798
18639591719	3898977	29	8	4260599	15087525	1960518	13127007	2180463450	481798
18640609932	3899222	23	8	4260878	15088585	1960633	13127952	2180534282	481798
18641916416	3899464	23	8	4261138	15089621	1960740	13128881	2180602834	481798
18643179277	3899710	33	8	4261412	15090692	1960842	13129850	2180673491	481798
18644644434	3899958	27	8	4261686	15091774	1960958	13130816	2180744809	481798
18646126332	3900206	22	8	4261961	15092858	1961075	13131783	2180816628	481798
18647679263	3900445	33	8	4262218	15093913	1961182	13132731	2180886120	481798
18648817566	3900692	32	8	4262497	15094978	1961287	13133691	2180957205	481798
18650053987	3900940	28	8	4262773	15096064	1961400	13134664	2181028982	481798
18651524154	3901189	31	8	4263045	15097125	1961510	13135615	2181099585	481797
18652654105	3901432	29	8	4263312	15098158	1961605	13136553	2181168179	481797
18654222298	3901683	30	8	4263581	15099234	1961710	13137524	2181240717	481796
18655530408	3901926	33	8	4263862	15100281	1961820	13138461	2181312562	481796
18657110257	3902168	33	8	4264137	15101343	1961915	13139428	2181382447	481796
18658462174	3902412	26	8	4264404	15102398	1962024	13140374	2181452237	481796
18659808094	3902659	28	8	4264671	15103470	1962134	13141336	2181522841	481796
18661533023	3902904	34	8	4264943	15104567	1962236	13142331	2181594762	481796
18662904226	3903153	27	8	4265230	15105657	1962343	13143314	2181668487	481796
18664552672	3903380	36	8	4265500	15106725	1962461	13144264	2181739096	481796
18665770743	3903618	30	8	4265758	15107727	1962547	13145180	2181805148	481796
18667029710	3903864	32	8	4266023	15108796	1962664	13146132	2181875579	481796
18668463179	3904114	27	8	4266295	15109884	1962774	13147110	2181947224	481796
18669907189	3904361	26	8	4266568	15110960	1962876	13148084	2182018284	481796
18671196758	3904608	29	8	4266834	15112028	1962973	13149055	2182088640	481796
18672634565	3904855	31	8	4267109	15113105	1963073	13150032	2182159768	481796
18674197233	3905100	31	8	4267376	15114162	1963173	13150989	2182229316	481796
18675636146	3905342	33	8	4267640	15115223	1963282	13151941	2182299484	481796
18676857500	3905588	30	8	4267928	15116309	1963388	13152921	2182371701	481796
18678486479	3905836	30	8	4268211	15117404	1963503	13153901	2182444350	481796
18679706777	3906086	29	8	4268494	15118483	1963615	13154868	2182516049	481796
18681021313	3906330	26	8	4268765	15119540	1963716	13155824	2182585958	481796
18682393557	3906582	24	8	4269046	15120608	1963819	13156789	2182658447	481796
18683673258	3906826	28	8	4269320	15121694	1963941	13157753	2182730371	481796
18685422404	3907075	25	8	4269603	15122783	1964041	13158742	2182802095	481796
18687000794	3907317	26	8	4269878	15123824	1964138	13159686	2182871551	481796
18688472744	3907565	26	8	4270159	15124913	1964232	13160681	2182943464	481796
18690218225	3907807	25	8	4270450	15125996	1964340	13161656	2183015852	481796
18691620530	3908054	27	8	4270726	15127079	1964451	13162628	2183087570	481796
18693116551	3908291	32	8	4270983	15128098	1964541	13163557	2183155014	481796
18694219500	3908541	33	8	4271269	15129180	1964659	13164521	2183232911	481795
18695450461	3908792	25	8	4271543	15130250	1964772	13165478	2183303776	481795
18696844715	3909040	25	8	4271821	15131323	1964880	13166443	2183374987	481795
18698055617	3909286	28	8	4272096	15132394	1964981	13167413	2183446015	481795
18699424711	3909535	27	8	4272376	15133486	1965090	13168396	2183517975	481795
18700887614	3909767	30	8	4272632	15134510	1965190	13169320	2183585556	481795
18702415673	3910009	33	8	4272902	15135582	1965299	13170283	2183656121	481795
18703373214	3910254	30	8	4273170	15136617	1965396	13171221	2183724968	481795
18704671565	3910497	30	8	4273433	15137669	1965494	13172175	2183794127	481795
18706034183	3910750	28	8	4273726	15138772	1965597	13173175	2183867190	481795
18707493790	3910997	27	8	4273994	15139828	1965680	13174148	2183936567	481795
18709044576	3911244	29	8	4274273	15140914	1965787	13175127	2184008537	481795
18710436543	3911488	30	8	4274547	15142002	1965902	13176100	2184080462	481795
18711700918	3911736	28	8	4274819	15143062	1965999	13177063	2184150689	481795
18713194592	3911979	33	8	4275090	15144162	1966125	13178037	2184223164	481795
18714569416	3912230	31	8	4275365	15145254	1966231	13179023	2184295013	481795
18716261299	3912483	26	8	4275645	15146341	1966324	13180017	2184366679	481795
18717648207	3912733	25	8	4275921	15147431	1966434	13180997	2184438556	481795
18719152105	3912978	25	8	4276197	15148507	1966537	13181970	2184509503	481795
18720554633	3913225	25	8	4276475	15149598	1966640	13182958	2184581786	481795
18721981709	3913455	39	8	4276731	15150616	1966744	13183872	2184649177	481795
18723165103	3913704	27	8	4276998	15151664	1966856	13184808	2184718647	481795
18724664712	3913955	34	8	4277270	15152737	1966960	13185777	2184789513	481795
18726017853	3914203	23	8	4277541	15153802	1967063	13186739	2184859912	481795
18727676250	3914454	31	8	4277819	15154905	1967164	13187741	2184932599	481795
18728966755	3914701	29	8	4278090	15155987	1967275	13188712	2185003850	481795
18730455349	3914948	30	8	4278365	15157081	1967387	13189694	2185075848	481795
18731908628	3915194	26	8	4278653	15158163	1967480	13190683	2185147741	481795
18733440310	3915446	28	8	4278931	15159247	1967576	13191671	2185229048	481794
18734966441	3915689	29	8	4279209	15160333	1967689	13192644	2185300871	481794
18736152370	3915915	24	8	4279476	15161343	1967787	13193556	2185367746	481794
18737322870	3916155	26	8	4279741	15162387	1967904	13194483	2185437310	481794
18739048601	3916396	28	8	4280008	15163453	1968025	13195428	2185512054	481794
18740057756	3916633	28	8	4280262	15164475	1968133	13196342	2185579409	481794
18741592162	3916876	30	8	4280538	15165544	1968239	13197305	2185654108	481793
18743019345	3917118	23	8	4280809	15166582	1968343	13198239	2185723175	481793
18744411636	3917357	33	8	4281072	15167613	1968440	13199173	2185791413	481793
18746054075	3917602	28	8	4281348	15168685	1968550	13200135	2185862202	481793
18747605645	3917846	20	8	4281616	15169735	1968649	13201086	2185931539	481793
18748834312	3918081	30	8	4281889	15170806	1968753	13202053	2186001935	481793
18750033527	3918325	24	8	4282167	15171853	1968865	13202988	2186072127	481793
18751222889	3918563	31	8	4282433	15172886	1968960	13203926	2186140761	481793
18752687648	3918802	32	8	4282699	15173954	1969072	13204882	2186210857	481793
18754000083	3919043	31	8	4282983	15175026	1969178	13205848	2186282134	481793
18755449346	3919285	29	8	4283254	15176079	1969286	13206793	2186352048	481793
18756857374	3919524	28	8	4283527	15177131	1969387	13207744	2186421734	481793
18758362329	3919771	26	8	4283816	15178210	1969483	13208727	2186493258	481793
18759639127	3920012	27	8	4284084	15179264	1969606	13209658	2186563170	481793
18761034418	3920251	30	8	4284349	15180304	1969703	13210601	2186632073	481793
18762448075	3920494	22	8	4284616	15181361	1969804	13211557	2186701503	481793
18764100457	3920735	25	8	4284884	15182428	1969912	13212516	2186771748	481793
18765393118	3920975	31	8	4285151	15183485	1970018	13213467	2186843093	481793
18766898129	3921219	27	8	4285423	15184536	1970120	13214416	2186912786	481793
18768202086	3921463	31	8	4285725	15185636	1970218	13215418	2186988244	481793
18769381802	3921709	26	8	4285992	15186701	1970320	13216381	2187058327	481793
18770557331	3921947	31	8	4286254	15187728	1970426	13217302	2187126592	481793
18771963888	3922186	24	8	4286519	15188745	1970519	13218226	2187193754	481793
18773251129	3922425	24	8	4286775	15189762	1970614	13219148	2187260917	481793
18774493108	3922662	29	8	4287036	15190807	1970719	13220088	2187330130	481793
18775980675	3922903	28	8	4287307	15191839	1970806	13221033	2187398481	481793
18777520320	3923145	25	8	4287575	15192894	1970914	13221980	2187468184	481793
18779023612	3923386	27	8	4287855	15193983	1971018	13222965	2187539971	481793
18780596034	3923628	24	8	4288120	15195017	1971109	13223908	2187608333	481793
18782007237	3923877	25	8	4288400	15196073	1971210	13224863	2187683348	481792
18783275561	3924116	25	8	4288657	15197124	1971323	13225801	2187752277	481792
18784552215	3924356	23	8	4288914	15198172	1971437	13226735	2187821264	481792
18786100899	3924598	28	8	4289177	15199244	1971560	13227684	2187891749	481792
18787510221	3924838	24	8	4289438	15200288	1971664	13228624	2187960548	481792
18789251194	3925079	27	8	4289709	15201338	1971769	13229569	2188030258	481792
18790670769	3925320	27	8	4289968	15202373	1971862	13230511	2188101333	481791
18792070056	3925566	29	8	4290237	15203408	1971962	13231446	2188169921	481791
18793387568	3925805	29	8	4290492	15204455	1972063	13232392	2188238461	481791
18794714302	3926049	27	8	4290765	15205520	1972181	13233339	2188309007	481791
18796431552	3926289	26	8	4291030	15206605	1972283	13234322	2188379868	481791
18797890250	3926530	30	8	4291299	15207671	1972392	13235279	2188450188	481791
18799059448	3926774	27	8	4291564	15208705	1972498	13236207	2188518774	481791
18800823744	3927018	27	8	4291837	15209762	1972599	13237163	2188588750	481791
18802226503	3927257	34	8	4292107	15210826	1972712	13238114	2188659078	481791
18803673628	3927499	27	8	4292374	15211866	1972809	13239057	2188727738	481791
18804729744	3927741	26	8	4292632	15212917	1972927	13239990	2188796761	481791
18805947065	3927973	27	8	4292887	15213920	1973025	13240895	2188863207	481791
18807488109	3928212	28	8	4293151	15214963	1973134	13241829	2188932415	481791
18808605937	3928440	29	8	4293407	15215946	1973226	13242720	2188997893	481791
18809892549	3928675	28	8	4293667	15216948	1973310	13243638	2189064019	481791
18811415558	3928918	31	8	4293928	15217997	1973425	13244572	2189133376	481791
18812623816	3929158	25	8	4294194	15219030	1973533	13245497	2189202048	481791
18813903031	3929402	27	8	4294469	15220082	1973629	13246453	2189271915	481791
18815127424	3929640	32	8	4294745	15221104	1973722	13247382	2189340471	481791
18816604207	3929885	28	8	4295021	15222185	1973833	13248352	2189411736	481791
18818024266	3930125	29	8	4295294	15223262	1973945	13249317	2189482721	481791
18819358923	3930367	20	8	4295564	15224312	1974042	13250270	2189552142	481791
18820877119	3930606	26	8	4295827	15225361	1974146	13251215	2189622613	481791
18822033227	3930852	25	8	4296099	15226435	1974257	13252178	2189693454	481791
18823232594	3931093	21	8	4296367	15227484	1974365	13253119	2189762871	481791
18824640966	3931333	28	8	4296627	15228529	1974469	13254060	2189831934	481791
18826127064	3931574	29	8	4296891	15229576	1974575	13255001	2189901141	481791
18827288349	3931824	22	8	4297169	15230639	1974677	13255962	2189971753	481791
18828563676	3932061	25	8	4297432	15231676	1974782	13256894	2190040281	481791
18829930363	3932306	29	8	4297703	15232729	1974868	13257861	2190109711	481791
18831309583	3932546	26	8	4297978	15233777	1974967	13258810	2190179281	481791
18832790669	3932786	24	8	4298254	15234839	1975069	13259770	2190249724	481791
18834151398	3933026	21	8	4298536	15235905	1975172	13260733	2190320594	481791
18835425265	3933265	22	8	4298799	15236942	1975274	13261668	2190389145	481791
18836861326	3933505	26	8	4299056	15237986	1975387	13262599	2190457514	481791
18838471258	3933739	26	8	4299311	15239018	1975482	13263536	2190525267	481791
18839733066	3933969	29	8	4299560	15240028	1975591	13264437	2190591726	481791
18841236251	3934196	29	8	4299823	15241034	1975696	13265338	2190658420	481791
18842719416	3934429	26	8	4300085	15242068	1975798	13266270	2190726633	481791
18843855345	3934659	27	8	4300337	15243074	1975892	13267182	2190792903	481791
18845357428	3934887	35	8	4300586	15244074	1975979	13268095	2190858648	481791
18846497984	3935121	26	8	4300841	15245061	1976064	13268997	2190924009	481791
18848049737	3935360	28	8	4301111	15246131	1976177	13269954	2190994368	481791
18849414188	3935591	29	8	4301362	15247110	1976257	13270853	2191059276	481791
18850763151	3935832	27	8	4301622	15248146	1976359	13271787	2191127403	481791
18852483051	3936066	24	8	4301882	15249165	1976449	13272716	2191194512	481791
18853834017	3936306	25	8	4302157	15250232	1976564	13273668	2191265116	481791
18855205092	3936542	23	8	4302418	15251266	1976679	13274587	2191333665	481791
18856571159	3936777	29	8	4302679	15252307	1976777	13275530	2191402451	481791
18858038646	3937008	30	8	4302951	15253327	1976875	13276452	2191470440	481791
18859683160	3937242	28	8	4303220	15254389	1976988	13277401	2191540513	481791
18861213686	3937476	30	8	4303485	15255416	1977087	13278329	2191608527	481791
18862562680	3937711	33	8	4303755	15256470	1977192	13279278	2191677978	481791
18863966847	3937943	29	8	4304021	15257462	1977273	13280189	2191743782	481791
18865543428	3938177	28	8	4304280	15258493	1977375	13281118	2191811823	481791
18866663996	3938417	24	8	4304549	15259535	1977467	13282068	2191880422	481791
18867887433	3938646	23	8	4304810	15260529	1977561	13282968	2191946626	481791
18869298106	3938869	22	8	4305052	15261506	1977659	13283847	2192010869	481791
18870784222	3939100	26	8	4305301	15262510	1977756	13284754	2192076845	481791
18872141135	3939334	26	8	4305562	15263522	1977855	13285667	2192151375	481790
18873500137	3939567	29	8	4305823	15264534	1977951	13286583	2192218431	481790
18874943992	3939796	25	8	4306085	15265532	1978042	13287490	2192284796	481790
18876294337	3940025	28	8	4306334	15266578	1978166	13288412	2192353025	481790
18877677014	3940241	38	8	4306593	15267532	1978252	13289280	2192416706	481790
18879102556	3940472	26	8	4306854	15268551	1978353	13290198	2192483947	481790
18880523129	3940704	28	8	4307109	15269576	1978446	13291130	2192551333	481790
18881612770	3940925	26	8	4307362	15270548	1978557	13291991	2192615662	481790
18882976570	3941143	26	8	4307604	15271493	1978637	13292856	2192678270	481790
18884189137	3941376	23	8	4307865	15272490	1978736	13293754	2192754102	481789
18885385532	3941604	31	8	4308117	15273492	1978825	13294667	2192819912	481789
18886682044	3941834	23	8	4308379	15274513	1978937	13295576	2192887540	481789
18887837924	3942062	24	8	4308635	15275498	1979036	13296462	2192953066	481789
18889225459	3942288	26	8	4308894	15276503	1979132	13297371	2193019352	481789
18890485715	3942518	24	8	4309144	15277479	1979220	13298259	2193083864	481789
18891652164	3942745	27	8	4309393	15278488	1979326	13299162	2193150252	481789
18892846088	3942973	26	8	4309642	15279481	1979435	13300046	2193215845	481789
18894121291	3943204	24	8	4309897	15280473	1979531	13300942	2193281600	481789
18895708866	3943437	23	8	4310160	15281495	1979630	13301865	2193349016	481789
18897188249	3943663	22	8	4310413	15282522	1979742	13302780	2193416393	481789
18898501350	3943892	28	8	4310664	15283520	1979834	13303686	2193482201	481789
18899897122	3944122	23	8	4310925	15284506	1979926	13304580	2193547601	481789
18901188431	3944347	24	8	4311179	15285501	1980018	13305483	2193613445	481789
18902425121	3944577	21	8	4311428	15286497	1980118	13306379	2193678962	481789
18903679208	3944801	29	8	4311669	15287516	1980230	13307286	2193745206	481789
18905132032	3945033	23	8	4311924	15288522	1980337	13308185	2193811592	481789
18906503223	3945256	26	8	4312172	15289523	1980441	13309082	2193877474	481789
18907866481	3945489	23	8	4312430	15290534	1980543	13309991	2193944067	481789
18909319155	3945723	28	8	4312688	15291576	1980655	13310921	2194016870	481788
18910900162	3945952	19	8	4312950	15292593	1980757	13311836	2194083967	481788
18912171490	3946176	29	8	4313192	15293562	1980836	13312726	2194147928	481788
18913318565	3946405	29	8	4313440	15294557	1980929	13313628	2194213366	481788
18914858125	3946636	24	8	4313700	15295570	1981034	13314536	2194280327	481788
18916084089	3946859	24	8	4313963	15296553	1981123	13315430	2194345981	481788
18917328434	3947093	25	8	4314218	15297556	1981220	13316336	2194412183	481788
18918480497	3947325	22	8	4314475	15298563	1981317	13317246	2194478574	481788
18919789624	3947552	25	8	4314724	15299573	1981417	13318156	2194544915	481788
18920985209	3947778	24	8	4314993	15300577	1981513	13319064	2194611854	481788
18922153349	3948006	27	8	4315257	15301580	1981611	13319969	2194678407	481788
18923667084	3948237	18	8	4315522	15302602	1981714	13320888	2194746218	481788
18924846294	3948462	26	8	4315783	15303594	1981809	13321785	2194812101	481788
18926306806	3948692	28	8	4316038	15304606	1981904	13322702	2194878775	481788
18927623591	3948913	32	8	4316286	15305568	1981997	13323571	2194942557	481788
18928917628	3949141	24	8	4316549	15306549	1982099	13324450	2195008254	481788
18930220739	3949363	22	8	4316796	15307512	1982189	13325323	2195071748	481788
18931538811	3949589	23	8	4317043	15308499	1982288	13326211	2195136490	481788
18932785972	3949814	26	8	4317295	15309472	1982372	13327100	2195200963	481788
18934193403	3950040	24	8	4317531	15310457	1982481	13327976	2195265156	481788
18935419391	3950258	22	8	4317776	15311408	1982569	13328839	2195328026	481788
18936615884	3950484	20	8	4318030	15312405	1982669	13329736	2195393896	481788
18938073918	3950707	28	8	4318291	15313413	1982766	13330647	2195460524	481788
18939299696	3950935	22	8	4318539	15314414	1982877	13331537	2195526541	481788
18940581253	3951159	25	8	4318785	15315368	1982960	13332408	2195589582	481788
18942382614	3951381	26	8	4319037	15316387	1983054	13333333	2195656340	481788
18943619102	3951609	24	8	4319287	15317375	1983151	13334224	2195722790	481788
18944875263	3951837	24	8	4319538	15318366	1983251	13335115	2195788142	481788
18946153146	3952055	25	8	4319783	15319335	1983344	13335991	2195851892	481788
18947400577	3952282	27	8	4320034	15320305	1983433	13336872	2195916364	481788
18948554764	3952498	31	8	4320280	15321266	1983531	13337735	2195979847	481788
18949653375	3952721	22	8	4320525	15322227	1983627	13338600	2196043326	481788
18950854569	3952947	25	8	4320771	15323192	1983714	13339478	2196107123	481788
18952123534	3953170	23	8	4321011	15324150	1983794	13340356	2196170047	481788
18953288175	3953375	33	8	4321239	15325085	1983892	13341193	2196231595	481788
18954662300	3953604	31	8	4321499	15326061	1983990	13342071	2196296747	481788
18956123990	3953829	26	8	4321747	15327046	1984081	13342965	2196361417	481788
18957173457	3954049	29	8	4321992	15328005	1984185	13343820	2196425144	481788
18958154839	3954274	23	8	4322242	15328965	1984265	13344700	2196488566	481788
18959300985	3954493	26	8	4322487	15329933	1984365	13345568	2196552624	481788
18960463269	3954723	23	8	4322739	15330909	1984467	13346442	2196617290	481788
18961842100	3954947	23	8	4322988	15331896	1984553	13347343	2196682174	481788
18963202084	3955168	26	8	4323227	15332873	1984646	13348227	2196746131	481788
18964556740	3955394	30	8	4323491	15333877	1984754	13349123	2196813051	481788
18965759454	3955620	29	8	4323746	15334870	1984844	13350026	2196878435	481788
18967080185	3955839	23	8	4323982	15335819	1984939	13350880	2196940804	481788
18968523200	3956061	21	8	4324243	15336804	1985034	13351770	2197006403	481788
18969482049	3956282	24	8	4324501	15337762	1985126	13352636	2197070694	481788
18971173272	3956504	27	8	4324755	15338746	1985208	13353538	2197135791	481788
18972455778	3956731	31	8	4325010	15339731	1985306	13354425	2197200937	481788
18973549133	3956957	24	8	4325266	15340733	1985415	13355318	2197267037	481788
18974819592	3957179	24	8	4325523	15341716	1985509	13356207	2197332202	481788
18976137833	3957404	25	8	4325786	15342714	1985612	13357102	2197398602	481788
18977326031	3957624	24	8	4326041	15343696	1985718	13357978	2197463808	481788
18978696196	3957850	22	8	4326292	15344673	1985802	13358871	2197528322	481788
18980106130	3958072	27	8	4326548	15345657	1985896	13359761	2197593519	481788
18981260608	3958298	25	8	4326803	15346634	1985987	13360647	2197658361	481788
18983087987	3958517	29	8	4327052	15347626	1986075	13361551	2197723478	481788
18984505866	3958737	28	8	4327294	15348584	1986162	13362422	2197786550	481788
18985946655	3958957	29	8	4327534	15349537	1986263	13363274	2197849530	481788
18987219499	3959182	32	8	4327788	15350519	1986344	13364175	2197914188	481788
18988417127	3959402	25	8	4328030	15351473	1986435	13365038	2197977030	481788
18989711912	3959626	34	8	4328279	15352465	1986538	13365927	2198042492	481788
18991093865	3959847	26	8	4328538	15353446	1986631	13366815	2198107595	481788
18992545082	3960073	29	8	4328805	15354471	1986730	13367741	2198175154	481788
18994360581	3960296	24	8	4329054	15355467	1986830	13368637	2198240474	481788
18995709849	3960520	24	8	4329304	15356423	1986916	13369507	2198304037	481788
18997138551	3960741	28	8	4329555	15357412	1987019	13370393	2198369293	481788
18998267210	3960964	29	8	4329795	15358394	1987131	13371263	2198433963	481788
18999666354	3961192	21	8	4330042	15359381	1987226	13372155	2198498629	481788
19000866197	3961417	24	8	4330293	15360382	1987328	13373054	2198564306	481788
19002183286	3961635	22	8	4330542	15361337	1987424	13373913	2198627832	481788
19003315785	3961860	24	8	4330798	15362329	1987523	13374806	2198693673	481788
19004507393	3962081	26	8	4331050	15363291	1987614	13375677	2198757544	481788
19005848455	3962307	26	8	4331313	15364295	1987719	13376576	2198834327	481787
19007338581	3962535	26	8	4331567	15365273	1987806	13377467	2198899191	481787
19008429881	3962752	27	8	4331809	15366233	1987899	13378334	2198962611	481787
19009782000	3962976	29	8	4332055	15367224	1988004	13379220	2199027837	481787
19010890062	3963202	27	8	4332305	15368215	1988095	13380120	2199092938	481787
19012171378	3963429	26	8	4332562	15369211	1988197	13381014	2199158943	481787
19013123018	3963655	25	8	4332813	15370194	1988301	13381893	2199227153	481787
19014311923	3963883	24	8	4333077	15371179	1988396	13382783	2199292836	481787
19015489293	3964106	26	8	4333316	15372152	1988498	13383654	2199357070	481787
19016760288	3964317	27	8	4333574	15373118	1988589	13384529	2199421202	481787
19018025126	3964538	30	8	4333823	15374087	1988691	13385396	2199485187	481787
19019538839	3964759	24	8	4334076	15375060	1988790	13386270	2199549802	481787
19020636316	3964980	28	8	4334335	15376028	1988881	13387147	2199614351	481787
19021906549	3965191	29	8	4334581	15376989	1988988	13388001	2199677957	481787
19023061266	3965415	22	8	4334839	15377953	1989078	13388875	2199741983	481787
19023995668	3965638	26	8	4335085	15378925	1989164	13389761	2199806281	481787
19025396530	3965864	26	8	4335339	15379929	1989260	13390669	2199872089	481787
19026586445	3966079	27	8	4335578	15380885	1989359	13391526	2199934980	481787
19028210975	3966292	26	8	4335822	15381838	1989454	13392384	2199998081	481787
19029586675	3966516	26	8	4336070	15382810	1989545	13393265	2200062124	481787
19031239755	3966743	25	8	4336325	15383810	1989636	13394174	2200127989	481787
19032499933	3966962	28	8	4336567	15384750	1989716	13395034	2200190255	481787
19033722855	3967190	23	8	4336826	15385750	1989814	13395936	2200256359	481787
19034905724	3967417	23	8	4337068	15386729	1989917	13396812	2200320820	481787
19036009090	3967642	19	8	4337318	15387713	1990010	13397703	2200385488	481787
19037395852	3967863	25	8	4337562	15388703	1990107	13398596	2200450593	481787
19038694565	3968088	28	8	4337813	15389706	1990203	13399503	2200516429	481787
19040129189	3968313	25	8	4338066	15390712	1990313	13400399	2200582659	481787
19041473911	3968532	29	8	4338317	15391695	1990411	13401284	2200647845	481787
19042911304	3968759	24	8	4338570	15392679	1990504	13402175	2200712722	481787
19044164568	3968980	31	8	4338819	15393648	1990601	13403047	2200777133	481787
19045665147	3969205	29	8	4339068	15394622	1990692	13403930	2200841373	481787
19046955271	3969428	32	8	4339329	15395626	1990788	13404838	2200907811	481787
19048118440	3969660	27	8	4339597	15396631	1990884	13405747	2200974515	481787
19049194247	3969881	26	8	4339845	15397622	1990992	13406630	2201039936	481787
19050521668	3970101	30	8	4340090	15398599	1991094	13407505	2201104464	481787
19051527957	3970327	31	8	4340347	15399576	1991184	13408392	2201169305	481787
19052684953	3970554	24	8	4340591	15400551	1991286	13409265	2201233473	481787
19053949205	3970778	25	8	4340845	15401532	1991382	13410150	2201298436	481787
19055191935	3971003	21	8	4341098	15402493	1991466	13411027	2201362218	481787
19056723855	3971225	26	8	4341330	15403470	1991570	13411900	2201425932	481787
19058297800	3971447	24	8	4341582	15404440	1991666	13412774	2201490286	481787
19059699934	3971671	25	8	4341830	15405430	1991784	13413646	2201555838	481787
19061368269	3971892	30	8	4342082	15406426	1991874	13414552	2201621627	481787
19062833398	3972118	27	8	4342344	15407427	1991970	13415457	2201687681	481787
19064225943	3972340	27	8	4342613	15408428	1992062	13416366	2201754472	481787
19065374221	3972565	29	8	4342861	15409393	1992149	13417244	2201818058	481787
19066767640	3972791	25	8	4343110	15410388	1992258	13418130	2201883565	481787
19068038306	3973012	27	8	4343348	15411376	1992368	13419008	2201948344	481787
19069351861	3973232	28	8	4343592	15412335	1992472	13419863	2202011794	481787
19070525099	3973457	23	8	4343849	15413315	1992566	13420749	2202076624	481787
19071669294	3973677	29	8	4344086	15414269	1992653	13421616	2202139566	481787
19072924802	3973902	21	8	4344332	15415238	1992746	13422492	2202203579	481787
19074118196	3974122	22	8	4344571	15416206	1992842	13423364	2202267124	481787
19075185615	3974344	25	8	4344824	15417182	1992933	13424249	2202331663	481787
19076427742	3974565	27	8	4345079	15418158	1993016	13425142	2202396312	481787
19077477360	3974786	26	8	4345330	15419113	1993098	13426015	2202459648	481787
19078674689	3975007	30	8	4345579	15420091	1993201	13426890	2202524394	481787
19079699500	3975231	30	8	4345831	15421061	1993301	13427760	2202588874	481787
19081153347	3975456	29	8	4346096	15422065	1993399	13428666	2202655503	481787
19082430857	3975680	25	8	4346343	15423045	1993516	13429529	2202720551	481787
19083560370	3975904	26	8	4346599	15424016	1993614	13430402	2202785285	481787
19084823387	3976130	25	8	4346862	15424995	1993702	13431293	2202850660	481787
19086184520	3976355	26	8	4347104	15425980	1993808	13432172	2202915543	481787
19087608120	3976581	27	8	4347352	15426960	1993902	13433058	2202980206	481787
19089201427	3976803	25	8	4347599	15427941	1994001	13433940	2203045024	481787
19090582647	3977032	25	8	4347846	15428927	1994091	13434836	2203109687	481787
19091965597	3977243	36	8	4348077	15429879	1994175	13435704	2203171863	481787
19093279993	3977465	29	8	4348331	15430843	1994269	13436574	2203236043	481787
19094633671	3977680	20	8	4348566	15431762	1994371	13437391	2203296856	481787
19095894829	3977884	26	8	4348792	15432673	1994473	13438200	2203357170	481787
19096779214	3978080	17	8	4349010	15433468	1994550	13438918	2203410982	481787
