0.413333332787
0.459999999652
0.520000000795
0.459999999652
0.450000000497
0.466666667412
0.46666666617
0.459999999652
0.47000000005
0.440000000099
0.446666666617
0.456666667014
0.463333333532
0.443333332737
0.449999999255
0.446666666617
0.5
0.466666667412
0.456666667014
0.449999999255
0.473333332688
0.476666666567
0.480000000447
0.46666666617
0.546666666865
0.450000000497
0.476666666567
0.459999999652
0.47000000005
0.486666666965
0.493333333482
0.486666666965
0.50333333388
0.479999999205
0.47000000005
0.5
0.523333333433
0.446666666617
0.479999999205
0.473333332688
0.489999999603
0.473333333929
0.463333333532
0.463333333532
0.476666666567
0.456666667014
0.46666666617
0.47000000005
0.450000000497
0.473333333929
0.466666667412
0.493333333482
0.440000000099
0.459999999652
0.479999999205
0.473333333929
0.47000000005
0.466666667412
0.46666666617
0.463333333532
0.493333333482
0.473333333929
0.463333333532
0.456666667014
0.463333333532
0.453333333135
0.453333333135
0.480000000447
0.483333333085
0.473333332688
0.473333332688
0.463333333532
0.489999999603
0.433333333582
0.47000000005
0.453333333135
0.440000000099
0.463333333532
0.456666667014
0.459999999652
0.47000000005
0.480000000447
0.46666666617
0.46666666617
0.433333333582
0.509999999156
0.446666666617
0.456666667014
0.493333333482
0.430000000944
0.480000000447
0.443333333979
0.463333333532
0.443333333979
0.43333333234
0.480000000447
0.450000000497
0.433333333582
0.473333332688
0.540000000348
0.476666666567
0.453333334376
0.463333333532
0.473333332688
0.443333332737
0.443333333979
0.426666667064
0.459999999652
0.510000000397
0.456666667014
0.456666667014
0.440000000099
0.473333333929
0.456666667014
0.463333333532
0.446666667859
0.459999999652
0.443333333979
0.486666666965
0.47000000005
0.43333333234
0.47000000005
0.453333333135
0.47000000005
0.443333333979
0.466666667412
0.443333332737
0.5
0.466666667412
0.480000000447
0.46666666617
0.456666665773
0.5
0.463333333532
0.49666666612
0.423333333184
0.46666666617
0.47000000005
0.463333333532
0.446666666617
0.453333333135
0.490000000844
0.413333332787
0.413333332787
0.476666666567
0.463333333532
0.433333333582
0.483333334327
0.476666666567
0.476666666567
0.460000000894
0.409999998907
0.480000000447
0.47000000005
0.489999999603
0.459999999652
0.486666666965
0.473333333929
0.453333334376
0.47000000005
0.47000000005
0.459999999652
0.426666665822
0.473333333929
0.463333333532
0.506666666518
0.423333333184
0.443333333979
0.486666666965
0.46666666617
0.46666666617
0.480000000447
0.453333333135
0.486666665723
0.486666666965
0.480000000447
0.46666666617
0.473333332688
0.49666666612
0.486666666965
0.483333333085
0.486666665723
0.486666666965
0.50333333388
0.516666666915
0.480000000447
0.436666667461
0.486666665723
0.493333333482
0.456666667014
0.483333333085
0.496666667362
0.46333333229
0.5
0.450000000497
0.480000000447
0.480000000447
0.476666666567
0.486666665723
0.440000000099
0.47000000005
0.466666667412
0.463333333532
0.46666666617
0.47000000005
0.493333333482
0.456666667014
0.440000000099
0.453333333135
0.450000000497
0.446666666617
0.443333332737
0.466666667412
0.476666666567
0.456666667014
0.456666667014
0.466666667412
0.513333334277
0.456666667014
0.46333333229
0.453333333135
0.47000000005
0.456666667014
0.460000000894
0.446666666617
0.459999999652
0.423333333184
0.47000000005
0.459999999652
0.476666666567
0.47000000005
0.510000000397
0.486666666965
0.473333332688
0.446666666617
0.456666665773
0.463333333532
0.473333333929
0.493333333482
0.476666666567
0.486666665723
0.453333333135
0.480000000447
0.43333333234
0.43666666622
0.429999999702
0.49666666612
0.496666667362
0.476666666567
0.480000000447
0.480000000447
0.476666666567
0.489999999603
0.483333334327
0.486666666965
0.479999999205
0.446666666617
0.473333333929
0.440000000099
0.453333333135
0.456666667014
0.450000000497
0.483333333085
0.479999999205
0.446666666617
0.459999999652
0.473333332688
0.446666666617
0.489999999603
0.480000000447
0.459999999652
0.456666667014
0.456666665773
0.456666665773
0.460000000894
0.47000000005
0.443333332737
0.463333333532
0.450000000497
0.476666666567
0.476666666567
0.486666665723
0.450000000497
0.473333333929
0.456666667014
0.443333332737
0.463333333532
0.446666666617
0.459999999652
0.46666666617
0.47000000005
0.440000000099
0.466666667412
0.47000000005
0.459999999652
0.480000000447
0.47000000005
0.46666666617
0.456666667014
0.453333333135
0.429999999702
0.476666666567
0.459999999652
0.453333333135
0.463333333532
0.463333333532
0.473333332688
0.463333333532
0.473333332688
0.476666666567
0.463333333532
0.476666667809
0.480000000447
0.416666666667
0.476666666567
0.446666666617
0.459999999652
0.473333333929
0.486666666965
0.483333333085
0.43666666622
0.489999999603
0.483333333085
0.46666666617
0.493333333482
0.493333333482
0.506666667759
0.480000000447
0.480000000447
0.456666665773
0.493333333482
0.433333333582
0.463333333532
0.47000000005
0.456666667014
0.446666666617
0.453333333135
0.456666667014
0.486666666965
0.456666667014
0.479999999205
0.46666666617
0.473333333929
0.47000000005
0.463333333532
0.476666666567
0.450000000497
0.459999999652
0.516666666915
0.516666666915
0.49666666612
0.476666666567
0.463333333532
0.463333333532
0.476666666567
0.49666666612
0.446666666617
0.453333333135
0.440000000099
0.446666666617
0.483333333085
0.459999999652
0.5
0.5
0.47000000005
0.480000000447
0.456666665773
0.463333333532
0.456666667014
0.453333333135
0.46666666617
0.49666666612
0.489999999603
0.456666667014
0.459999999652
0.450000000497
0.443333332737
0.513333333035
0.47000000005
0.456666667014
0.486666666965
0.49666666612
0.456666667014
0.450000000497
0.463333333532
0.483333334327
0.46666666617
0.46666666617
0.433333333582
0.440000000099
0.476666666567
0.476666666567
0.476666667809
0.47000000005
0.47000000005
0.473333333929
0.456666667014
0.47000000005
0.463333333532
0.446666666617
0.47000000005
0.459999999652
0.459999999652
0.463333333532
0.479999999205
0.443333332737
0.450000000497
0.473333333929
0.46666666617
0.496666667362
0.459999999652
0.473333332688
0.47000000005
0.453333333135
0.429999999702
0.439999998858
0.486666666965
0.443333333979
0.43666666622
0.449999999255
0.446666666617
0.446666666617
0.459999999652
0.446666666617
0.483333333085
0.456666667014
0.43666666622
0.483333333085
0.459999999652
0.446666666617
0.446666666617
0.47000000005
0.449999999255
0.483333333085
0.483333334327
0.483333333085
0.523333333433
0.523333333433
0.47000000005
0.47000000005
0.473333332688
0.486666666965
0.47000000005
0.473333332688
0.463333333532
0.483333333085
0.446666666617
0.463333333532
0.446666666617
0.446666666617
0.463333333532
0.456666665773
0.463333333532
0.536666666468
0.566666666418
0.466666667412
0.440000000099
0.476666666567
0.456666665773
0.473333332688
0.436666667461
0.466666667412
0.476666666567
0.49666666612
0.456666665773
0.46666666617
0.459999999652
0.46333333229
0.483333334327
0.46666666617
0.473333333929
0.456666667014
0.453333333135
0.446666666617
0.46666666617
0.43666666622
0.453333333135
0.433333333582
0.473333333929
0.483333333085
0.466666667412
0.446666666617
0.416666666667
0.446666666617
0.453333333135
0.47000000005
0.47000000005
0.473333332688
0.47000000005
0.486666666965
0.486666666965
0.463333333532
0.456666667014
0.456666667014
0.453333333135
0.46666666617
0.47000000005
0.476666666567
0.460000000894
0.446666666617
0.440000000099
0.456666665773
0.46666666617
0.519999999553
0.443333332737
0.46666666617
0.459999999652
0.430000000944
0.446666666617
0.483333333085
0.450000000497
0.449999999255
0.456666667014
0.459999999652
0.463333333532
0.463333333532
0.430000000944
0.509999999156
0.510000000397
0.446666666617
0.466666667412
0.453333333135
0.473333332688
0.450000000497
0.47000000005
0.483333333085
0.46333333229
0.483333333085
0.493333333482
0.433333333582
0.449999999255
0.476666666567
0.440000000099
0.476666666567
0.476666666567
0.459999999652
0.449999999255
0.459999999652
0.443333332737
0.466666667412
0.449999999255
0.456666667014
0.483333333085
0.503333332638
0.46666666617
0.453333333135
0.453333333135
0.509999999156
0.459999999652
0.466666667412
0.473333332688
0.436666667461
0.49666666612
0.473333332688
0.440000000099
0.456666667014
0.480000000447
0.479999999205
0.476666666567
0.446666666617
0.46666666617
0.473333332688
0.480000000447
0.473333333929
0.456666667014
0.446666666617
0.459999999652
0.483333334327
0.433333333582
0.47000000005
0.46666666617
0.450000000497
0.450000000497
0.450000000497
0.453333334376
0.433333333582
0.463333333532
0.456666667014
0.480000000447
0.47000000005
0.476666666567
0.433333333582
0.443333333979
0.443333332737
0.443333332737
0.46666666617
0.46666666617
0.440000000099
0.450000000497
0.416666666667
0.476666666567
0.47000000005
0.476666667809
0.483333333085
0.456666667014
0.459999999652
0.473333333929
0.463333333532
0.446666666617
0.473333332688
0.463333333532
0.463333333532
0.473333333929
0.476666666567
0.453333333135
0.446666666617
0.429999999702
0.47000000005
0.493333333482
0.47000000005
0.440000000099
0.449999999255
0.493333333482
0.483333334327
0.43333333234
0.449999999255
0.473333333929
0.459999999652
0.463333333532
0.449999999255
0.49666666612
0.466666667412
0.463333333532
0.446666666617
0.479999999205
0.46333333229
0.450000000497
0.426666667064
0.513333334277
0.456666665773
0.443333333979
0.463333333532
0.466666667412
0.453333333135
0.46333333229
0.456666667014
0.509999999156
0.526666666071
0.46666666617
0.466666667412
0.456666667014
0.46666666617
0.43333333234
0.456666667014
0.490000000844
0.486666666965
0.453333333135
0.46666666617
0.473333333929
0.446666666617
0.476666666567
0.463333333532
0.453333333135
0.476666666567
0.466666667412
0.446666666617
0.46666666617
0.463333333532
0.456666667014
0.459999999652
0.459999999652
0.46333333229
0.443333333979
0.46666666617
0.459999999652
0.473333332688
0.473333332688
0.463333333532
0.426666667064
0.483333334327
0.449999999255
0.440000000099
0.47000000005
0.443333332737
0.440000000099
0.466666667412
0.466666667412
0.43333333234
0.43666666622
0.486666666965
0.493333333482
0.460000000894
0.459999999652
0.460000000894
0.459999999652
0.47000000005
0.440000000099
0.453333333135
0.450000000497
0.476666666567
0.463333333532
0.440000000099
0.460000000894
0.479999999205
0.449999999255
0.443333333979
0.456666667014
0.453333333135
0.459999999652
0.443333332737
0.456666667014
0.456666667014
0.450000000497
0.423333334426
0.519999999553
0.426666667064
0.489999999603
0.473333333929
0.453333334376
0.459999999652
0.456666667014
0.456666665773
0.510000000397
0.516666666915
0.483333333085
0.456666667014
0.46666666617
0.47000000005
0.473333333929
0.46333333229
0.463333333532
0.453333333135
0.480000000447
0.463333333532
0.476666666567
0.480000000447
0.5
0.473333332688
0.430000000944
0.476666666567
0.46666666617
0.476666666567
0.460000000894
0.450000000497
0.476666666567
0.483333333085
0.479999999205
0.453333333135
0.456666667014
0.433333333582
0.443333333979
0.453333333135
0.5
0.476666667809
0.47000000005
0.443333333979
0.473333332688
0.459999999652
0.463333333532
0.43666666622
0.443333332737
0.429999999702
0.453333333135
0.459999999652
0.453333333135
0.430000000944
0.450000000497
0.459999999652
0.459999999652
0.436666667461
0.456666667014
0.453333333135
0.473333332688
0.473333333929
0.460000000894
0.479999999205
0.503333332638
0.456666667014
0.47000000005
0.476666666567
0.466666667412
0.46666666617
0.449999999255
0.459999999652
0.460000000894
0.46333333229
0.490000000844
0.463333333532
0.47000000005
0.433333333582
0.489999999603
0.473333333929
0.473333333929
0.433333333582
0.510000000397
0.476666666567
0.473333333929
0.463333333532
0.46666666617
0.46666666617
0.43666666622
0.46666666617
0.480000000447
0.489999999603
0.433333333582
0.43666666622
0.456666665773
0.466666667412
0.450000000497
0.459999999652
0.456666667014
0.459999999652
0.436666667461
0.456666667014
0.440000000099
0.489999999603
0.50333333388
0.456666667014
0.46666666617
0.473333332688
0.453333333135
0.479999999205
0.453333333135
0.46666666617
0.46333333229
0.43666666622
0.433333333582
0.446666666617
0.463333333532
0.453333333135
0.459999999652
0.46666666617
0.449999999255
0.459999999652
0.446666666617
0.46666666617
0.486666666965
0.486666666965
0.429999999702
0.459999999652
0.47000000005
0.449999999255
0.479999999205
0.466666667412
0.473333332688
0.456666665773
0.443333333979
0.476666666567
0.463333333532
0.46666666617
0.43666666622
0.443333332737
0.453333333135
0.453333333135
0.476666666567
0.419999999305
0.456666667014
0.476666667809
0.453333333135
0.460000000894
0.463333333532
0.443333332737
0.443333333979
0.47000000005
0.486666666965
0.46666666617
0.43666666622
0.456666667014
0.440000000099
0.459999999652
0.453333333135
0.480000000447
0.449999999255
0.473333333929
0.463333333532
0.476666667809
0.493333333482
0.473333332688
0.456666665773
0.469999998808
0.510000000397
0.440000000099
0.443333332737
0.466666667412
0.449999999255
0.443333332737
0.46666666617
0.443333332737
0.456666667014
0.456666665773
0.463333333532
0.473333333929
0.43333333234
0.456666667014
0.476666666567
0.476666666567
0.450000000497
0.486666666965
0.493333332241
0.506666666518
0.463333333532
0.476666666567
0.456666667014
0.476666666567
0.46333333229
0.476666666567
0.450000000497
0.463333333532
0.43666666622
0.459999999652
0.443333332737
0.483333333085
0.450000000497
0.423333333184
0.47000000005
0.463333333532
0.49666666612
0.480000000447
0.443333333979
0.463333333532
0.459999999652
0.460000000894
0.480000000447
0.429999999702
0.440000000099
0.46666666617
0.459999999652
0.480000000447
0.493333332241
0.46666666617
0.453333333135
0.443333332737
0.456666667014
0.483333334327
0.460000000894
0.47000000005
0.446666666617
0.483333333085
0.480000000447
0.463333333532
0.450000000497
0.473333332688
0.473333333929
0.450000000497
0.476666666567
0.510000000397
0.489999999603
0.493333333482
0.463333333532
0.463333333532
0.456666667014
0.43666666622
0.476666666567
0.453333333135
0.46666666617
0.46666666617
0.453333333135
0.493333332241
0.483333333085
0.473333332688
0.463333333532
0.466666667412
0.476666666567
0.516666666915
0.479999999205
0.473333333929
0.509999999156
0.46666666617
0.456666667014
0.446666666617
0.486666666965
0.453333333135
0.456666667014
0.459999999652
0.449999999255
0.456666665773
0.486666666965
0.496666667362
0.5
0.459999999652
0.449999999255
0.440000000099
0.473333333929
0.483333333085
0.463333333532
0.506666666518
0.429999999702
0.483333333085
0.476666666567
0.476666666567
0.433333333582
0.47000000005
0.473333333929
0.446666666617
0.483333333085
0.460000000894
0.453333333135
0.446666666617
0.480000000447
0.446666666617
0.483333334327
0.463333333532
0.489999999603
0.436666667461
0.443333332737
0.450000000497
0.510000000397
0.52999999995
0.49666666612
0.476666666567
0.446666666617
0.463333333532
0.456666667014
0.473333332688
0.460000000894
0.47000000005
0.5
0.546666666865
0.46666666617
0.453333333135
0.420000000546
0.493333333482
0.439999998858
0.483333333085
0.463333333532
0.426666665822
0.513333333035
0.446666666617
0.480000000447
0.463333333532
0.476666666567
0.46666666617
0.46666666617
0.443333333979
0.459999999652
0.449999999255
0.473333332688
0.476666667809
0.46666666617
0.476666666567
0.47000000005
0.463333333532
0.476666666567
0.460000000894
0.46666666617
0.476666666567
0.493333333482
0.456666667014
0.46333333229
0.52999999995
0.519999999553
0.440000000099
0.473333332688
0.473333332688
0.480000000447
0.453333334376
0.460000000894
0.46666666617
0.473333333929
0.486666666965
0.466666667412
0.47000000005
0.476666666567
0.47000000005
0.429999999702
0.453333333135
0.436666667461
0.489999999603
0.449999999255
0.483333333085
0.463333333532
0.476666666567
0.476666666567
0.47000000005
0.483333333085
0.443333333979
0.473333333929
0.456666667014
0.480000000447
0.496666667362
0.459999999652
0.473333332688
0.46333333229
0.433333333582
0.483333333085
0.446666666617
0.473333333929
0.450000000497
0.443333333979
0.433333333582
0.459999999652
0.460000000894
0.43333333234
0.463333333532
0.456666667014
0.440000000099
0.440000000099
0.439999998858
0.449999999255
0.450000000497
0.453333333135
0.473333332688
0.459999999652
0.446666666617
0.456666667014
0.46666666617
0.47000000005
0.446666666617
0.456666667014
0.476666666567
0.456666667014
0.46666666617
0.459999999652
0.46666666617
0.480000000447
0.440000000099
0.476666666567
0.416666666667
0.43666666622
0.459999999652
0.486666665723
0.476666666567
0.456666667014
0.47000000005
0.47000000005
0.559999999901
0.46666666617
0.433333333582
0.486666666965
0.423333333184
0.50333333388
0.456666667014
0.459999999652
0.446666666617
0.456666667014
0.459999999652
0.459999999652
0.46666666617
0.446666666617
0.453333333135
0.443333332737
0.459999999652
0.483333334327
0.476666666567
0.47000000005
0.5
0.473333333929
0.490000000844
0.460000000894
0.47000000005
0.443333332737
0.446666666617
0.476666666567
0.456666667014
0.480000000447
0.440000000099
0.46666666617
0.440000000099
0.456666665773
0.440000000099
0.449999999255
0.473333333929
0.473333333929
0.476666666567
0.47000000005
0.429999999702
0.459999999652
0.47000000005
0.450000000497
0.486666665723
0.486666666965
0.453333333135
0.459999999652
0.456666667014
0.450000000497
0.436666667461
0.47000000005
0.43333333234
0.450000000497
0.47000000005
0.47000000005
0.439999998858
0.46333333229
0.463333333532
0.473333333929
0.483333334327
0.473333333929
0.456666667014
0.463333333532
0.46666666617
0.46666666617
0.47000000005
0.443333333979
0.459999999652
0.463333333532
0.479999999205
0.459999999652
0.460000000894
0.486666666965
0.456666667014
0.463333333532
0.473333333929
0.476666666567
0.429999999702
0.473333333929
0.456666667014
0.473333333929
0.450000000497
0.480000000447
0.453333333135
0.429999999702
0.473333333929
0.473333332688
0.476666666567
0.433333333582
0.459999999652
0.46666666617
0.453333333135
0.489999999603
0.463333333532
0.5
0.453333334376
0.476666666567
0.449999999255
0.459999999652
0.456666665773
0.446666666617
0.450000000497
0.46666666617
0.476666666567
0.443333333979
0.483333333085
0.483333333085
0.483333334327
0.433333333582
0.46666666617
0.443333333979
0.426666667064
0.459999999652
0.436666667461
0.453333333135
0.453333333135
0.453333334376
0.476666666567
0.463333333532
0.449999999255
0.493333333482
0.46333333229
0.483333333085
0.506666666518
0.47000000005
0.473333333929
0.46666666617
0.456666667014
0.47000000005
0.46666666617
0.443333333979
0.476666667809
0.483333333085
0.460000000894
0.473333332688
0.446666666617
0.419999999305
0.479999999205
0.473333332688
0.46666666617
0.460000000894
0.473333333929
0.486666666965
0.473333333929
0.456666667014
0.49666666612
0.463333333532
0.47000000005
0.449999999255
0.443333332737
0.483333333085
0.456666667014
0.463333333532
0.443333332737
0.47000000005
0.509999999156
0.449999999255
0.47000000005
0.496666667362
0.463333333532
0.453333333135
0.516666666915
0.453333333135
0.453333333135
0.480000000447
0.473333332688
0.47000000005
0.466666667412
0.480000000447
0.466666667412
0.476666666567
0.450000000497
0.459999999652
0.463333333532
0.446666666617
0.459999999652
0.473333332688
0.473333333929
0.453333333135
0.459999999652
0.43666666622
0.446666666617
0.473333332688
0.453333333135
0.453333333135
0.46666666617
0.463333333532
0.459999999652
0.47000000005
0.450000000497
0.47000000005
0.50333333388
0.463333333532
0.450000000497
0.449999999255
0.473333333929
0.449999999255
0.5
0.450000000497
0.440000000099
0.453333333135
0.453333333135
0.453333333135
0.429999999702
0.463333333532
0.47000000005
0.449999999255
0.43666666622
0.476666666567
0.460000000894
0.483333334327
0.456666667014
0.486666666965
0.46333333229
0.473333332688
0.440000000099
0.486666666965
0.46666666617
0.47000000005
0.479999999205
0.493333332241
0.440000000099
0.473333332688
0.476666666567
0.456666667014
0.43666666622
0.473333333929
0.453333333135
0.440000000099
0.453333333135
0.556666667263
0.489999999603
0.570000000298
0.446666666617
0.449999999255
0.473333333929
0.47000000005
0.443333333979
0.453333333135
0.463333333532
0.453333333135
0.460000000894
0.426666667064
0.460000000894
0.459999999652
0.446666666617
0.46666666617
0.46333333229
0.473333332688
0.460000000894
0.453333333135
0.450000000497
0.449999999255
0.46666666617
0.466666667412
0.440000000099
0.446666666617
0.429999999702
0.456666667014
0.453333333135
0.476666666567
0.443333332737
0.47000000005
0.459999999652
0.47000000005
0.450000000497
0.453333333135
0.443333333979
0.453333333135
0.473333332688
0.463333333532
0.473333333929
0.476666666567
0.483333333085
0.479999999205
0.449999999255
0.456666667014
0.469999998808
0.486666666965
0.456666667014
0.453333333135
0.453333333135
0.490000000844
0.446666666617
0.466666667412
0.453333333135
0.440000000099
0.459999999652
0.483333333085
0.47000000005
0.483333334327
0.47000000005
0.456666667014
0.46333333229
0.456666667014
0.440000000099
0.446666666617
0.489999999603
0.466666667412
0.456666667014
0.453333333135
0.459999999652
0.429999999702
0.459999999652
0.476666666567
0.456666667014
0.459999999652
0.463333333532
0.5
0.453333333135
0.47000000005
0.46666666617
0.460000000894
0.459999999652
0.446666666617
0.47000000005
0.473333332688
0.449999999255
0.463333333532
0.496666667362
0.463333333532
0.443333332737
0.483333333085
0.483333333085
0.459999999652
0.459999999652
0.459999999652
0.503333332638
0.466666667412
0.446666666617
0.46666666617
0.426666665822
0.47000000005
0.456666667014
0.443333332737
0.47000000005
0.453333333135
0.449999999255
0.460000000894
0.473333333929
0.473333332688
0.5
0.52999999995
0.479999999205
0.446666666617
0.453333334376
0.430000000944
0.449999999255
0.5
0.460000000894
0.450000000497
0.46666666617
0.46333333229
0.453333333135
0.476666666567
0.463333333532
0.5
0.450000000497
0.440000000099
0.466666667412
0.443333332737
0.440000000099
0.493333332241
0.479999999205
0.423333334426
0.463333333532
0.46333333229
0.463333333532
0.469999998808
0.436666667461
0.47000000005
0.43666666622
0.449999999255
0.460000000894
0.429999999702
0.440000000099
0.46666666617
0.443333333979
0.483333333085
0.446666666617
0.459999999652
0.486666665723
0.463333333532
0.449999999255
0.463333333532
0.456666667014
0.449999999255
0.423333333184
0.486666666965
0.440000000099
0.49666666612
0.466666667412
0.486666666965
0.420000000546
0.43666666622
0.523333333433
0.5
0.473333333929
0.420000000546
0.453333333135
0.446666667859
0.506666666518
0.510000000397
0.480000000447
0.519999999553
0.483333333085
0.47000000005
0.466666667412
0.536666666468
0.453333333135
0.440000000099
0.503333332638
0.459999999652
0.496666667362
0.473333332688
0.46666666617
0.449999999255
0.446666666617
0.443333332737
0.440000000099
0.466666667412
0.446666666617
0.453333333135
0.473333333929
0.456666665773
0.443333333979
0.523333333433
0.473333333929
0.46333333229
0.479999999205
0.446666666617
0.483333334327
0.46666666617
0.433333333582
0.453333333135
0.476666666567
0.453333333135
0.423333334426
0.483333333085
0.486666666965
0.479999999205
0.463333333532
0.436666667461
0.450000000497
0.446666666617
0.479999999205
0.463333333532
0.453333333135
0.456666667014
0.473333333929
0.473333332688
0.473333332688
0.5
0.510000000397
0.510000000397
0.520000000795
0.423333333184
0.446666666617
0.443333333979
0.450000000497
0.450000000497
0.47000000005
0.506666666518
0.493333333482
0.486666665723
0.440000000099
0.476666666567
0.476666666567
0.460000000894
0.493333333482
0.453333333135
0.496666667362
0.46666666617
0.466666667412
0.429999999702
0.440000000099
0.456666667014
0.480000000447
0.456666667014
0.486666666965
0.46666666617
0.479999999205
0.480000000447
0.47000000005
0.443333333979
0.459999999652
0.459999999652
0.46333333229
0.446666666617
0.453333333135
0.446666666617
0.460000000894
0.446666666617
0.446666666617
0.453333333135
0.47000000005
0.513333333035
0.503333332638
0.476666666567
0.47000000005
0.440000000099
0.436666667461
0.46666666617
0.456666665773
0.443333332737
0.453333333135
0.453333333135
0.493333333482
0.440000000099
0.463333333532
0.443333333979
0.480000000447
0.476666666567
0.446666666617
0.43666666622
0.486666665723
0.480000000447
0.43666666622
0.46666666617
0.449999999255
0.453333334376
0.47000000005
0.443333332737
0.46666666617
0.486666666965
0.453333333135
0.466666667412
0.46333333229
0.486666666965
0.459999999652
0.463333333532
0.486666665723
0.503333332638
0.516666666915
0.443333333979
0.479999999205
0.466666667412
0.446666666617
0.473333333929
0.46666666617
0.450000000497
0.473333332688
0.456666665773
0.473333333929
0.463333333532
0.453333333135
0.473333333929
0.486666666965
0.47000000005
0.483333333085
0.466666667412
0.47000000005
0.459999999652
0.47000000005
0.443333333979
0.46666666617
0.416666666667
0.453333334376
0.430000000944
0.43333333234
0.453333333135
0.47000000005
0.449999999255
0.46666666617
0.463333333532
0.46333333229
0.443333332737
0.47000000005
0.440000000099
0.456666667014
0.456666665773
0.483333334327
0.450000000497
0.486666666965
0.456666667014
0.473333332688
0.476666666567
0.449999999255
0.47000000005
0.483333333085
0.480000000447
0.449999999255
0.429999999702
0.466666667412
0.453333333135
0.459999999652
0.476666666567
0.43666666622
0.47000000005
0.483333334327
0.443333333979
0.480000000447
0.466666667412
0.460000000894
0.480000000447
0.456666667014
0.47000000005
0.466666667412
0.476666667809
0.446666666617
0.486666665723
0.493333332241
0.430000000944
0.419999999305
0.473333333929
0.436666667461
0.46666666617
0.47000000005
0.413333334029
0.446666666617
0.446666666617
0.459999999652
0.420000000546
0.473333332688
0.476666666567
0.47000000005
0.446666666617
0.456666667014
0.433333333582
0.456666665773
0.463333333532
0.453333333135
0.453333333135
0.446666666617
0.456666665773
0.480000000447
0.483333333085
0.47000000005
0.47000000005
0.476666666567
0.49666666612
0.47000000005
0.453333334376
0.443333332737
0.413333332787
0.456666667014
0.463333333532
0.493333332241
0.449999999255
0.456666667014
0.46666666617
0.446666666617
0.46666666617
0.446666666617
0.433333333582
0.429999999702
0.443333332737
0.460000000894
0.453333333135
0.463333333532
0.476666666567
0.466666667412
0.473333333929
0.46666666617
0.446666667859
0.459999999652
0.486666666965
0.473333332688
0.463333333532
0.476666666567
0.480000000447
0.459999999652
0.47000000005
0.476666666567
0.46333333229
0.443333333979
0.443333332737
0.483333333085
0.426666667064
0.469999998808
0.433333333582
0.463333333532
0.450000000497
0.473333333929
0.446666666617
0.433333333582
0.463333333532
0.483333334327
0.453333333135
0.479999999205
0.486666666965
0.460000000894
0.496666667362
0.46666666617
0.493333332241
0.5
0.446666666617
0.47000000005
0.43666666622
0.489999999603
0.5
0.5
0.453333333135
0.483333333085
0.503333332638
0.486666666965
0.453333333135
0.456666667014
0.443333332737
0.486666666965
0.493333333482
0.473333332688
0.43666666622
0.476666666567
0.476666666567
0.483333333085
0.463333333532
0.483333333085
0.480000000447
0.46333333229
0.456666667014
0.413333332787
0.479999999205
0.480000000447
0.46666666617
0.473333332688
0.476666666567
0.449999999255
0.476666666567
0.5
0.440000000099
0.459999999652
0.466666667412
0.476666666567
0.463333333532
0.473333332688
0.503333332638
0.446666666617
0.47000000005
0.43666666622
0.456666667014
0.443333332737
0.456666667014
0.490000000844
0.480000000447
0.440000000099
0.466666667412
0.476666666567
0.479999999205
0.493333333482
0.489999999603
0.486666665723
0.46666666617
0.519999999553
0.430000000944
0.496666667362
0.43666666622
0.47000000005
0.453333333135
0.453333333135
0.46666666617
0.453333333135
0.446666667859
0.439999998858
0.446666666617
0.46666666617
0.440000000099
0.46666666617
0.486666666965
0.47000000005
0.440000000099
0.456666665773
0.47000000005
0.43666666622
0.429999999702
0.453333333135
0.483333333085
0.429999999702
0.463333333532
0.450000000497
0.463333333532
0.456666665773
0.5
0.486666666965
0.433333333582
0.423333333184
0.466666667412
0.463333333532
0.46666666617
0.459999999652
0.459999999652
0.446666666617
0.450000000497
0.473333332688
0.486666665723
0.446666666617
0.456666667014
0.476666666567
0.476666666567
0.453333334376
0.456666667014
0.459999999652
0.459999999652
0.429999999702
0.47000000005
0.476666666567
0.446666666617
0.47000000005
0.489999999603
0.480000000447
0.433333333582
0.453333333135
0.43666666622
0.436666667461
0.436666667461
0.47000000005
0.47000000005
0.47000000005
0.459999999652
0.456666667014
0.446666666617
0.419999999305
0.426666665822
0.483333333085
0.47000000005
0.450000000497
0.473333332688
0.480000000447
0.483333333085
0.490000000844
0.52999999995
0.536666666468
0.433333333582
0.450000000497
0.47000000005
0.456666667014
0.483333333085
0.443333332737
0.496666667362
0.480000000447
0.429999999702
0.443333332737
0.466666667412
0.456666665773
0.426666667064
0.473333333929
0.463333333532
0.429999999702
0.49666666612
0.5
0.449999999255
0.456666665773
0.473333333929
0.456666667014
0.459999999652
0.43666666622
0.459999999652
0.556666666021
0.443333333979
0.493333333482
0.516666666915
0.443333332737
0.453333333135
0.463333333532
0.466666667412
0.483333334327
0.510000000397
0.47000000005
0.460000000894
0.459999999652
0.459999999652
0.486666665723
0.440000000099
0.450000000497
0.439999998858
0.453333333135
0.480000000447
0.456666667014
0.446666666617
0.47000000005
0.469999998808
0.486666666965
0.443333332737
0.47000000005
0.459999999652
0.450000000497
0.46666666617
0.443333332737
0.440000000099
0.473333332688
0.426666667064
0.503333332638
0.446666666617
0.466666667412
0.453333334376
0.473333332688
0.483333333085
0.453333333135
0.466666667412
0.443333332737
0.47000000005
0.456666667014
0.453333333135
0.466666667412
0.466666667412
0.450000000497
0.443333333979
0.453333333135
0.483333333085
0.47000000005
0.46666666617
0.453333333135
0.46666666617
0.433333333582
0.433333333582
0.443333332737
0.460000000894
0.46666666617
0.419999999305
0.466666667412
0.473333333929
0.450000000497
0.47000000005
0.463333333532
0.476666666567
0.443333332737
0.47000000005
0.473333332688
0.459999999652
0.523333333433
0.483333333085
0.453333333135
0.46666666617
0.443333332737
0.46666666617
0.449999999255
0.489999999603
0.47000000005
0.47000000005
0.446666666617
0.456666667014
0.456666667014
0.483333334327
0.483333333085
0.459999999652
0.459999999652
0.426666667064
0.43666666622
0.450000000497
0.43666666622
0.476666666567
0.460000000894
0.446666666617
0.43666666622
0.463333333532
0.459999999652
0.453333333135
0.46666666617
0.489999999603
0.479999999205
0.426666665822
0.426666665822
0.47000000005
0.473333332688
0.473333332688
0.47000000005
0.456666667014
0.466666667412
0.479999999205
0.473333332688
0.43666666622
0.436666667461
0.473333332688
0.46666666617
0.463333333532
0.459999999652
0.463333333532
0.480000000447
0.476666666567
0.456666665773
0.43333333234
0.47000000005
0.436666667461
0.476666666567
0.466666667412
0.47000000005
0.46666666617
0.463333333532
0.479999999205
0.463333333532
0.493333333482
0.46666666617
0.459999999652
0.443333332737
0.47000000005
0.486666666965
0.483333333085
0.50333333388
0.52999999995
0.506666666518
0.483333333085
0.446666666617
0.446666666617
0.453333334376
0.473333332688
0.47000000005
0.483333333085
0.493333333482
0.506666666518
0.479999999205
0.473333333929
0.493333332241
0.476666666567
0.480000000447
0.456666667014
0.459999999652
0.450000000497
0.450000000497
0.459999999652
0.443333332737
0.46666666617
0.453333334376
0.443333333979
0.483333333085
0.47000000005
0.463333333532
0.65333333239
0.47000000005
0.459999999652
0.456666667014
0.450000000497
0.450000000497
0.433333333582
0.423333333184
0.453333333135
0.429999999702
0.47000000005
0.459999999652
0.446666666617
0.47000000005
0.466666667412
0.410000000149
0.46666666617
0.476666666567
0.473333333929
0.453333333135
0.493333333482
0.483333333085
0.496666667362
0.483333333085
0.456666665773
0.483333333085
0.453333333135
0.47000000005
0.446666666617
0.453333333135
0.473333333929
0.440000000099
0.426666667064
0.463333333532
0.453333333135
0.43666666622
0.47000000005
0.483333334327
0.47000000005
0.460000000894
0.47000000005
0.463333333532
0.443333333979
0.446666666617
0.466666667412
0.430000000944
0.476666666567
0.466666667412
0.449999999255
0.463333333532
0.516666666915
0.490000000844
0.483333333085
0.473333333929
0.483333333085
0.463333333532
0.433333333582
0.490000000844
0.486666666965
0.489999999603
0.47000000005
0.429999999702
0.443333333979
0.463333333532
0.486666666965
0.463333333532
0.456666667014
0.456666667014
0.489999999603
0.429999999702
0.486666666965
0.433333333582
0.449999999255
0.473333332688
0.483333333085
0.476666666567
0.456666665773
0.460000000894
0.476666666567
0.456666667014
0.459999999652
0.486666666965
0.496666667362
0.493333333482
0.493333333482
0.526666666071
0.46666666617
0.47000000005
0.473333332688
0.46666666617
0.463333333532
0.456666667014
0.433333333582
0.506666666518
0.440000000099
0.456666667014
0.46666666617
0.453333333135
0.463333333532
0.473333333929
0.503333332638
0.446666666617
0.446666666617
0.480000000447
0.480000000447
0.476666666567
0.476666666567
0.493333332241
0.536666666468
0.426666667064
0.466666667412
0.459999999652
0.5
0.453333333135
0.440000000099
0.480000000447
0.480000000447
0.440000000099
0.443333332737
0.473333333929
0.453333333135
0.47000000005
0.456666667014
0.463333333532
0.489999999603
0.47000000005
0.450000000497
0.429999999702
0.463333333532
0.443333333979
0.459999999652
0.433333333582
0.443333332737
0.456666667014
0.459999999652
0.47000000005
0.460000000894
0.46666666617
0.486666665723
0.463333333532
0.473333333929
0.46666666617
0.463333333532
0.450000000497
0.480000000447
0.483333333085
0.480000000447
0.466666667412
0.46333333229
0.479999999205
0.463333333532
0.483333334327
0.480000000447
0.449999999255
0.453333333135
0.456666667014
0.483333334327
0.453333333135
0.480000000447
0.450000000497
0.456666667014
0.446666666617
0.473333332688
0.46666666617
0.430000000944
0.453333333135
0.473333333929
0.463333333532
0.513333333035
0.420000000546
0.446666666617
0.420000000546
0.456666667014
0.456666665773
0.446666666617
0.466666667412
0.460000000894
0.473333332688
0.413333334029
0.486666666965
0.429999999702
0.46666666617
0.46333333229
0.433333333582
0.466666667412
0.476666666567
0.446666666617
0.463333333532
0.416666666667
0.446666666617
0.453333333135
0.433333333582
0.453333334376
0.46666666617
0.429999999702
0.429999999702
0.47000000005
0.450000000497
0.47000000005
0.46666666617
0.479999999205
0.433333333582
0.456666665773
0.440000000099
0.493333333482
0.486666666965
0.473333332688
0.463333333532
0.476666666567
0.443333332737
0.476666667809
0.459999999652
0.480000000447
0.429999999702
0.450000000497
0.476666666567
0.446666666617
0.433333333582
0.433333333582
0.463333333532
0.463333333532
0.453333333135
0.456666667014
0.443333333979
0.476666666567
0.446666666617
0.46666666617
0.520000000795
0.453333333135
0.459999999652
0.443333332737
0.489999999603
0.47000000005
0.483333333085
0.47000000005
0.473333333929
0.493333333482
0.47000000005
0.443333332737
0.450000000497
0.463333333532
0.479999999205
0.47000000005
0.47000000005
0.453333334376
0.416666666667
0.440000000099
0.443333332737
0.480000000447
0.453333333135
0.483333333085
0.453333333135
0.466666667412
0.473333333929
0.453333333135
0.493333332241
0.453333333135
0.506666666518
0.460000000894
0.480000000447
0.5
0.47000000005
0.456666665773
0.483333333085
0.446666667859
0.459999999652
0.469999998808
0.466666667412
0.466666667412
0.479999999205
0.496666667362
0.460000000894
0.463333333532
0.459999999652
0.456666665773
0.440000000099
0.446666666617
0.486666666965
0.510000000397
0.47000000005
0.46666666617
0.463333333532
0.459999999652
0.459999999652
0.440000000099
0.47000000005
0.519999999553
0.516666665673
0.473333332688
0.443333332737
0.486666665723
0.440000000099
0.46666666617
0.440000000099
0.50333333388
0.456666667014
0.446666666617
0.456666665773
0.47000000005
0.510000000397
0.483333333085
0.463333333532
0.443333333979
0.489999999603
0.453333333135
0.5
0.456666667014
0.466666667412
0.46666666617
0.466666667412
0.456666667014
0.460000000894
0.476666666567
0.493333333482
0.456666667014
0.493333333482
0.456666665773
0.47000000005
0.446666666617
0.486666666965
0.486666666965
0.473333333929
0.440000000099
0.49666666612
0.473333332688
0.43666666622
0.46666666617
0.473333332688
0.416666666667
0.47000000005
0.456666667014
0.46666666617
0.459999999652
0.473333333929
0.46666666617
0.460000000894
0.456666667014
0.476666666567
0.47000000005
0.46666666617
0.46666666617
0.47000000005
0.476666666567
0.473333332688
0.446666666617
0.473333333929
0.449999999255
0.446666666617
0.463333333532
0.47000000005
0.460000000894
0.456666665773
0.479999999205
0.480000000447
0.453333334376
0.420000000546
0.483333333085
0.453333333135
0.493333332241
0.543333334227
0.436666667461
0.473333333929
0.463333333532
0.479999999205
0.450000000497
0.47000000005
0.436666667461
0.493333333482
0.463333333532
0.466666667412
0.443333333979
0.460000000894
0.493333333482
0.449999999255
0.459999999652
0.493333333482
0.463333333532
0.479999999205
0.479999999205
0.480000000447
0.47000000005
0.446666666617
0.446666666617
0.466666667412
0.5
0.46666666617
0.473333333929
0.476666666567
0.440000000099
0.483333333085
0.476666666567
0.483333333085
0.490000000844
0.479999999205
0.453333333135
0.466666667412
0.433333333582
0.456666665773
0.453333333135
0.450000000497
0.456666665773
0.453333333135
0.47000000005
0.46666666617
0.47000000005
0.459999999652
0.440000000099
0.43333333234
0.46666666617
0.450000000497
0.483333334327
0.459999999652
0.476666666567
0.47000000005
0.443333332737
0.443333333979
0.443333333979
0.473333332688
0.429999999702
0.480000000447
0.489999999603
0.46666666617
0.453333333135
0.460000000894
0.443333333979
0.463333333532
0.449999999255
0.456666665773
0.449999999255
0.49666666612
0.453333333135
0.473333333929
0.483333333085
0.433333333582
0.483333333085
0.423333333184
0.459999999652
0.453333333135
0.453333333135
0.433333333582
0.450000000497
0.476666666567
0.453333333135
0.486666666965
0.43666666622
0.446666666617
0.480000000447
0.47000000005
0.483333334327
0.476666666567
0.450000000497
0.466666667412
0.450000000497
0.516666666915
0.440000000099
0.53333333383
0.47000000005
0.476666667809
0.47000000005
0.436666667461
0.46333333229
0.436666667461
0.476666667809
0.50333333388
0.50333333388
0.459999999652
0.453333333135
0.463333333532
0.456666667014
0.459999999652
0.440000000099
0.486666666965
0.476666666567
0.456666665773
0.453333333135
0.476666666567
0.466666667412
0.443333332737
0.456666667014
0.476666666567
0.463333333532
0.460000000894
0.493333333482
0.473333332688
0.459999999652
0.450000000497
0.460000000894
0.459999999652
0.483333333085
0.47000000005
0.476666666567
0.473333333929
0.486666666965
0.453333333135
0.440000000099
0.43666666622
0.473333332688
0.440000000099
0.443333333979
0.486666665723
0.483333333085
0.473333332688
0.450000000497
0.46666666617
0.453333333135
0.466666667412
0.47000000005
0.456666667014
0.463333333532
0.463333333532
0.446666666617
0.443333333979
0.463333333532
0.443333332737
0.449999999255
0.479999999205
0.473333332688
0.506666666518
0.463333333532
0.456666665773
0.46666666617
0.463333333532
0.429999999702
0.46666666617
0.426666665822
0.446666666617
0.446666667859
0.479999999205
0.486666665723
0.476666666567
0.443333332737
0.466666667412
0.433333333582
0.46333333229
0.473333332688
0.496666667362
0.5
0.489999999603
0.483333333085
0.49666666612
0.463333333532
0.43666666622
0.446666666617
0.493333333482
0.453333333135
0.476666667809
0.463333333532
0.46666666617
0.476666666567
0.46333333229
0.446666666617
0.456666667014
0.463333333532
0.460000000894
0.476666666567
0.456666667014
0.47000000005
0.446666666617
0.479999999205
0.459999999652
0.489999999603
0.453333333135
0.460000000894
0.443333332737
0.486666666965
0.493333333482
0.430000000944
0.476666667809
0.456666667014
0.459999999652
0.46666666617
0.469999998808
0.493333333482
0.476666666567
0.506666666518
0.440000000099
0.46333333229
0.476666666567
0.426666667064
0.473333333929
0.440000000099
0.476666666567
0.463333333532
0.476666666567
0.43666666622
0.463333333532
0.496666667362
0.456666667014
0.459999999652
0.466666667412
0.446666667859
0.450000000497
0.463333333532
0.463333333532
0.489999999603
0.459999999652
0.47000000005
0.466666667412
0.429999999702
0.443333332737
0.423333333184
0.480000000447
0.47000000005
0.47000000005
0.449999999255
0.463333333532
0.476666666567
0.486666665723
0.443333333979
0.449999999255
0.473333332688
0.483333333085
0.473333332688
0.460000000894
0.453333333135
0.473333333929
0.453333333135
0.47000000005
0.483333333085
0.486666666965
0.43666666622
0.483333333085
0.473333333929
0.510000000397
0.460000000894
0.453333333135
0.449999999255
0.5
0.476666666567
0.5
0.459999999652
0.47000000005
0.50333333388
0.486666666965
0.463333333532
0.459999999652
0.473333332688
0.443333332737
0.486666666965
0.449999999255
0.476666666567
0.496666667362
0.466666667412
0.479999999205
0.476666666567
0.440000000099
0.443333333979
0.493333333482
0.456666667014
0.503333332638
0.480000000447
0.473333332688
0.46666666617
0.440000000099
0.486666666965
0.446666666617
0.506666666518
0.473333333929
0.473333333929
0.479999999205
0.483333333085
0.429999999702
0.480000000447
0.459999999652
0.46666666617
0.490000000844
0.426666667064
0.486666666965
0.476666666567
0.459999999652
0.443333332737
0.46333333229
0.496666667362
0.466666667412
0.483333333085
0.476666666567
0.47000000005
0.446666666617
0.440000000099
0.480000000447
0.543333332986
0.506666666518
0.480000000447
0.473333333929
0.463333333532
0.46333333229
0.473333333929
0.446666666617
0.47000000005
0.459999999652
0.473333332688
0.453333333135
0.473333333929
0.46666666617
0.46333333229
0.460000000894
0.429999999702
0.46666666617
0.456666667014
0.443333333979
0.443333333979
0.47000000005
0.453333333135
0.513333333035
0.446666666617
0.446666666617
0.46666666617
0.486666666965
0.446666666617
0.493333333482
0.449999999255
0.463333333532
0.483333333085
0.446666666617
0.473333332688
0.456666665773
0.466666667412
0.486666666965
0.463333333532
0.443333333979
0.456666667014
0.47000000005
0.449999999255
0.479999999205
0.489999999603
0.473333333929
0.453333334376
0.47000000005
0.473333332688
0.483333333085
0.503333332638
0.46333333229
0.443333332737
0.473333333929
0.450000000497
0.46666666617
0.473333333929
0.466666667412
0.449999999255
0.429999999702
0.443333333979
0.443333332737
0.440000000099
0.46666666617
0.450000000497
0.459999999652
0.47000000005
0.456666667014
0.453333334376
0.449999999255
0.443333333979
0.506666666518
0.47000000005
0.479999999205
0.426666665822
0.453333333135
0.433333333582
0.440000000099
0.493333333482
0.450000000497
0.429999999702
0.456666667014
0.449999999255
0.463333333532
0.483333333085
0.436666667461
0.450000000497
0.446666666617
0.430000000944
0.473333332688
0.453333333135
0.483333334327
0.476666666567
0.473333332688
0.459999999652
0.440000000099
0.463333333532
0.473333333929
0.49666666612
0.436666667461
0.43666666622
0.459999999652
0.440000000099
0.453333333135
0.443333333979
0.486666666965
0.486666666965
0.446666666617
0.453333333135
0.450000000497
0.43666666622
0.449999999255
0.413333332787
0.446666666617
0.446666666617
0.450000000497
0.5
0.43666666622
0.446666666617
0.446666666617
0.473333333929
0.463333333532
0.46666666617
0.50333333388
0.543333334227
0.480000000447
0.46666666617
0.420000000546
0.449999999255
0.459999999652
0.483333333085
0.440000000099
0.473333332688
0.453333333135
0.449999999255
0.463333333532
0.453333333135
0.463333333532
0.473333332688
0.459999999652
0.43333333234
0.46333333229
0.480000000447
0.466666667412
0.429999999702
0.450000000497
0.483333333085
0.456666665773
0.429999999702
0.47000000005
0.450000000497
0.47000000005
0.453333334376
0.46333333229
0.483333333085
0.419999999305
0.446666666617
0.440000000099
0.453333334376
0.413333332787
0.523333333433
0.5
0.463333333532
0.46666666617
0.476666666567
0.486666666965
