bytes_written	total_items	curr_connections	threads	cmd_set	cmd_get	get_misses	get_hits	bytes_read
16885359976	690971	15	8	693105	10503026	2016150	8486876	2192186754	365903
16885904190	690971	15	8	693105	10503289	2016190	8487099	2192212892	365903
16886490248	690971	15	8	693105	10503566	2016229	8487337	2192240227	365903
16886912599	690971	16	8	693105	10503825	2016274	8487551	2192266866	365903
16887285235	690974	17	8	693108	10504110	2016325	8487785	2192295053	365900
16887754891	690974	13	8	693108	10504383	2016370	8488013	2192321873	365900
16888310974	690974	18	8	693108	10504669	2016416	8488253	2192350157	365900
16888692124	690974	22	8	693108	10504945	2016468	8488477	2192376925	365900
16889146675	690974	19	8	693108	10505222	2016512	8488710	2192404385	365900
16889705819	690974	22	8	693108	10505507	2016557	8488950	2192432089	365900
16890200657	690974	17	8	693108	10505785	2016609	8489176	2192460310	365900
16890598827	690974	19	8	693108	10506038	2016648	8489390	2192486634	365900
16891055083	690974	16	8	693108	10506307	2016687	8489620	2192513446	365900
16891553044	690974	17	8	693108	10506577	2016730	8489847	2192540215	365900
16891776643	690974	16	8	693108	10506835	2016769	8490066	2192566787	365900
16892220632	690974	13	8	693108	10507107	2016810	8490297	2192593475	365900
16892645539	690974	12	8	693108	10507360	2016850	8490510	2192618533	365900
16893175738	690974	14	8	693108	10507606	2016884	8490722	2192643417	365900
16893647021	690974	13	8	693108	10507859	2016926	8490933	2192668627	365900
16894093948	690974	17	8	693108	10508127	2016978	8491149	2192694821	365900
16894463864	690974	16	8	693108	10508373	2017007	8491366	2192719662	365900
16894847526	690974	17	8	693108	10508622	2017045	8491577	2192744711	365900
16895373909	690974	17	8	693108	10508885	2017092	8491793	2192770378	365900
16895815801	690974	19	8	693108	10509129	2017130	8491999	2192795365	365900
16896118147	690974	17	8	693108	10509373	2017167	8492206	2192820424	365900
16896598933	690974	19	8	693108	10509620	2017201	8492419	2192845261	365900
16896926133	690974	16	8	693108	10509864	2017237	8492627	2192870261	365900
16897151942	690974	19	8	693108	10510126	2017289	8492837	2192896510	365900
16897487314	690974	17	8	693108	10510359	2017321	8493038	2192920721	365900
16897957414	690974	15	8	693108	10510605	2017357	8493248	2192945592	365900
16898577953	690974	16	8	693108	10510855	2017398	8493457	2192970581	365900
16899123241	690974	17	8	693108	10511113	2017439	8493674	2192996851	365900
16899494397	690974	15	8	693108	10511354	2017479	8493875	2193020854	365900
16899984651	690974	12	8	693108	10511605	2017519	8494086	2193046214	365900
16900278433	690974	12	8	693108	10511839	2017553	8494286	2193070120	365900
16900773297	690974	13	8	693108	10512099	2017595	8494504	2193096157	365900
16901111115	690974	14	8	693108	10512332	2017634	8494698	2193120360	365900
16901441893	690974	14	8	693108	10512589	2017670	8494919	2193145627	365900
16901974736	690974	19	8	693108	10512865	2017714	8495151	2193171982	365900
16902427997	690974	17	8	693108	10513118	2017741	8495377	2193197498	365900
16902886699	690974	18	8	693108	10513379	2017779	8495600	2193223756	365900
16903304348	690974	16	8	693108	10513632	2017820	8495812	2193248944	365900
16903854648	690974	16	8	693108	10513879	2017860	8496019	2193273947	365900
16904270227	690974	17	8	693108	10514115	2017896	8496219	2193297761	365900
16904587889	690974	15	8	693108	10514355	2017928	8496427	2193322695	365900
16905120890	690974	21	8	693108	10514616	2017971	8496645	2193348213	365900
16905393250	690974	17	8	693108	10514861	2018010	8496851	2193373278	365900
16905935880	690974	19	8	693108	10515113	2018046	8497067	2193398320	365900
16906204053	690975	13	8	693109	10515360	2018074	8497286	2193467588	365899
16906644660	690975	17	8	693109	10515618	2018113	8497505	2193493479	365899
16907211262	690975	15	8	693109	10515864	2018152	8497712	2193518306	365899
16907565098	690975	14	8	693109	10516115	2018188	8497927	2193543902	365899
16907959823	690975	14	8	693109	10516356	2018223	8498133	2193568362	365899
16908353268	690975	17	8	693109	10516608	2018259	8498349	2193593869	365899
16908772071	690975	16	8	693109	10516850	2018291	8498559	2193618741	365899
16909110590	690975	19	8	693109	10517088	2018332	8498756	2193643352	365899
16909660340	690975	14	8	693109	10517347	2018365	8498982	2193668827	365899
16910091352	690975	17	8	693109	10517603	2018399	8499204	2193694206	365899
16910532835	690975	18	8	693109	10517839	2018438	8499401	2193718795	365899
16911266817	690975	17	8	693109	10518100	2018479	8499621	2193744298	365899
16911659840	690975	20	8	693109	10518373	2018520	8499853	2193770290	365899
16912016853	690975	18	8	693109	10518638	2018563	8500075	2193796558	365899
16912414084	690975	15	8	693109	10518894	2018600	8500294	2193822091	365899
16912780578	690975	16	8	693109	10519149	2018640	8500509	2193847472	365899
16913250937	690975	17	8	693109	10519406	2018684	8500722	2193872911	365899
16913631511	690975	12	8	693109	10519651	2018720	8500931	2193898118	365899
16914095763	690975	14	8	693109	10519912	2018760	8501152	2193924043	365899
16914662893	690975	16	8	693109	10520162	2018805	8501357	2193949101	365899
16915261006	690975	15	8	693109	10520424	2018844	8501580	2193975000	365899
16915828300	690975	17	8	693109	10520681	2018880	8501801	2194000559	365899
16916240325	690975	14	8	693109	10520914	2018914	8502000	2194024890	365899
16916650229	690976	19	8	693110	10521177	2018959	8502218	2194053507	365899
16917022465	690976	16	8	693110	10521420	2018996	8502424	2194078532	365899
16917538470	690976	21	8	693110	10521667	2019030	8502637	2194103597	365899
16917768727	690976	18	8	693110	10521891	2019061	8502830	2194127131	365899
16918076454	690977	17	8	693111	10522149	2019100	8503049	2194153065	365899
16918463568	690977	17	8	693111	10522418	2019152	8503266	2194178631	365899
16918976790	690977	19	8	693111	10522667	2019190	8503477	2194204384	365899
16919454422	690977	15	8	693111	10522905	2019227	8503678	2194228285	365899
16919901494	690977	17	8	693111	10523163	2019270	8503893	2194254451	365899
16920486443	690977	13	8	693111	10523413	2019307	8504106	2194279282	365899
16920953659	690977	12	8	693111	10523657	2019339	8504318	2194304474	365899
16921285451	690977	12	8	693111	10523894	2019371	8504523	2194328273	365899
16921810880	690977	14	8	693111	10524150	2019418	8504732	2194353638	365899
16922216447	690977	14	8	693111	10524396	2019465	8504931	2194378414	365899
16922664010	690977	17	8	693111	10524657	2019509	8505148	2194404783	365899
16923029350	690977	15	8	693111	10524896	2019540	8505356	2194428859	365899
16923681261	690977	19	8	693111	10525167	2019571	8505596	2194455347	365899
16924057405	690977	18	8	693111	10525415	2019614	8505801	2194479781	365899
16924507599	690977	14	8	693111	10525680	2019665	8506015	2194506850	365899
16924924422	690977	14	8	693111	10525928	2019702	8506226	2194531465	365899
16925453067	690977	16	8	693111	10526195	2019750	8506445	2194557982	365899
16925868940	690977	18	8	693111	10526444	2019791	8506653	2194583009	365899
16926255952	690977	16	8	693111	10526709	2019828	8506881	2194608742	365899
16926575700	690977	17	8	693111	10526969	2019876	8507093	2194634776	365899
16927009596	690977	15	8	693111	10527211	2019906	8507305	2194658989	365899
16927405338	690977	16	8	693111	10527457	2019941	8507516	2194684420	365899
16927714305	690977	14	8	693111	10527701	2019986	8507715	2194709439	365899
16928098094	690977	15	8	693111	10527947	2020023	8507924	2194734479	365899
16928496815	690977	18	8	693111	10528201	2020055	8508146	2194760005	365899
16928972044	690977	15	8	693111	10528446	2020094	8508352	2194784856	365899
16929478007	690977	14	8	693111	10528699	2020132	8508567	2194810535	365899
16929792406	690977	15	8	693111	10528947	2020164	8508783	2194835455	365899
16930243618	690977	15	8	693111	10529207	2020212	8508995	2194861361	365899
16930724333	690977	18	8	693111	10529463	2020250	8509213	2194886768	365899
16931017784	690977	15	8	693111	10529699	2020289	8509410	2194911380	365899
16931418855	690977	13	8	693111	10529953	2020333	8509620	2194936650	365899
16931919944	690977	13	8	693111	10530205	2020371	8509834	2194962047	365899
16932498261	690977	15	8	693111	10530459	2020406	8510053	2194987024	365899
16933037768	690977	14	8	693111	10530724	2020446	8510278	2195013391	365899
16933524121	690977	14	8	693111	10530965	2020476	8510489	2195037611	365899
16934012587	690979	15	8	693113	10531225	2020516	8510709	2195063717	365898
16934395276	690979	19	8	693113	10531466	2020550	8510916	2195088768	365898
16934924374	690979	14	8	693113	10531715	2020591	8511124	2195113949	365898
16935471022	690979	19	8	693113	10531976	2020627	8511349	2195139632	365898
16936113597	690979	15	8	693113	10532230	2020666	8511564	2195165114	365898
16936495665	690979	18	8	693113	10532485	2020709	8511776	2195190689	365898
16936959516	690979	15	8	693113	10532732	2020747	8511985	2195216174	365898
16937433655	690979	14	8	693113	10532985	2020787	8512198	2195240939	365898
16937929005	690979	18	8	693113	10533232	2020822	8512410	2195265846	365898
16938604482	690979	14	8	693113	10533475	2020850	8512625	2195291031	365898
16938952899	690979	16	8	693113	10533719	2020887	8512832	2195315906	365898
16939493807	690979	16	8	693113	10533973	2020926	8513047	2195341177	365898
16939848796	690979	14	8	693113	10534220	2020966	8513254	2195366477	365898
16940349252	690979	19	8	693113	10534486	2021005	8513481	2195391954	365898
16940722978	690979	16	8	693113	10534767	2021046	8513721	2195419130	365898
16941337307	690979	20	8	693113	10535027	2021083	8513944	2195444769	365898
16941624871	690979	16	8	693113	10535283	2021128	8514155	2195470516	365898
16941920658	690979	18	8	693113	10535536	2021164	8514372	2195495984	365898
16942254548	690979	16	8	693113	10535799	2021207	8514592	2195521888	365898
16942579201	690979	16	8	693113	10536050	2021241	8514809	2195547312	365898
16943012677	690979	17	8	693113	10536313	2021283	8515030	2195573043	365898
16943621951	690979	17	8	693113	10536558	2021322	8515236	2195598314	365898
16944166845	690979	13	8	693113	10536818	2021370	8515448	2195623893	365898
16944429606	690979	15	8	693113	10537061	2021411	8515650	2195648821	365898
16944890499	690979	15	8	693113	10537311	2021447	8515864	2195673969	365898
16945263678	690979	16	8	693113	10537562	2021487	8516075	2195699529	365898
16945583581	690979	16	8	693113	10537815	2021528	8516287	2195724670	365898
16946087359	690979	17	8	693113	10538079	2021569	8516510	2195750385	365898
16946514800	690979	16	8	693113	10538328	2021606	8516722	2195776089	365898
16946820409	690979	19	8	693113	10538591	2021648	8516943	2195801890	365898
16947194410	690979	16	8	693113	10538853	2021701	8517152	2195827658	365898
16947532849	690979	19	8	693113	10539099	2021745	8517354	2195852918	365898
16947904209	690979	16	8	693113	10539346	2021783	8517563	2195877706	365898
16948342819	690979	15	8	693113	10539611	2021820	8517791	2195903974	365898
16948719276	690979	15	8	693113	10539867	2021863	8518004	2195929201	365898
16949028243	690979	16	8	693113	10540123	2021906	8518217	2195955019	365898
16949479114	690979	15	8	693113	10540365	2021948	8518417	2195980225	365898
16949964340	690979	14	8	693113	10540616	2021992	8518624	2196005665	365898
16950469430	690979	16	8	693113	10540872	2022035	8518837	2196030788	365898
16951052257	690979	17	8	693113	10541133	2022073	8519060	2196056483	365898
16951368347	690979	19	8	693113	10541374	2022106	8519268	2196080950	365898
16951768022	690979	16	8	693113	10541618	2022142	8519476	2196106442	365898
16952175209	690979	16	8	693113	10541871	2022181	8519690	2196131749	365898
16952638202	690979	18	8	693113	10542124	2022221	8519903	2196157128	365898
16953085300	690979	18	8	693113	10542365	2022255	8520110	2196181810	365898
16953517421	690979	17	8	693113	10542616	2022288	8520328	2196206972	365898
16953827564	690979	13	8	693113	10542869	2022331	8520538	2196232417	365898
16954134295	690979	18	8	693113	10543125	2022365	8520760	2196257732	365898
16954756606	690979	16	8	693113	10543400	2022413	8520987	2196284252	365898
16955083040	690979	17	8	693113	10543642	2022457	8521185	2196309636	365898
16955385880	690979	15	8	693113	10543877	2022490	8521387	2196333792	365898
16955645508	690979	12	8	693113	10544113	2022530	8521583	2196358377	365898
16956051147	690979	18	8	693113	10544366	2022565	8521801	2196383495	365898
16956654342	690979	13	8	693113	10544620	2022607	8522013	2196408957	365898
16957059450	690979	13	8	693113	10544877	2022646	8522231	2196434956	365898
16957430877	690979	18	8	693113	10545134	2022687	8522447	2196460462	365898
16957982903	690979	18	8	693113	10545392	2022726	8522666	2196485955	365898
16958423557	690979	20	8	693113	10545650	2022772	8522878	2196511724	365898
16958884744	690979	18	8	693113	10545899	2022807	8523092	2196537197	365898
16959495492	690979	20	8	693113	10546159	2022856	8523303	2196563060	365898
16960004445	690979	15	8	693113	10546412	2022896	8523516	2196588247	365898
16960503279	690979	16	8	693113	10546681	2022944	8523737	2196614711	365898
16960929281	690979	14	8	693113	10546930	2022990	8523940	2196639599	365898
16961421257	690979	15	8	693113	10547178	2023027	8524151	2196664984	365898
16961818603	690979	17	8	693113	10547417	2023062	8524355	2196689342	365898
16962472656	690979	14	8	693113	10547664	2023101	8524563	2196714341	365898
16962847385	690979	15	8	693113	10547910	2023142	8524768	2196739225	365898
16963412811	690979	14	8	693113	10548165	2023179	8524986	2196764694	365898
16963810986	690979	19	8	693113	10548412	2023209	8525203	2196789765	365898
16964150377	690979	16	8	693113	10548647	2023238	8525409	2196814219	365898
16964676408	690979	17	8	693113	10548911	2023279	8525632	2196840291	365898
16965141426	690979	17	8	693113	10549176	2023318	8525858	2196865953	365898
16965672531	690979	17	8	693113	10549443	2023359	8526084	2196892019	365898
16966061986	690979	15	8	693113	10549679	2023387	8526292	2196916753	365898
16966560734	690979	16	8	693113	10549938	2023432	8526506	2196942635	365898
16966951271	690979	16	8	693113	10550180	2023471	8526709	2196967285	365898
16967596805	690979	12	8	693113	10550425	2023506	8526919	2196991903	365898
16967964965	690979	17	8	693113	10550675	2023540	8527135	2197017044	365898
16968236268	690979	14	8	693113	10550925	2023583	8527342	2197042219	365898
16968690519	690980	15	8	693114	10551170	2023624	8527546	2197067595	365897
16969187427	690980	19	8	693114	10551422	2023665	8527757	2197092812	365897
16969881081	690980	18	8	693114	10551676	2023700	8527976	2197118357	365897
16970382877	690980	16	8	693114	10551925	2023739	8528186	2197143285	365897
16970865758	690980	18	8	693114	10552194	2023777	8528417	2197169729	365897
16971276281	690980	18	8	693114	10552447	2023816	8528631	2197194831	365897
16971831187	690980	14	8	693114	10552701	2023860	8528841	2197220571	365897
16972220695	690980	17	8	693114	10552951	2023893	8529058	2197245505	365897
16972801523	690980	16	8	693114	10553201	2023930	8529271	2197271144	365897
16973108767	690980	15	8	693114	10553468	2023985	8529483	2197297086	365897
16973411358	690980	14	8	693114	10553724	2024033	8529691	2197322923	365897
16974186084	690980	16	8	693114	10553981	2024070	8529911	2197347894	365897
16974647629	690980	14	8	693114	10554235	2024103	8530132	2197373463	365897
16974941761	690980	16	8	693114	10554489	2024141	8530348	2197398935	365897
16975514726	690980	19	8	693114	10554746	2024182	8530564	2197424028	365897
16975974872	690980	18	8	693114	10555007	2024223	8530784	2197449917	365897
16976498952	690980	15	8	693114	10555254	2024255	8530999	2197475239	365897
16977013655	690980	14	8	693114	10555511	2024294	8531217	2197500531	365897
16977500830	690980	16	8	693114	10555776	2024332	8531444	2197526587	365897
16977848259	690980	19	8	693114	10556032	2024368	8531664	2197551968	365897
16978228570	690980	17	8	693114	10556289	2024411	8531878	2197578104	365897
16978582174	690980	17	8	693114	10556540	2024447	8532093	2197603266	365897
16978952249	690980	15	8	693114	10556785	2024490	8532295	2197628502	365897
16979330376	690980	19	8	693114	10557044	2024528	8532516	2197653901	365897
16979716620	690980	16	8	693114	10557296	2024569	8532727	2197679761	365897
16980173416	690980	16	8	693114	10557540	2024605	8532935	2197704316	365897
16980541940	690980	14	8	693114	10557791	2024643	8533148	2197729904	365897
16981015067	690980	15	8	693114	10558037	2024681	8533356	2197754917	365897
16981456436	690980	14	8	693114	10558281	2024719	8533562	2197779494	365897
16982017596	690980	17	8	693114	10558540	2024760	8533780	2197805193	365897
16982613397	690980	18	8	693114	10558800	2024791	8534009	2197830760	365897
16983167716	690980	16	8	693114	10559059	2024832	8534227	2197856520	365897
16983587857	690980	19	8	693114	10559300	2024865	8534435	2197881238	365897
16984003370	690980	17	8	693114	10559564	2024908	8534656	2197907296	365897
16984428682	690980	17	8	693114	10559816	2024946	8534870	2197932746	365897
16984900011	690980	17	8	693114	10560050	2024976	8535074	2197956827	365897
16985318105	690980	17	8	693114	10560304	2025014	8535290	2197982580	365897
16985653468	690980	17	8	693114	10560542	2025047	8535495	2198006838	365897
16986223113	690980	14	8	693114	10560807	2025096	8535711	2198032886	365897
16986645626	690980	17	8	693114	10561060	2025135	8535925	2198057973	365897
16987069510	690980	14	8	693114	10561304	2025164	8536140	2198082600	365897
16987652499	690980	15	8	693114	10561559	2025201	8536358	2198108119	365897
16987936505	690980	15	8	693114	10561802	2025244	8536558	2198132977	365897
16988603407	690980	16	8	693114	10562074	2025292	8536782	2198159046	365897
16989014253	690980	14	8	693114	10562322	2025327	8536995	2198184036	365897
16989587412	690980	15	8	693114	10562574	2025362	8537212	2198209394	365897
16989972577	690980	17	8	693114	10562826	2025397	8537429	2198234760	365897
16990473832	690980	17	8	693114	10563079	2025440	8537639	2198260561	365897
16990889526	690980	19	8	693114	10563324	2025486	8537838	2198285183	365897
16991386603	690980	19	8	693114	10563586	2025529	8538057	2198310899	365897
16992010251	690980	16	8	693114	10563816	2025558	8538258	2198334654	365897
16992360669	690980	17	8	693114	10564066	2025593	8538473	2198360153	365897
16992800587	690980	20	8	693114	10564325	2025628	8538697	2198385706	365897
16993175390	690980	15	8	693114	10564570	2025666	8538904	2198410473	365897
16993738303	690980	16	8	693114	10564814	2025696	8539118	2198435410	365897
16994182160	690980	19	8	693114	10565069	2025740	8539329	2198461004	365897
16994460727	690980	15	8	693114	10565309	2025779	8539530	2198485920	365897
16994949773	690980	14	8	693114	10565557	2025816	8539741	2198510478	365897
16995307052	690980	11	8	693114	10565793	2025855	8539938	2198535075	365897
16995720769	690980	14	8	693114	10566043	2025894	8540149	2198560160	365897
16996154718	690980	12	8	693114	10566283	2025932	8540351	2198584524	365897
16996436457	690980	15	8	693114	10566521	2025966	8540555	2198608881	365897
16996693651	690980	15	8	693114	10566773	2026010	8540763	2198634291	365897
16997118265	690980	17	8	693114	10567014	2026052	8540962	2198659241	365897
16997510777	690980	16	8	693114	10567261	2026086	8541175	2198683761	365897
16997915973	690980	17	8	693114	10567517	2026125	8541392	2198709240	365897
16998423564	690980	18	8	693114	10567774	2026169	8541605	2198734826	365897
16998870173	690980	19	8	693114	10568034	2026209	8541825	2198761010	365897
16999300136	690980	16	8	693114	10568286	2026251	8542035	2198786574	365897
16999727298	690980	16	8	693114	10568535	2026294	8542241	2198812102	365897
17000234340	690980	17	8	693114	10568805	2026343	8542462	2198838017	365897
17000505367	690980	13	8	693114	10569044	2026386	8542658	2198862790	365897
17000896043	690980	15	8	693114	10569289	2026418	8542871	2198887763	365897
17001356962	690980	15	8	693114	10569552	2026454	8543098	2198913700	365897
17001811394	690980	14	8	693114	10569799	2026498	8543301	2198938656	365897
17002133777	690980	12	8	693114	10570053	2026536	8543517	2198963965	365897
17002646821	690980	16	8	693114	10570314	2026572	8543742	2198989345	365897
17003010578	690981	19	8	693115	10570567	2026613	8543954	2199027103	365896
17003513572	690981	18	8	693115	10570810	2026646	8544164	2199052005	365896
17003978407	690981	18	8	693115	10571070	2026681	8544389	2199078119	365896
17004437831	690981	15	8	693115	10571311	2026717	8544594	2199102579	365896
17004765626	690981	16	8	693115	10571555	2026754	8544801	2199127729	365896
17005213064	690981	20	8	693115	10571806	2026797	8545009	2199152833	365896
17005652606	690981	17	8	693115	10572055	2026837	8545218	2199178155	365896
17006104088	690981	20	8	693115	10572311	2026875	8545436	2199203461	365896
17006583356	690981	17	8	693115	10572578	2026925	8545653	2199229600	365896
17006882649	690981	17	8	693115	10572827	2026961	8545866	2199254910	365896
17007251631	690981	17	8	693115	10573081	2026995	8546086	2199280389	365896
17007598755	690981	14	8	693115	10573343	2027041	8546302	2199306191	365896
17008021606	690981	14	8	693115	10573603	2027073	8546530	2199331769	365896
17008591123	690981	17	8	693115	10573847	2027100	8546747	2199356526	365896
17008948688	690981	15	8	693115	10574097	2027140	8546957	2199381896	365896
17009528248	690981	15	8	693115	10574350	2027179	8547171	2199407138	365896
17010063715	690981	15	8	693115	10574611	2027222	8547389	2199433070	365896
17010686777	690981	17	8	693115	10574872	2027258	8547614	2199458856	365896
17011199757	690981	17	8	693115	10575120	2027295	8547825	2199484271	365896
17011758895	690981	15	8	693115	10575389	2027335	8548054	2199510469	365896
17012273350	690981	18	8	693115	10575661	2027386	8548275	2199536841	365896
17012694610	690981	15	8	693115	10575940	2027440	8548500	2199563521	365896
17013154153	690981	16	8	693115	10576195	2027481	8548714	2199588507	365896
17013490818	690981	18	8	693115	10576444	2027522	8548922	2199614079	365896
17013959189	690981	16	8	693115	10576679	2027553	8549126	2199638595	365896
17014481507	690981	14	8	693115	10576940	2027595	8549345	2199664264	365896
17015001516	690981	19	8	693115	10577198	2027632	8549566	2199689850	365896
17015286649	690981	17	8	693115	10577443	2027674	8549769	2199714959	365896
17015757012	690981	16	8	693115	10577693	2027711	8549982	2199739740	365896
17016095241	690981	17	8	693115	10577933	2027743	8550190	2199764028	365896
17016484509	690981	20	8	693115	10578187	2027792	8550395	2199789951	365896
17016767953	690981	13	8	693115	10578424	2027830	8550594	2199814391	365896
17017122271	690981	18	8	693115	10578667	2027867	8550800	2199839542	365896
17017350235	690981	14	8	693115	10578912	2027911	8551001	2199864246	365896
17017763852	690981	18	8	693115	10579164	2027954	8551210	2199889775	365896
17018355458	690981	17	8	693115	10579411	2027990	8551421	2199914562	365896
17018764556	690981	18	8	693115	10579663	2028034	8551629	2199940466	365896
17019267916	690981	16	8	693115	10579915	2028071	8551844	2199965215	365896
17019762517	690981	16	8	693115	10580151	2028105	8552046	2199990071	365896
17020136870	690981	18	8	693115	10580406	2028139	8552267	2200014899	365896
17020594641	690981	18	8	693115	10580672	2028178	8552494	2200041319	365896
17021080364	690981	16	8	693115	10580920	2028212	8552708	2200066006	365896
17021672988	690981	17	8	693115	10581180	2028253	8552927	2200091955	365896
17022063064	690981	16	8	693115	10581434	2028298	8553136	2200116763	365896
17022397669	690981	15	8	693115	10581694	2028337	8553357	2200142900	365896
17022835801	690981	18	8	693115	10581950	2028372	8553578	2200168002	365896
17023271487	690981	14	8	693115	10582184	2028401	8553783	2200192884	365896
17023684208	690981	16	8	693115	10582446	2028441	8554005	2200218550	365896
17024145431	690981	17	8	693115	10582694	2028473	8554221	2200243495	365896
17024531751	690981	19	8	693115	10582943	2028509	8554434	2200269001	365896
17025101556	690981	17	8	693115	10583196	2028554	8554642	2200294402	365896
17025387665	690981	17	8	693115	10583445	2028588	8554857	2200319501	365896
17025858438	690981	17	8	693115	10583695	2028622	8555073	2200344727	365896
17026238053	690981	15	8	693115	10583922	2028650	8555272	2200368717	365896
17026557191	690981	14	8	693115	10584180	2028706	8555474	2200394573	365896
17026852238	690981	14	8	693115	10584421	2028743	8555678	2200418962	365896
17027232428	690981	15	8	693115	10584675	2028778	8555897	2200444765	365896
17027772741	690981	16	8	693115	10584920	2028812	8556108	2200469525	365896
17028266870	690981	15	8	693115	10585188	2028864	8556324	2200495718	365896
17028941984	690981	16	8	693115	10585460	2028904	8556556	2200521992	365896
17029597596	690981	16	8	693115	10585721	2028937	8556784	2200547966	365896
17030079270	690981	17	8	693115	10585968	2028972	8556996	2200573233	365896
17030442053	690981	17	8	693115	10586221	2029017	8557204	2200598373	365896
17030864958	690981	19	8	693115	10586476	2029061	8557415	2200624100	365896
17031246021	690982	17	8	693116	10586726	2029104	8557622	2200649464	365895
17031580808	690982	15	8	693116	10586978	2029143	8557835	2200674729	365895
17032107322	690982	18	8	693116	10587237	2029181	8558056	2200700594	365895
17032796693	690982	17	8	693116	10587507	2029223	8558284	2200726592	365895
17033339782	690982	14	8	693116	10587762	2029263	8558499	2200752170	365895
17033731635	690982	17	8	693116	10588017	2029302	8558715	2200777162	365895
17034014396	690982	17	8	693116	10588279	2029345	8558934	2200803403	365895
17034501064	690982	15	8	693116	10588528	2029387	8559141	2200828332	365895
17035100254	690982	14	8	693116	10588793	2029435	8559358	2200854606	365895
17035548841	690982	19	8	693116	10589063	2029486	8559577	2200880615	365895
17035971461	690982	13	8	693116	10589314	2029527	8559787	2200905829	365895
17036373440	690982	16	8	693116	10589577	2029570	8560007	2200931597	365895
17036938917	690982	14	8	693116	10589832	2029617	8560215	2200957422	365895
17037450682	690982	18	8	693116	10590111	2029660	8560451	2200983672	365895
17037681831	690982	14	8	693116	10590353	2029700	8560653	2201008693	365895
17038271708	690983	17	8	693117	10590623	2029741	8560882	2201038367	365895
17038692821	690983	16	8	693117	10590882	2029783	8561099	2201063846	365895
17039027618	690983	16	8	693117	10591145	2029834	8561311	2201090151	365895
17039478346	690983	19	8	693117	10591396	2029865	8561531	2201114625	365895
17039947385	690983	18	8	693117	10591659	2029912	8561747	2201140682	365895
17040399691	690983	17	8	693117	10591911	2029954	8561957	2201165631	365895
17040968748	690983	18	8	693117	10592174	2029992	8562182	2201191497	365895
17041420991	690983	19	8	693117	10592425	2030027	8562398	2201217106	365895
17041858658	690983	16	8	693117	10592677	2030069	8562608	2201242633	365895
17042363646	690983	12	8	693117	10592929	2030112	8562817	2201268165	365895
17042866314	690983	16	8	693117	10593188	2030159	8563029	2201293611	365895
17043200652	690983	14	8	693117	10593431	2030198	8563233	2201318746	365895
17043661678	690983	16	8	693117	10593685	2030236	8563449	2201343917	365895
17044030177	690983	14	8	693117	10593923	2030269	8563654	2201368317	365895
17044476445	690983	17	8	693117	10594178	2030308	8563870	2201393407	365895
17045149030	690983	15	8	693117	10594424	2030343	8564081	2201418114	365895
17045766360	690983	17	8	693117	10594672	2030384	8564288	2201443485	365895
17046196631	690986	16	8	693120	10594927	2030423	8564504	2201469005	365892
17046540841	690986	20	8	693120	10595192	2030461	8564731	2201494960	365892
17046972116	690986	16	8	693120	10595446	2030504	8564942	2201520446	365892
17047478628	690986	17	8	693120	10595708	2030547	8565161	2201546402	365892
17047960676	690986	13	8	693120	10595951	2030581	8565370	2201570902	365892
17048422891	690986	14	8	693120	10596186	2030613	8565573	2201595505	365892
17048732947	690986	15	8	693120	10596418	2030649	8565769	2201619681	365892
17049149039	690986	18	8	693120	10596673	2030695	8565978	2201645076	365892
17049465736	690986	16	8	693120	10596925	2030734	8566191	2201670260	365892
17049891733	690986	16	8	693120	10597173	2030772	8566401	2201695760	365892
17050370522	690986	16	8	693120	10597422	2030811	8566611	2201720538	365892
17051024366	690986	17	8	693120	10597685	2030850	8566835	2201746590	365892
17051424939	690986	15	8	693120	10597923	2030887	8567036	2201771081	365892
17052023864	690986	14	8	693120	10598180	2030927	8567253	2201796582	365892
17052476774	690986	16	8	693120	10598424	2030958	8567466	2201821386	365892
17052694123	690986	14	8	693120	10598673	2030996	8567677	2201846447	365892
17053102062	690986	16	8	693120	10598925	2031026	8567899	2201871908	365892
17053441900	690986	17	8	693120	10599170	2031063	8568107	2201896499	365892
17054026091	690986	15	8	693120	10599428	2031096	8568332	2201922442	365892
17054327355	690986	19	8	693120	10599676	2031127	8568549	2201947305	365892
17054762464	690986	18	8	693120	10599935	2031168	8568767	2201973367	365892
17055383237	690986	13	8	693120	10600188	2031211	8568977	2201998216	365892
17055637727	690986	15	8	693120	10600434	2031249	8569185	2202022546	365892
17056222247	690986	21	8	693120	10600698	2031291	8569407	2202048348	365892
17056656543	690986	16	8	693120	10600949	2031326	8569623	2202073834	365892
17057074169	690986	16	8	693120	10601215	2031354	8569861	2202099591	365892
17057725871	690986	17	8	693120	10601472	2031397	8570075	2202125640	365892
17058207177	690986	18	8	693120	10601757	2031453	8570304	2202152558	365892
17058450435	690986	17	8	693120	10601995	2031492	8570503	2202177568	365892
17059056101	690986	18	8	693120	10602243	2031528	8570715	2202203066	365892
17059480486	690986	14	8	693120	10602488	2031563	8570925	2202227204	365892
17059994733	690986	16	8	693120	10602729	2031589	8571140	2202251549	365892
17060550485	690986	16	8	693120	10602976	2031625	8571351	2202277123	365892
17060951413	690986	15	8	693120	10603232	2031669	8571563	2202302614	365892
17061317569	690986	15	8	693120	10603487	2031711	8571776	2202327837	365892
17061718047	690986	13	8	693120	10603729	2031741	8571988	2202353059	365892
17062140021	690986	15	8	693120	10603983	2031780	8572203	2202378107	365892
17062774357	690986	15	8	693120	10604235	2031825	8572410	2202403291	365892
17063026526	690986	17	8	693120	10604485	2031865	8572620	2202428880	365892
17063305254	690986	15	8	693120	10604726	2031899	8572827	2202453443	365892
17063730980	690986	18	8	693120	10604991	2031944	8573047	2202479611	365892
17064253754	690986	18	8	693120	10605239	2031977	8573262	2202504606	365892
17064582314	690987	15	8	693121	10605489	2032012	8573477	2202529956	365891
17065030334	690987	16	8	693121	10605739	2032050	8573689	2202555302	365891
17065403276	690987	17	8	693121	10605986	2032092	8573894	2202579715	365891
17065763581	690987	17	8	693121	10606238	2032130	8574108	2202605167	365891
17066266243	690987	15	8	693121	10606479	2032166	8574313	2202629749	365891
17066807846	690987	16	8	693121	10606750	2032203	8574547	2202655841	365891
17067313892	690988	17	8	693122	10606994	2032232	8574762	2202681027	365890
17067875680	690988	14	8	693122	10607249	2032272	8574977	2202706772	365890
17068161999	690988	15	8	693122	10607497	2032313	8575184	2202731568	365890
17068610577	690988	14	8	693122	10607745	2032343	8575402	2202756677	365890
17068953642	690988	17	8	693122	10607996	2032381	8575615	2202781982	365890
17069458762	690988	12	8	693122	10608232	2032417	8575815	2202806577	365890
17070014470	690988	14	8	693122	10608490	2032456	8576034	2202831855	365890
17070417825	690988	17	8	693122	10608746	2032499	8576247	2202857542	365890
17070818973	690988	17	8	693122	10608995	2032536	8576459	2202882697	365890
17071205627	690989	15	8	693123	10609254	2032588	8576666	2202908725	365889
17071851119	690989	17	8	693123	10609522	2032629	8576893	2202934342	365889
17072070802	690989	18	8	693123	10609784	2032668	8577116	2202960199	365889
17072620009	690989	19	8	693123	10610028	2032705	8577323	2202985191	365889
17073053196	690989	16	8	693123	10610282	2032746	8577536	2203010633	365889
17073595429	690989	17	8	693123	10610544	2032797	8577747	2203036495	365889
17073967580	690989	17	8	693123	10610781	2032825	8577956	2203061042	365889
17074452201	690989	16	8	693123	10611029	2032863	8578166	2203086022	365889
17074786494	690989	14	8	693123	10611274	2032905	8578369	2203111103	365889
17075213801	690989	15	8	693123	10611528	2032954	8578574	2203136363	365889
17075625564	690989	15	8	693123	10611760	2032984	8578776	2203160535	365889
17076022066	690989	13	8	693123	10612011	2033026	8578985	2203185750	365889
17076499905	690989	18	8	693123	10612272	2033071	8579201	2203211500	365889
17076966855	690989	15	8	693123	10612530	2033113	8579417	2203237038	365889
17077352930	690989	16	8	693123	10612771	2033154	8579617	2203261904	365889
17078034610	690989	15	8	693123	10613037	2033199	8579838	2203287906	365889
17078543384	690989	17	8	693123	10613284	2033232	8580052	2203313271	365889
17078863126	690989	16	8	693123	10613529	2033271	8580258	2203338120	365889
17079229038	690989	17	8	693123	10613784	2033311	8580473	2203364030	365889
17079806494	690989	19	8	693123	10614052	2033358	8580694	2203389684	365889
17080314960	690989	18	8	693123	10614299	2033389	8580910	2203414804	365889
17080837950	690989	15	8	693123	10614544	2033419	8581125	2203439585	365889
17081235057	690989	11	8	693123	10614791	2033454	8581337	2203464490	365889
17081602906	690989	18	8	693123	10615032	2033487	8581545	2203489181	365889
17081968114	690989	16	8	693123	10615270	2033525	8581745	2203513874	365889
17082289104	690989	14	8	693123	10615521	2033566	8581955	2203539421	365889
17082794762	690989	15	8	693123	10615778	2033603	8582175	2203564384	365889
17083170113	690989	16	8	693123	10616028	2033638	8582390	2203589713	365889
17083534927	690989	16	8	693123	10616279	2033678	8582601	2203615190	365889
17084002361	690989	15	8	693123	10616531	2033717	8582814	2203640521	365889
17084323102	690989	18	8	693123	10616784	2033757	8583027	2203666264	365889
17084752071	690989	17	8	693123	10617032	2033794	8583238	2203691182	365889
17085164245	690989	17	8	693123	10617283	2033831	8583452	2203716691	365889
17085596720	690989	16	8	693123	10617541	2033873	8583668	2203742202	365889
17085921281	690989	12	8	693123	10617783	2033905	8583878	2203767090	365889
17086427982	690989	15	8	693123	10618037	2033948	8584089	2203792066	365889
17086760281	690989	16	8	693123	10618281	2033982	8584299	2203816762	365889
17087214578	690989	16	8	693123	10618535	2034024	8584511	2203842639	365889
17087532387	690989	15	8	693123	10618773	2034057	8584716	2203867436	365889
17087929536	690989	17	8	693123	10619012	2034090	8584922	2203891959	365889
17088380534	690989	16	8	693123	10619256	2034122	8585134	2203916669	365889
17088801506	690989	18	8	693123	10619511	2034157	8585354	2203942099	365889
17089191126	690989	16	8	693123	10619757	2034196	8585561	2203967211	365889
17089575505	690989	17	8	693123	10619998	2034225	8585773	2203992134	365889
17090055878	690989	16	8	693123	10620249	2034260	8585989	2204017358	365889
17090449085	690989	17	8	693123	10620508	2034304	8586204	2204043137	365889
17090685144	690989	14	8	693123	10620739	2034342	8586397	2204067239	365889
17091140839	690989	13	8	693123	10620983	2034379	8586604	2204092035	365889
17091478608	690989	17	8	693123	10621248	2034422	8586826	2204117725	365889
17091859007	690989	18	8	693123	10621498	2034460	8587038	2204142954	365889
17092609734	690989	14	8	693123	10621754	2034495	8587259	2204168416	365889
17093106783	690989	20	8	693123	10622017	2034533	8587484	2204194112	365889
17093527290	690989	17	8	693123	10622267	2034576	8587691	2204219829	365889
17093938634	690989	17	8	693123	10622542	2034623	8587919	2204246339	365889
17094228374	690989	13	8	693123	10622778	2034658	8588120	2204270351	365889
17094607332	690989	19	8	693123	10623064	2034711	8588353	2204297719	365889
17094946514	690989	17	8	693123	10623305	2034743	8588562	2204322181	365889
17095328073	690989	17	8	693123	10623556	2034790	8588766	2204347816	365889
17096013722	690989	15	8	693123	10623804	2034822	8588982	2204372700	365889
17096521598	690989	14	8	693123	10624059	2034853	8589206	2204398138	365889
17096875140	690989	12	8	693123	10624300	2034883	8589417	2204422435	365889
17097494268	690989	14	8	693123	10624555	2034930	8589625	2204447854	365889
17097892386	690989	15	8	693123	10624798	2034969	8589829	2204472528	365889
17098267912	690989	15	8	693123	10625041	2035005	8590036	2204497121	365889
17098797008	690989	16	8	693123	10625298	2035047	8590251	2204523290	365889
17099274003	690989	16	8	693123	10625551	2035083	8590468	2204548160	365889
17099779555	690989	18	8	693123	10625804	2035122	8590682	2204573919	365889
17100279881	690989	20	8	693123	10626072	2035164	8590908	2204599964	365889
17100641547	690989	16	8	693123	10626313	2035189	8591124	2204624459	365889
17101074855	690989	19	8	693123	10626567	2035223	8591344	2204649996	365889
17101458086	690989	17	8	693123	10626815	2035259	8591556	2204674936	365889
17101912762	690989	17	8	693123	10627067	2035289	8591778	2204700144	365889
17102304661	690989	14	8	693123	10627324	2035330	8591994	2204725307	365889
17102652757	690989	15	8	693123	10627596	2035369	8592227	2204751725	365889
17102955954	690989	14	8	693123	10627846	2035407	8592439	2204776710	365889
17103277670	690989	16	8	693123	10628091	2035438	8592653	2204802211	365889
17103602431	690989	16	8	693123	10628335	2035476	8592859	2204826850	365889
17104033763	690989	13	8	693123	10628593	2035524	8593069	2204852446	365889
17104553682	690989	17	8	693123	10628858	2035563	8593295	2204878070	365889
17105124542	690989	19	8	693123	10629098	2035592	8593506	2204902661	365889
17105568406	690989	14	8	693123	10629344	2035627	8593717	2204927953	365889
17105886526	690989	16	8	693123	10629581	2035655	8593926	2204952318	365889
17106390946	690989	16	8	693123	10629840	2035693	8594147	2204977550	365889
17106797505	690989	16	8	693123	10630096	2035734	8594362	2205003267	365889
17107082516	690989	16	8	693123	10630330	2035764	8594566	2205027655	365889
17107482759	690989	16	8	693123	10630573	2035802	8594771	2205052067	365889
17108003755	690989	16	8	693123	10630816	2035834	8594982	2205076874	365889
17108355998	690989	17	8	693123	10631066	2035880	8595186	2205102585	365889
17108757729	690989	14	8	693123	10631315	2035912	8595403	2205127395	365889
17109232486	690989	15	8	693123	10631558	2035951	8595607	2205152566	365889
17109704504	690989	16	8	693123	10631798	2035976	8595822	2205177018	365889
17110293669	690989	16	8	693123	10632051	2036015	8596036	2205202584	365889
17110549942	690989	16	8	693123	10632289	2036045	8596244	2205227235	365889
17110998999	690989	14	8	693123	10632547	2036090	8596457	2205252900	365889
17111366911	690989	15	8	693123	10632798	2036127	8596671	2205277917	365889
17111729861	690989	16	8	693123	10633056	2036163	8596893	2205303520	365889
17112125644	690989	15	8	693123	10633307	2036200	8597107	2205328739	365889
17112601366	690989	16	8	693123	10633549	2036234	8597315	2205353105	365889
17113197959	690989	17	8	693123	10633788	2036264	8597524	2205377799	365889
17113663137	690989	18	8	693123	10634054	2036310	8597744	2205403785	365889
17114064923	690989	15	8	693123	10634301	2036352	8597949	2205428920	365889
17114414517	690989	15	8	693123	10634562	2036397	8598165	2205454608	365889
17114672894	690989	16	8	693123	10634804	2036435	8598369	2205479084	365889
17114886188	690989	16	8	693123	10635055	2036474	8598581	2205504409	365889
17115328287	690989	14	8	693123	10635304	2036513	8598791	2205529144	365889
17115742781	690989	16	8	693123	10635547	2036557	8598990	2205554406	365889
17116075959	690989	17	8	693123	10635801	2036602	8599199	2205579147	365889
17116328600	690989	18	8	693123	10636062	2036648	8599414	2205604972	365889
17116805392	690989	17	8	693123	10636312	2036688	8599624	2205630069	365889
17117157931	690989	19	8	693123	10636569	2036727	8599842	2205655732	365889
17117519405	690989	14	8	693123	10636819	2036773	8600046	2205680713	365889
17117909731	690989	17	8	693123	10637075	2036806	8600269	2205706229	365889
17118395480	690989	17	8	693123	10637321	2036846	8600475	2205730710	365889
17118799701	690989	16	8	693123	10637581	2036884	8600697	2205756733	365889
17119178666	690989	14	8	693123	10637825	2036923	8600902	2205781486	365889
17119638544	690989	16	8	693123	10638093	2036968	8601125	2205807194	365889
17120045043	690989	16	8	693123	10638349	2037005	8601344	2205832817	365889
17120373418	690989	15	8	693123	10638595	2037043	8601552	2205857765	365889
17120652996	690989	15	8	693123	10638835	2037075	8601760	2205882648	365889
17121100094	690989	17	8	693123	10639087	2037114	8601973	2205907705	365889
17121514014	690989	15	8	693123	10639335	2037156	8602179	2205932701	365889
17121902543	690989	16	8	693123	10639581	2037190	8602391	2205957835	365889
17122256132	690989	14	8	693123	10639834	2037233	8602601	2205983238	365889
17122740449	690989	18	8	693123	10640097	2037277	8602820	2206009588	365889
17123003390	690989	16	8	693123	10640330	2037304	8603026	2206033495	365889
17123441839	690989	15	8	693123	10640573	2037342	8603231	2206058621	365889
17123817075	690989	17	8	693123	10640829	2037378	8603451	2206083987	365889
17124262096	690989	13	8	693123	10641080	2037420	8603660	2206109684	365889
17124680579	690989	16	8	693123	10641329	2037453	8603876	2206134399	365889
17125158553	690989	14	8	693123	10641571	2037478	8604093	2206159291	365889
17125688728	690989	18	8	693123	10641829	2037521	8604308	2206184793	365889
17126100123	690989	18	8	693123	10642074	2037562	8604512	2206209811	365889
17126551316	690990	16	8	693124	10642332	2037596	8604736	2206235457	365888
17127002607	690990	17	8	693124	10642583	2037629	8604954	2206260784	365888
17127413775	690990	16	8	693124	10642834	2037669	8605165	2206286023	365888
17127826205	690990	18	8	693124	10643097	2037708	8605389	2206311881	365888
17128167562	690990	18	8	693124	10643338	2037744	8605594	2206336566	365888
17128746954	690990	17	8	693124	10643589	2037784	8605805	2206361874	365888
17129265426	690990	19	8	693124	10643848	2037824	8606024	2206387972	365888
17129728712	690990	14	8	693124	10644104	2037867	8606237	2206413680	365888
17130153441	690990	14	8	693124	10644350	2037907	8606443	2206438740	365888
17130541462	690990	15	8	693124	10644598	2037945	8606653	2206463710	365888
17130950048	690990	13	8	693124	10644832	2037980	8606852	2206487953	365888
17131469305	690990	14	8	693124	10645081	2038017	8607064	2206513045	365888
17131974588	690990	16	8	693124	10645346	2038059	8607287	2206538934	365888
17132364595	690990	19	8	693124	10645589	2038090	8607499	2206563609	365888
17132814528	690990	17	8	693124	10645827	2038123	8607704	2206588488	365888
17133211471	690990	15	8	693124	10646077	2038166	8607911	2206614070	365888
17133803773	690990	17	8	693124	10646339	2038205	8608134	2206639517	365888
17134136882	690990	18	8	693124	10646574	2038236	8608338	2206664646	365888
17134454565	690990	15	8	693124	10646814	2038273	8608541	2206688871	365888
17134782167	690990	13	8	693124	10647053	2038299	8608754	2206713522	365888
17135088787	690990	16	8	693124	10647288	2038332	8608956	2206737728	365888
17135508178	690990	17	8	693124	10647538	2038367	8609171	2206762613	365888
17135962490	690990	16	8	693124	10647791	2038404	8609387	2206788064	365888
17136314219	690990	17	8	693124	10648038	2038446	8609592	2206812963	365888
17136702511	690990	17	8	693124	10648282	2038484	8609798	2206838124	365888
17137012001	690990	15	8	693124	10648532	2038525	8610007	2206863595	365888
17137410671	690990	14	8	693124	10648783	2038561	8610222	2206888565	365888
17137889018	690990	14	8	693124	10649023	2038594	8610429	2206913366	365888
17138284613	690990	17	8	693124	10649284	2038633	8610651	2206938773	365888
17138905173	690990	13	8	693124	10649535	2038673	8610862	2206963949	365888
17139471786	690990	20	8	693124	10649784	2038711	8611073	2206988868	365888
17139739791	690990	16	8	693124	10650015	2038742	8611273	2207013206	365888
17140260039	690990	17	8	693124	10650273	2038777	8611496	2207039087	365888
17140565247	690990	17	8	693124	10650516	2038821	8611695	2207063696	365888
17140924335	690990	16	8	693124	10650767	2038859	8611908	2207089366	365888
17141273261	690990	15	8	693124	10651017	2038900	8612117	2207114365	365888
17141686021	690990	15	8	693124	10651280	2038940	8612340	2207140536	365888
17142212840	690990	17	8	693124	10651530	2038982	8612548	2207165583	365888
17142669247	690990	18	8	693124	10651785	2039018	8612767	2207190721	365888
17143110941	690990	17	8	693124	10652033	2039051	8612982	2207215628	365888
17143559505	690990	19	8	693124	10652291	2039093	8613198	2207241327	365888
17143989279	690990	16	8	693124	10652544	2039142	8613402	2207266989	365888
17144545874	690990	13	8	693124	10652790	2039178	8613612	2207292221	365888
17144970540	690990	18	8	693124	10653058	2039217	8613841	2207317942	365888
17145343280	690990	16	8	693124	10653310	2039256	8614054	2207343581	365888
17145783520	690990	15	8	693124	10653561	2039293	8614268	2207368340	365888
17146300551	690990	15	8	693124	10653802	2039328	8614474	2207393107	365888
17146752940	690990	16	8	693124	10654048	2039366	8614682	2207417802	365888
17147253545	690990	19	8	693124	10654309	2039409	8614900	2207443979	365888
17147836364	690990	18	8	693124	10654565	2039453	8615112	2207469515	365888
17148520545	690990	16	8	693124	10654809	2039486	8615323	2207494598	365888
17148998627	690990	18	8	693124	10655079	2039531	8615548	2207520682	365888
17149587778	690990	16	8	693124	10655326	2039560	8615766	2207545710	365888
17150191156	690990	15	8	693124	10655587	2039599	8615988	2207571745	365888
17150615903	690990	16	8	693124	10655835	2039642	8616193	2207596620	365888
17151024734	690990	16	8	693124	10656095	2039684	8616411	2207622533	365888
17151505861	690990	17	8	693124	10656337	2039726	8616611	2207647405	365888
17152000231	690990	14	8	693124	10656588	2039765	8616823	2207673004	365888
17152370016	690990	19	8	693124	10656843	2039801	8617042	2207698344	365888
17152816532	690990	14	8	693124	10657087	2039842	8617245	2207723484	365888
17153099599	690990	19	8	693124	10657332	2039879	8617453	2207748338	365888
17153340481	690990	17	8	693124	10657586	2039929	8617657	2207773471	365888
17153721341	690990	16	8	693124	10657829	2039966	8617863	2207798375	365888
17154155403	690990	17	8	693124	10658081	2040003	8618078	2207823435	365888
17154692773	690990	17	8	693124	10658342	2040043	8618299	2207849383	365888
17155044825	690990	16	8	693124	10658585	2040078	8618507	2207874100	365888
17155699426	690990	15	8	693124	10658860	2040129	8618731	2207900850	365888
17156269384	690991	14	8	693125	10659135	2040174	8618961	2207927232	365888
17156654125	690991	17	8	693125	10659384	2040209	8619175	2207952253	365888
17157063578	690992	16	8	693126	10659643	2040248	8619395	2207977728	365887
17157572589	690992	17	8	693126	10659912	2040299	8619613	2208003800	365887
17158040441	690992	16	8	693126	10660163	2040337	8619826	2208029265	365887
17158397281	690992	17	8	693126	10660409	2040377	8620032	2208054367	365887
17158848862	690992	16	8	693126	10660657	2040412	8620245	2208079040	365887
17159288124	690992	19	8	693126	10660914	2040447	8620467	2208104470	365887
17159743228	690992	15	8	693126	10661172	2040491	8620681	2208130393	365887
17160077410	690992	15	8	693126	10661426	2040534	8620892	2208156014	365887
17160454410	690992	12	8	693126	10661663	2040563	8621100	2208180264	365887
17160921114	690992	17	8	693126	10661931	2040607	8621324	2208207069	365887
17161379981	690992	15	8	693126	10662190	2040650	8621540	2208232059	365887
17161882780	690992	15	8	693126	10662458	2040699	8621759	2208258469	365887
17162451527	690992	16	8	693126	10662697	2040738	8621959	2208282870	365887
17162948652	690992	16	8	693126	10662954	2040768	8622186	2208308364	365887
17163282184	690992	18	8	693126	10663203	2040808	8622395	2208333735	365887
17163717034	690992	17	8	693126	10663453	2040846	8622607	2208358862	365887
17164097926	690992	18	8	693126	10663701	2040876	8622825	2208383935	365887
17164435449	690992	17	8	693126	10663955	2040916	8623039	2208409732	365887
17164828706	690992	18	8	693126	10664212	2040959	8623253	2208435449	365887
17165124947	690992	19	8	693126	10664466	2040999	8623467	2208460793	365887
17165437058	690992	17	8	693126	10664720	2041040	8623680	2208486233	365887
17165844114	690992	17	8	693126	10664979	2041079	8623900	2208512009	365887
17166203393	690992	15	8	693126	10665230	2041125	8624105	2208537150	365887
17166654032	690993	18	8	693127	10665488	2041166	8624322	2208563135	365886
17167167505	690993	15	8	693127	10665741	2041210	8624531	2208588400	365886
17167672999	690993	17	8	693127	10666004	2041253	8624751	2208614324	365886
17168177261	690993	16	8	693127	10666263	2041296	8624967	2208639639	365886
17168620552	690993	15	8	693127	10666524	2041348	8625176	2208666016	365886
17169203778	690993	15	8	693127	10666775	2041389	8625386	2208690744	365886
17169625409	690993	19	8	693127	10667020	2041426	8625594	2208716146	365886
17170207672	690993	17	8	693127	10667274	2041467	8625807	2208741097	365886
17170645029	690993	16	8	693127	10667535	2041504	8626031	2208767328	365886
17171107785	690995	20	8	693129	10667790	2041544	8626246	2208792368	365884
17171465983	690995	16	8	693129	10668054	2041587	8626467	2208818672	365884
17172091506	690995	18	8	693129	10668307	2041629	8626678	2208844022	365884
17172372415	690995	14	8	693129	10668548	2041665	8626883	2208868702	365884
17172950767	690995	16	8	693129	10668805	2041698	8627107	2208893890	365884
17173334458	690995	15	8	693129	10669059	2041749	8627310	2208919437	365884
17173583584	690995	12	8	693129	10669287	2041783	8627504	2208943499	365884
17174103820	690995	12	8	693129	10669533	2041823	8627710	2208968295	365884
17174536374	690997	14	8	693131	10669774	2041858	8627916	2209026755	365883
17174809218	690997	17	8	693131	10670017	2041899	8628118	2209052014	365883
17175298818	690997	16	8	693131	10670266	2041932	8628334	2209076901	365883
17175806179	690997	12	8	693131	10670516	2041969	8628547	2209101736	365883
17176316498	690997	17	8	693131	10670777	2042017	8628760	2209127216	365883
17176920694	690997	17	8	693131	10671038	2042064	8628974	2209153048	365883
17177345346	690997	21	8	693131	10671301	2042109	8629192	2209179015	365883
17177854784	690998	19	8	693132	10671548	2042152	8629396	2209204151	365882
17178308426	690998	19	8	693132	10671795	2042180	8629615	2209227990	365882
17178720133	690998	19	8	693132	10672036	2042212	8629824	2209252200	365882
17179114152	690998	19	8	693132	10672261	2042252	8630009	2209275475	365882
17179400050	690998	14	8	693132	10672490	2042288	8630202	2209297540	365882
17179653840	690998	15	8	693132	10672711	2042322	8630389	2209319609	365882
17180113801	690998	13	8	693132	10672934	2042359	8630575	2209341646	365882
17180535636	690998	13	8	693132	10673159	2042404	8630755	2209364233	365882
17180837230	690998	13	8	693132	10673379	2042437	8630942	2209385804	365882
17181131073	690998	14	8	693132	10673595	2042466	8631129	2209407555	365882
17181493693	690998	17	8	693132	10673833	2042506	8631327	2209430536	365882
17181898298	690998	15	8	693132	10674044	2042531	8631513	2209452036	365882
17182182896	690998	14	8	693132	10674264	2042560	8631704	2209474411	365882
17182621124	690998	18	8	693132	10674494	2042588	8631906	2209496760	365882
17182867669	690998	17	8	693132	10674712	2042621	8632091	2209519187	365882
17183254359	690998	17	8	693132	10674936	2042659	8632277	2209541487	365882
17183557828	690998	14	8	693132	10675152	2042685	8632467	2209563220	365882
17183922864	690998	17	8	693132	10675372	2042715	8632657	2209585368	365882
17184155565	690998	15	8	693132	10675577	2042740	8632837	2209606366	365882
17184558579	690998	16	8	693132	10675797	2042767	8633030	2209628839	365882
17184827523	690998	14	8	693132	10676011	2042799	8633212	2209650285	365882
17185359537	690998	15	8	693132	10676247	2042836	8633411	2209673514	365882
17185557541	690998	16	8	693132	10676463	2042873	8633590	2209695085	365882
17185848739	690998	14	8	693132	10676684	2042904	8633780	2209717660	365882
17186170475	690998	16	8	693132	10676907	2042936	8633971	2209739743	365882
17186603009	690998	14	8	693132	10677128	2042971	8634157	2209762090	365882
17187002808	690998	16	8	693132	10677363	2043008	8634355	2209785268	365882
17187341304	690998	14	8	693132	10677585	2043043	8634542	2209807611	365882
17187732910	690998	16	8	693132	10677806	2043075	8634731	2209829853	365882
17188030266	690998	15	8	693132	10678024	2043105	8634919	2209852080	365882
17188517920	690998	14	8	693132	10678224	2043132	8635092	2209873281	365882
17188765668	690998	18	8	693132	10678452	2043172	8635280	2209895526	365882
17189119614	690998	13	8	693132	10678667	2043199	8635468	2209917580	365882
17189624468	690998	17	8	693132	10678897	2043232	8635665	2209939956	365882
17189891985	690998	12	8	693132	10679116	2043268	8635848	2209961858	365882
17190355130	690998	15	8	693132	10679358	2043301	8636057	2209985312	365882
17190617653	690998	15	8	693132	10679569	2043332	8636237	2210006677	365882
17191019862	690998	15	8	693132	10679792	2043363	8636429	2210029161	365882
17191331568	690998	17	8	693132	10680013	2043394	8636619	2210050926	365882
17192041397	690998	17	8	693132	10680225	2043422	8636803	2210072527	365882
17192356832	690998	17	8	693132	10680451	2043461	8636990	2210094956	365882
17192789290	690998	15	8	693132	10680663	2043494	8637169	2210116318	365882
17193296362	690998	20	8	693132	10680904	2043527	8637377	2210139469	365882
17193556769	690998	19	8	693132	10681127	2043565	8637562	2210162189	365882
17193968224	690998	16	8	693132	10681350	2043596	8637754	2210184663	365882
17194301226	690998	17	8	693132	10681576	2043631	8637945	2210207172	365882
17194719565	690998	14	8	693132	10681790	2043659	8638131	2210228946	365882
17195018882	690998	13	8	693132	10682010	2043696	8638314	2210251248	365882
17195411964	690998	12	8	693132	10682233	2043732	8638501	2210273310	365882
17195693123	690998	14	8	693132	10682441	2043756	8638685	2210294556	365882
17196001318	690998	16	8	693132	10682657	2043787	8638870	2210316397	365882
17196339831	690998	16	8	693132	10682874	2043819	8639055	2210338006	365882
17196952366	690998	13	8	693132	10683105	2043857	8639248	2210360824	365882
