bytes_written	total_items	curr_connections	threads	cmd_set	cmd_get	get_misses	get_hits	bytes_read
17074405181	672836	15	8	671363	11218205	1980968	9237237	1755635865	386351
17074768971	672836	15	8	671363	11218491	1981006	9237485	1755650433	386351
17075546915	672836	15	8	671363	11218793	1981055	9237738	1755666093	386351
17075995016	672836	16	8	671363	11219078	1981098	9237980	1755680861	386351
17076433748	672836	18	8	671363	11219365	1981138	9238227	1755695824	386351
17076827314	672836	18	8	671363	11219648	1981181	9238467	1755710403	386351
17077546384	672836	17	8	671363	11219932	1981212	9238720	1755725153	386351
17078076013	672836	20	8	671363	11220205	1981243	9238962	1755739047	386351
17078561643	672836	19	8	671363	11220513	1981284	9239229	1755754709	386351
17079067992	672836	22	8	671363	11220812	1981323	9239489	1755770131	386351
17079692014	672836	19	8	671363	11221103	1981364	9239739	1755785168	386351
17080203394	672836	20	8	671363	11221409	1981404	9240005	1755800756	386351
17080617760	672836	16	8	671363	11221704	1981449	9240255	1755816038	386351
17081136225	672836	19	8	671363	11222012	1981494	9240518	1755831864	386351
17081638142	672836	17	8	671363	11222287	1981527	9240760	1755846116	386351
17082257539	672836	14	8	671363	11222578	1981563	9241015	1755860947	386351
17082790065	672836	12	8	671363	11222829	1981590	9241239	1755873940	386351
17083245551	672836	15	8	671363	11223098	1981622	9241476	1755887739	386351
17083821521	672836	13	8	671363	11223366	1981656	9241710	1755901471	386351
17084198718	672836	17	8	671363	11223644	1981693	9241951	1755915783	386351
17084505761	672836	16	8	671363	11223898	1981733	9242165	1755929039	386351
17085070832	672836	18	8	671363	11224184	1981765	9242419	1755943403	386351
17085634338	672836	18	8	671363	11224450	1981801	9242649	1755957185	386351
17086162228	672836	19	8	671363	11224724	1981839	9242885	1755971378	386351
17086489829	672836	17	8	671363	11224999	1981885	9243114	1755985665	386351
17086780078	672836	19	8	671363	11225268	1981928	9243340	1755999676	386351
17087301829	672836	17	8	671363	11225537	1981962	9243575	1756013472	386351
17087726676	672836	20	8	671363	11225810	1981992	9243818	1756027408	386351
17088210858	672836	17	8	671363	11226074	1982028	9244046	1756041070	386351
17088851318	672836	16	8	671363	11226364	1982063	9244301	1756055759	386351
17089139097	672836	16	8	671363	11226613	1982092	9244521	1756068568	386351
17089702905	672836	17	8	671363	11226900	1982135	9244765	1756083500	386351
17090154129	672836	15	8	671363	11227148	1982169	9244979	1756096388	386351
17090606074	672836	14	8	671363	11227420	1982203	9245217	1756110299	386351
17091059324	672836	14	8	671363	11227700	1982244	9245456	1756124614	386351
17091585401	672836	14	8	671363	11227976	1982279	9245697	1756138953	386351
17092106330	672836	16	8	671363	11228242	1982312	9245930	1756152520	386351
17092513447	672836	16	8	671363	11228537	1982363	9246174	1756167745	386351
17092872113	672836	20	8	671363	11228823	1982408	9246415	1756182572	386351
17093239890	672836	18	8	671363	11229089	1982444	9246645	1756196331	386351
17093595052	672836	17	8	671363	11229352	1982481	9246871	1756210031	386351
17093923701	672836	17	8	671363	11229614	1982515	9247099	1756223552	386351
17094392058	672836	17	8	671363	11229881	1982551	9247330	1756237248	386351
17094649010	672836	19	8	671363	11230153	1982589	9247564	1756251173	386351
17095095766	672836	16	8	671363	11230433	1982634	9247799	1756265766	386351
17095479261	672836	21	8	671363	11230694	1982668	9248026	1756279331	386351
17095888996	672836	17	8	671363	11230948	1982701	9248247	1756292457	386351
17096394806	672836	19	8	671363	11231234	1982747	9248487	1756307288	386351
17096820301	672836	14	8	671363	11231507	1982790	9248717	1756321415	386351
17097418081	672836	17	8	671363	11231783	1982822	9248961	1756335565	386351
17097871610	672836	15	8	671363	11232068	1982864	9249204	1756350236	386351
17098367116	672836	15	8	671363	11232344	1982898	9249446	1756364321	386351
17099003200	672836	15	8	671363	11232608	1982935	9249673	1756377975	386351
17099632087	672836	17	8	671363	11232887	1982972	9249915	1756392421	386351
17100051260	672836	16	8	671363	11233163	1983014	9250149	1756406604	386351
17100569796	672836	20	8	671363	11233441	1983052	9250389	1756420821	386351
17101115358	672836	16	8	671363	11233719	1983095	9250624	1756435275	386351
17101650027	672836	18	8	671363	11233987	1983133	9250854	1756449192	386351
17102041043	672836	16	8	671363	11234249	1983173	9251076	1756462767	386351
17102516903	672836	18	8	671363	11234532	1983227	9251305	1756477502	386351
17103070507	672836	20	8	671363	11234822	1983265	9251557	1756492380	386351
17103584512	672836	18	8	671363	11235082	1983300	9251782	1756505926	386351
17103831837	672836	15	8	671363	11235344	1983342	9252002	1756519644	386351
17104324634	672836	16	8	671363	11235635	1983380	9252255	1756534288	386351
17104644806	672836	18	8	671363	11235896	1983410	9252486	1756547821	386351
17105101921	672836	12	8	671363	11236156	1983443	9252713	1756561237	386351
17105457739	672837	14	8	671364	11236427	1983484	9252943	1756575297	386350
17105818305	672837	15	8	671364	11236685	1983515	9253170	1756588543	386350
17106307454	672837	16	8	671364	11236967	1983546	9253421	1756602886	386350
17106675104	672837	17	8	671364	11237250	1983589	9253661	1756617399	386350
17107092990	672837	15	8	671364	11237497	1983616	9253881	1756630159	386350
17107529105	672838	19	8	671365	11237785	1983655	9254130	1756645271	386349
17107960334	672838	18	8	671365	11238049	1983690	9254359	1756658761	386349
17108461490	672838	21	8	671365	11238341	1983742	9254599	1756673886	386349
17108982842	672838	18	8	671365	11238615	1983781	9254834	1756688021	386349
17109649358	672838	19	8	671365	11238913	1983820	9255093	1756702999	386349
17109947463	672838	17	8	671365	11239169	1983847	9255322	1756716111	386349
17110683616	672838	19	8	671365	11239444	1983881	9255563	1756730326	386349
17111083243	672838	17	8	671365	11239711	1983922	9255789	1756744017	386349
17111614409	672838	17	8	671365	11239997	1983960	9256037	1756758740	386349
17111855872	672838	14	8	671365	11240249	1983995	9256254	1756771706	386349
17112213243	672838	14	8	671365	11240528	1984038	9256490	1756786121	386349
17112768484	672838	14	8	671365	11240794	1984080	9256714	1756799871	386349
17113024340	672838	15	8	671365	11241052	1984114	9256938	1756813268	386349
17113554213	672838	16	8	671365	11241320	1984150	9257170	1756826999	386349
17114091676	672838	17	8	671365	11241619	1984184	9257435	1756842247	386349
17114608726	672838	16	8	671365	11241881	1984221	9257660	1756855783	386349
17115086738	672838	19	8	671365	11242169	1984262	9257907	1756870657	386349
17115489860	672838	17	8	671365	11242425	1984294	9258131	1756883815	386349
17115874912	672838	14	8	671365	11242711	1984332	9258379	1756898426	386349
17116401993	672838	17	8	671365	11242978	1984364	9258614	1756912108	386349
17116881517	672838	16	8	671365	11243251	1984397	9258854	1756926225	386349
17117251686	672838	18	8	671365	11243528	1984438	9259090	1756940428	386349
17117638158	672838	17	8	671365	11243815	1984479	9259336	1756955061	386349
17117983206	672838	17	8	671365	11244066	1984511	9259555	1756968152	386349
17118460494	672838	17	8	671365	11244353	1984555	9259798	1756982850	386349
17118919192	672838	16	8	671365	11244629	1984587	9260042	1756997071	386349
17119403232	672838	15	8	671365	11244897	1984627	9260270	1757010837	386349
17119881828	672838	17	8	671365	11245182	1984669	9260513	1757025436	386349
17120536019	672838	17	8	671365	11245463	1984711	9260752	1757040102	386349
17120896131	672838	16	8	671365	11245729	1984744	9260985	1757053669	386349
17121146756	672838	16	8	671365	11246013	1984789	9261224	1757068425	386349
17121578066	672838	18	8	671365	11246280	1984824	9261456	1757082166	386349
17121951649	672838	17	8	671365	11246557	1984861	9261696	1757096450	386349
17122327538	672838	18	8	671365	11246826	1984899	9261927	1757110361	386349
17122882505	672838	16	8	671365	11247098	1984937	9262161	1757124284	386349
17123489856	672838	15	8	671365	11247384	1984979	9262405	1757138941	386349
17124073779	672838	15	8	671365	11247664	1985024	9262640	1757153482	386349
17124537709	672838	16	8	671365	11247928	1985061	9262867	1757167051	386349
17124814588	672838	14	8	671365	11248191	1985093	9263098	1757180760	386349
17125289907	672838	17	8	671365	11248467	1985133	9263334	1757194871	386349
17125705579	672838	16	8	671365	11248748	1985173	9263575	1757209405	386349
17126050245	672838	19	8	671365	11249021	1985212	9263809	1757223532	386349
17126359203	672838	14	8	671365	11249274	1985244	9264030	1757236549	386349
17127007060	672838	19	8	671365	11249572	1985294	9264278	1757251918	386349
17127423071	672838	16	8	671365	11249838	1985328	9264510	1757265659	386349
17127920429	672838	17	8	671365	11250124	1985369	9264755	1757280425	386349
17128239461	672838	16	8	671365	11250385	1985407	9264978	1757293966	386349
17128756299	672838	16	8	671365	11250652	1985441	9265211	1757307629	386349
17129054000	672838	18	8	671365	11250920	1985480	9265440	1757321574	386349
17129528245	672838	16	8	671365	11251193	1985516	9265677	1757335567	386349
17130169923	672838	16	8	671365	11251475	1985559	9265916	1757350085	386349
17130760434	672838	16	8	671365	11251730	1985595	9266135	1757363395	386349
17131236649	672838	15	8	671365	11251998	1985632	9266366	1757377312	386349
17131688845	672838	20	8	671365	11252277	1985678	9266599	1757391667	386349
17132134173	672840	17	8	671367	11252564	1985710	9266854	1757439739	386348
17132526617	672840	20	8	671367	11252843	1985746	9267097	1757454017	386348
17132855254	672840	17	8	671367	11253121	1985785	9267336	1757468255	386348
17133354637	672840	19	8	671367	11253398	1985829	9267569	1757482699	386348
17133693660	672840	17	8	671367	11253663	1985861	9267802	1757496371	386348
17134288797	672840	17	8	671367	11253955	1985900	9268055	1757511312	386348
17134646057	672840	17	8	671367	11254214	1985933	9268281	1757524655	386348
17135217725	672840	18	8	671367	11254500	1985982	9268518	1757539456	386348
17135673438	672840	13	8	671367	11254756	1986012	9268744	1757552693	386348
17136285264	672840	15	8	671367	11255041	1986053	9268988	1757567298	386348
17136697914	672840	15	8	671367	11255320	1986089	9269231	1757581612	386348
17137195241	672840	16	8	671367	11255593	1986121	9269472	1757595598	386348
17137696109	672840	15	8	671367	11255875	1986161	9269714	1757610071	386348
17138070826	672840	18	8	671367	11256153	1986201	9269952	1757624432	386348
17138415797	672840	16	8	671367	11256417	1986231	9270186	1757637944	386348
17138929473	672840	19	8	671367	11256704	1986274	9270430	1757652685	386348
17139523044	672840	16	8	671367	11256972	1986312	9270660	1757666598	386348
17140113659	672840	17	8	671367	11257246	1986353	9270893	1757680770	386348
17140495859	672840	17	8	671367	11257507	1986383	9271124	1757694267	386348
17140952432	672840	15	8	671367	11257780	1986423	9271357	1757708443	386348
17141352327	672840	16	8	671367	11258040	1986452	9271588	1757721705	386348
17141939688	672840	18	8	671367	11258308	1986479	9271829	1757735488	386348
17142355172	672840	15	8	671367	11258585	1986514	9272071	1757749592	386348
17142810500	672840	14	8	671367	11258859	1986549	9272310	1757763655	386348
17143188541	672840	17	8	671367	11259113	1986582	9272531	1757776757	386348
17143543174	672840	17	8	671367	11259393	1986621	9272772	1757791259	386348
17143975761	672840	19	8	671367	11259673	1986670	9273003	1757805741	386348
17144505346	672840	16	8	671367	11259949	1986706	9273243	1757819915	386348
17144837457	672840	16	8	671367	11260213	1986745	9273468	1757833569	386348
17145317934	672840	19	8	671367	11260487	1986778	9273709	1757847623	386348
17145826411	672840	18	8	671367	11260750	1986815	9273935	1757861330	386348
17146256571	672840	16	8	671367	11261024	1986859	9274165	1757875639	386348
17146719400	672840	14	8	671367	11261297	1986899	9274398	1757889763	386348
17147306059	672840	16	8	671367	11261574	1986943	9274631	1757904289	386348
17147685529	672840	17	8	671367	11261837	1986980	9274857	1757917887	386348
17148278758	672840	17	8	671367	11262119	1987019	9275100	1757932365	386348
17148648717	672840	15	8	671367	11262384	1987052	9275332	1757946002	386348
17149051562	672840	12	8	671367	11262654	1987089	9275565	1757959883	386348
17149736685	672840	19	8	671367	11262951	1987134	9275817	1757975099	386348
17150259407	672840	16	8	671367	11263218	1987168	9276050	1757988824	386348
17150558693	672840	17	8	671367	11263481	1987209	9276272	1758002552	386348
17150933625	672840	19	8	671367	11263752	1987247	9276505	1758016558	386348
17151399377	672840	18	8	671367	11264034	1987285	9276749	1758031108	386348
17151606012	672840	20	8	671367	11264288	1987310	9276978	1758044034	386348
17151908138	672840	18	8	671367	11264566	1987354	9277212	1758058436	386348
17152338105	672840	20	8	671367	11264828	1987382	9277446	1758071837	386348
17152611710	672840	17	8	671367	11265095	1987425	9277670	1758085559	386348
17153045261	672840	16	8	671367	11265358	1987450	9277908	1758099192	386348
17153495279	672840	16	8	671367	11265631	1987487	9278144	1758113171	386348
17153860181	672840	15	8	671367	11265919	1987532	9278387	1758128173	386348
17154202845	672840	17	8	671367	11266177	1987571	9278606	1758141454	386348
17154764344	672840	14	8	671367	11266447	1987611	9278836	1758155496	386348
17155209019	672840	18	8	671367	11266726	1987654	9279072	1758169883	386348
17155524502	672840	16	8	671367	11267002	1987687	9279315	1758183900	386348
17155995345	672840	18	8	671367	11267280	1987727	9279553	1758198353	386348
17156330085	672840	16	8	671367	11267540	1987761	9279779	1758211725	386348
17156611169	672840	18	8	671367	11267807	1987802	9280005	1758225616	386348
17157036535	672840	18	8	671367	11268075	1987841	9280234	1758239562	386348
17157486423	672840	17	8	671367	11268360	1987879	9280481	1758254153	386348
17157760496	672840	18	8	671367	11268632	1987923	9280709	1758268167	386348
17158172910	672840	16	8	671367	11268900	1987959	9280941	1758282046	386348
17158504315	672840	17	8	671367	11269171	1988001	9281170	1758296051	386348
17159014285	672840	14	8	671367	11269432	1988041	9281391	1758309588	386348
17159565897	672841	17	8	671368	11269718	1988077	9281641	1758324257	386347
17160139032	672841	15	8	671368	11269985	1988111	9281874	1758338112	386347
17160648332	672842	15	8	671369	11270272	1988158	9282114	1758353133	386347
17160934911	672842	18	8	671369	11270536	1988190	9282346	1758366697	386347
17161332896	672842	18	8	671369	11270798	1988218	9282580	1758380112	386347
17161715354	672842	17	8	671369	11271067	1988252	9282815	1758393863	386347
17161967970	672842	19	8	671369	11271346	1988296	9283050	1758408385	386347
17162467226	672842	19	8	671369	11271615	1988332	9283283	1758422270	386347
17162773797	672842	14	8	671369	11271887	1988376	9283511	1758436515	386347
17163132224	672842	18	8	671369	11272168	1988422	9283746	1758450975	386347
17163593462	672842	16	8	671369	11272449	1988460	9283989	1758465407	386347
17164175702	672844	17	8	671371	11272732	1988497	9284235	1758503975	386345
17164668676	672844	14	8	671371	11272996	1988535	9284461	1758517679	386345
17165097781	672844	17	8	671371	11273272	1988573	9284699	1758531657	386345
17165592588	672844	15	8	671371	11273549	1988616	9284933	1758546067	386345
17166043535	672844	17	8	671371	11273823	1988654	9285169	1758560208	386345
17166438122	672844	19	8	671371	11274096	1988694	9285402	1758574343	386345
17167050618	672844	18	8	671371	11274370	1988741	9285629	1758588641	386345
17167283686	672844	16	8	671371	11274641	1988780	9285861	1758602544	386345
17167565071	672844	16	8	671371	11274907	1988823	9286084	1758616334	386345
17168037781	672844	16	8	671371	11275168	1988852	9286316	1758629921	386345
17168463580	672844	20	8	671371	11275445	1988893	9286552	1758644315	386345
17168819465	672844	18	8	671371	11275715	1988928	9286787	1758658214	386345
17169200402	672844	17	8	671371	11275985	1988966	9287019	1758672100	386345
17169812193	672844	16	8	671371	11276271	1989010	9287261	1758686822	386345
17170253625	672844	18	8	671371	11276542	1989046	9287496	1758700805	386345
17170578308	672844	15	8	671371	11276806	1989083	9287723	1758714475	386345
17171248200	672844	18	8	671371	11277081	1989117	9287964	1758728513	386345
17171630388	672844	15	8	671371	11277346	1989151	9288195	1758742197	386345
17172002723	672844	17	8	671371	11277627	1989197	9288430	1758756746	386345
17172473977	672844	17	8	671371	11277901	1989242	9288659	1758770967	386345
17172993044	672844	18	8	671371	11278178	1989279	9288899	1758785283	386345
17173339046	672844	17	8	671371	11278449	1989319	9289130	1758799226	386345
17173680742	672844	16	8	671371	11278720	1989358	9289362	1758813191	386345
17174159145	672844	19	8	671371	11279005	1989400	9289605	1758827917	386345
17174546691	672844	18	8	671371	11279283	1989442	9289841	1758842348	386345
17174935683	672844	17	8	671371	11279554	1989481	9290073	1758856358	386345
17175481512	672844	17	8	671371	11279832	1989518	9290314	1758870636	386345
17176014888	672844	17	8	671371	11280101	1989549	9290552	1758884406	386345
17176363034	672844	18	8	671371	11280371	1989581	9290790	1758898153	386345
17176824428	672844	14	8	671371	11280624	1989615	9291009	1758911339	386345
17177144552	672844	17	8	671371	11280890	1989658	9291232	1758925216	386345
17177644554	672844	14	8	671371	11281169	1989705	9291464	1758939702	386345
17178046131	672844	15	8	671371	11281440	1989744	9291696	1758953631	386345
17178487320	672844	16	8	671371	11281719	1989786	9291933	1758967944	386345
17178915154	672844	17	8	671371	11281987	1989820	9292167	1758981763	386345
17179334340	672844	14	8	671371	11282265	1989859	9292406	1758996167	386345
17179636902	672844	17	8	671371	11282540	1989901	9292639	1759010354	386345
17179954788	672844	17	8	671371	11282822	1989945	9292877	1759024852	386345
17180322197	672844	19	8	671371	11283094	1989978	9293116	1759038861	386345
17180746273	672844	17	8	671371	11283338	1990013	9293325	1759051655	386345
17181121159	672844	19	8	671371	11283617	1990044	9293573	1759065828	386345
17181464575	672844	18	8	671371	11283879	1990086	9293793	1759079381	386345
17181919646	672844	17	8	671371	11284162	1990133	9294029	1759094224	386345
17182339249	672844	20	8	671371	11284443	1990173	9294270	1759108650	386345
17182921184	672844	15	8	671371	11284721	1990214	9294507	1759122958	386345
17183403684	672844	17	8	671371	11284991	1990251	9294740	1759136988	386345
17183843471	672844	19	8	671371	11285266	1990287	9294979	1759151121	386345
17184381493	672844	15	8	671371	11285526	1990321	9295205	1759164565	386345
17184730161	672844	15	8	671371	11285785	1990359	9295426	1759178047	386345
17185292500	672844	12	8	671371	11286052	1990392	9295660	1759191679	386345
17185636860	672844	15	8	671371	11286327	1990431	9295896	1759205823	386345
17186056895	672844	13	8	671371	11286579	1990466	9296113	1759218918	386345
17186470352	672844	14	8	671371	11286860	1990512	9296348	1759233435	386345
17186902269	672844	16	8	671371	11287128	1990541	9296587	1759247167	386345
17187389741	672844	19	8	671371	11287415	1990588	9296827	1759261985	386345
17187759318	672844	16	8	671371	11287680	1990622	9297058	1759275670	386345
17188286985	672844	17	8	671371	11287957	1990660	9297297	1759289846	386345
17188809167	672844	18	8	671371	11288238	1990704	9297534	1759304415	386345
17189354398	672844	17	8	671371	11288509	1990731	9297778	1759318413	386345
17189782270	672844	19	8	671371	11288777	1990764	9298013	1759332082	386345
17190260105	672844	14	8	671371	11289054	1990802	9298252	1759346372	386345
17190645574	672844	17	8	671371	11289323	1990831	9298492	1759360159	386345
17191174789	672844	17	8	671371	11289591	1990869	9298722	1759373953	386345
17191693356	672844	16	8	671371	11289863	1990902	9298961	1759388037	386345
17192090383	672844	16	8	671371	11290143	1990945	9299198	1759402527	386345
17192540037	672844	15	8	671371	11290424	1990991	9299433	1759417020	386345
17192999359	672844	16	8	671371	11290695	1991022	9299673	1759430776	386345
17193336448	672844	17	8	671371	11290968	1991059	9299909	1759444802	386345
17193736876	672845	18	8	671372	11291244	1991099	9300145	1759459357	386344
17194079788	672845	18	8	671372	11291507	1991135	9300372	1759472918	386344
17194574614	672845	18	8	671372	11291791	1991172	9300619	1759487487	386344
17195020555	672845	17	8	671372	11292069	1991215	9300854	1759501797	386344
17195429710	672845	16	8	671372	11292352	1991252	9301100	1759516364	386344
17195826829	672845	20	8	671372	11292624	1991290	9301334	1759530175	386344
17196325166	672845	17	8	671372	11292902	1991331	9301571	1759544526	386344
17197000802	672845	20	8	671372	11293194	1991373	9301821	1759559401	386344
17197537193	672845	17	8	671372	11293476	1991411	9302065	1759574004	386344
17197904959	672845	15	8	671372	11293732	1991446	9302286	1759587338	386344
17198570583	672845	17	8	671372	11294016	1991490	9302526	1759602028	386344
17198918829	672845	17	8	671372	11294282	1991526	9302756	1759615755	386344
17199202926	672845	16	8	671372	11294558	1991565	9302993	1759630005	386344
17199588567	672845	16	8	671372	11294837	1991614	9303223	1759644616	386344
17199989672	672845	16	8	671372	11295107	1991651	9303456	1759658486	386344
17200281334	672845	15	8	671372	11295380	1991691	9303689	1759672479	386344
17200884681	672845	16	8	671372	11295654	1991728	9303926	1759686691	386344
17201292578	672845	18	8	671372	11295930	1991769	9304161	1759700955	386344
17201752040	672845	15	8	671372	11296220	1991812	9304408	1759715786	386344
17202188786	672845	16	8	671372	11296495	1991846	9304649	1759729847	386344
17202523693	672845	18	8	671372	11296746	1991869	9304877	1759742706	386344
17202950398	672845	16	8	671372	11297002	1991895	9305107	1759755850	386344
17203355549	672845	17	8	671372	11297264	1991928	9305336	1759769353	386344
17203821752	672845	18	8	671372	11297544	1991963	9305581	1759783647	386344
17204450472	672845	15	8	671372	11297816	1992000	9305816	1759797621	386344
17204796069	672845	17	8	671372	11298085	1992043	9306042	1759811703	386344
17205368900	672845	19	8	671372	11298384	1992090	9306294	1759827044	386344
17205889339	672845	17	8	671372	11298671	1992131	9306540	1759841699	386344
17206354283	672845	17	8	671372	11298946	1992174	9306772	1759856039	386344
17206828501	672845	18	8	671372	11299216	1992219	9306997	1759870126	386344
17207416344	672845	20	8	671372	11299484	1992248	9307236	1759883914	386344
17207837321	672845	15	8	671372	11299736	1992275	9307461	1759896762	386344
17208183828	672845	19	8	671372	11300021	1992319	9307702	1759911467	386344
17208630019	672845	15	8	671372	11300282	1992355	9307927	1759925034	386344
17209161307	672845	19	8	671372	11300568	1992393	9308175	1759939757	386344
17209683888	672845	17	8	671372	11300854	1992442	9308412	1759954519	386344
17210074722	672845	18	8	671372	11301129	1992479	9308650	1759968671	386344
17210516019	672845	16	8	671372	11301399	1992520	9308879	1759982669	386344
17210967704	672845	15	8	671372	11301676	1992560	9309116	1759996949	386344
17211316599	672845	18	8	671372	11301940	1992597	9309343	1760010610	386344
17211679612	672845	18	8	671372	11302192	1992630	9309562	1760023854	386344
17212181890	672845	17	8	671372	11302465	1992670	9309795	1760037933	386344
17212640657	672845	16	8	671372	11302738	1992706	9310032	1760051858	386344
17213290103	672845	18	8	671372	11303010	1992741	9310269	1760065798	386344
17213705152	672845	16	8	671372	11303282	1992777	9310505	1760079951	386344
17214161114	672845	18	8	671372	11303561	1992816	9310745	1760094387	386344
17214468770	672845	15	8	671372	11303834	1992864	9310970	1760108544	386344
17214870015	672845	17	8	671372	11304111	1992899	9311212	1760122752	386344
17215184884	672845	17	8	671372	11304388	1992940	9311448	1760137044	386344
17215691459	672845	19	8	671372	11304652	1992970	9311682	1760150584	386344
17216074018	672845	16	8	671372	11304930	1993012	9311918	1760164879	386344
17216527381	672845	17	8	671372	11305202	1993046	9312156	1760178977	386344
17216956308	672845	17	8	671372	11305465	1993078	9312387	1760192599	386344
17217440432	672845	17	8	671372	11305749	1993126	9312623	1760207239	386344
17218043759	672845	14	8	671372	11306025	1993154	9312871	1760221331	386344
17218566647	672845	14	8	671372	11306284	1993184	9313100	1760234556	386344
17219023621	672845	15	8	671372	11306554	1993217	9313337	1760248487	386344
17219424312	672845	16	8	671372	11306827	1993260	9313567	1760262537	386344
17219871985	672845	16	8	671372	11307099	1993295	9313804	1760276519	386344
17220184762	672845	19	8	671372	11307369	1993325	9314044	1760290243	386344
17220487988	672845	16	8	671372	11307629	1993367	9314262	1760304020	386344
17220939370	672845	16	8	671372	11307911	1993407	9314504	1760318493	386344
17221519694	672845	16	8	671372	11308181	1993437	9314744	1760332286	386344
17222037856	672845	19	8	671372	11308456	1993472	9314984	1760346420	386344
17222449496	672845	17	8	671372	11308721	1993501	9315220	1760360040	386344
17222992962	672845	15	8	671372	11309003	1993536	9315467	1760374424	386344
17223484496	672845	18	8	671372	11309268	1993570	9315698	1760388197	386344
17223825733	672845	16	8	671372	11309539	1993613	9315926	1760402187	386344
17224252676	672845	15	8	671372	11309824	1993661	9316163	1760417036	386344
17224764189	672845	17	8	671372	11310085	1993695	9316390	1760430483	386344
17225256115	672845	17	8	671372	11310354	1993733	9316621	1760444523	386344
17225865810	672845	16	8	671372	11310618	1993772	9316846	1760458207	386344
17226168672	672845	14	8	671372	11310890	1993809	9317081	1760472220	386344
17226709779	672845	20	8	671372	11311163	1993840	9317323	1760486154	386344
17227095498	672845	15	8	671372	11311434	1993877	9317557	1760500185	386344
17227730656	672845	16	8	671372	11311700	1993904	9317796	1760513933	386344
17228252554	672845	13	8	671372	11311982	1993948	9318034	1760528394	386344
17228602714	672845	18	8	671372	11312269	1993992	9318277	1760543055	386344
17229035027	672845	14	8	671372	11312528	1994022	9318506	1760556544	386344
17229334667	672845	17	8	671372	11312792	1994058	9318734	1760570135	386344
17229895091	672845	17	8	671372	11313060	1994095	9318965	1760584062	386344
17230368509	672845	16	8	671372	11313330	1994129	9319201	1760597987	386344
17230955430	672845	20	8	671372	11313631	1994179	9319452	1760613340	386344
17231483251	672845	18	8	671372	11313888	1994208	9319680	1760626618	386344
17231817320	672845	19	8	671372	11314158	1994245	9319913	1760640423	386344
17232063487	672845	19	8	671372	11314422	1994281	9320141	1760654208	386344
17232415140	672845	19	8	671372	11314697	1994319	9320378	1760668428	386344
17232900604	672845	15	8	671372	11314971	1994362	9320609	1760682588	386344
17233468859	672845	13	8	671372	11315250	1994398	9320852	1760696804	386344
17233885025	672845	17	8	671372	11315537	1994439	9321098	1760711515	386344
17234157834	672845	14	8	671372	11315804	1994479	9321325	1760725344	386344
17234600607	672845	18	8	671372	11316084	1994520	9321564	1760739633	386344
17235133529	672845	16	8	671372	11316340	1994546	9321794	1760752843	386344
17235434057	672845	17	8	671372	11316609	1994578	9322031	1760766750	386344
17235937154	672845	15	8	671372	11316878	1994618	9322260	1760780664	386344
17236551486	672845	16	8	671372	11317151	1994653	9322498	1760794527	386344
17236845893	672845	18	8	671372	11317431	1994694	9322737	1760808968	386344
17237436528	672845	21	8	671372	11317712	1994733	9322979	1760823479	386344
17237868198	672845	18	8	671372	11317964	1994767	9323197	1760836508	386344
17238149272	672845	17	8	671372	11318243	1994813	9323430	1760851045	386344
17238588186	672845	14	8	671372	11318525	1994859	9323666	1760865567	386344
17239022855	672845	17	8	671372	11318792	1994893	9323899	1760879253	386344
17239407034	672845	18	8	671372	11319065	1994926	9324139	1760893209	386344
17239747776	672845	18	8	671372	11319337	1994964	9324373	1760907180	386344
17240053164	672845	18	8	671372	11319589	1994990	9324599	1760920249	386344
17240439192	672845	16	8	671372	11319869	1995033	9324836	1760934763	386344
17240931476	672845	17	8	671372	11320128	1995068	9325060	1760948064	386344
17241466457	672845	16	8	671372	11320421	1995110	9325311	1760963237	386344
17241976212	672845	15	8	671372	11320690	1995146	9325544	1760977025	386344
17242304624	672845	14	8	671372	11320963	1995183	9325780	1760991065	386344
17242870073	672845	15	8	671372	11321231	1995221	9326010	1761004964	386344
17243468836	672845	15	8	671372	11321512	1995260	9326252	1761019358	386344
17243893119	672845	17	8	671372	11321789	1995301	9326488	1761033674	386344
17244373185	672845	20	8	671372	11322060	1995333	9326727	1761047518	386344
17244702678	672845	17	8	671372	11322342	1995381	9326961	1761062356	386344
17245077858	672845	20	8	671372	11322624	1995426	9327198	1761076971	386344
17245443283	672845	18	8	671372	11322876	1995460	9327416	1761090078	386344
17245883689	672845	12	8	671372	11323139	1995502	9327637	1761103779	386344
17246425959	672845	16	8	671372	11323413	1995548	9327865	1761118027	386344
17247113709	672845	20	8	671372	11323696	1995591	9328105	1761132721	386344
17247595471	672845	17	8	671372	11323950	1995620	9328330	1761145818	386344
17247885774	672845	19	8	671372	11324233	1995666	9328567	1761160365	386344
17248317116	672845	17	8	671372	11324489	1995695	9328794	1761173676	386344
17248748810	672845	19	8	671372	11324743	1995726	9329017	1761186893	386344
17249436598	672845	18	8	671372	11325024	1995766	9329258	1761201378	386344
17249784473	672845	18	8	671372	11325297	1995806	9329491	1761215608	386344
17250212928	672845	15	8	671372	11325562	1995847	9329715	1761229287	386344
17250600668	672845	17	8	671372	11325827	1995885	9329942	1761243113	386344
17251043140	672845	16	8	671372	11326103	1995930	9330173	1761257420	386344
17251703744	672845	16	8	671372	11326384	1995969	9330415	1761271868	386344
17252264414	672845	18	8	671372	11326658	1996007	9330651	1761285957	386344
17252669005	672845	14	8	671372	11326928	1996041	9330887	1761299928	386344
17253182970	672845	16	8	671372	11327192	1996076	9331116	1761313566	386344
17253582599	672845	16	8	671372	11327456	1996108	9331348	1761327096	386344
17254025971	672845	16	8	671372	11327728	1996147	9331581	1761341168	386344
17254529642	672845	17	8	671372	11328002	1996188	9331814	1761355308	386344
17254981907	672845	17	8	671372	11328266	1996220	9332046	1761368899	386344
17255554213	672845	18	8	671372	11328549	1996259	9332290	1761383458	386344
17256048939	672846	15	8	671373	11328841	1996308	9332533	1761398564	386343
17256341760	672846	16	8	671373	11329112	1996347	9332765	1761412497	386343
17256875921	672846	17	8	671373	11329368	1996379	9332989	1761425753	386343
17257260055	672846	17	8	671373	11329638	1996410	9333228	1761439637	386343
17257728093	672846	16	8	671373	11329910	1996454	9333456	1761453721	386343
17258128929	672846	17	8	671373	11330191	1996498	9333693	1761468319	386343
17258502576	672846	18	8	671373	11330472	1996542	9333930	1761482817	386343
17259093705	672846	15	8	671373	11330751	1996587	9334164	1761497266	386343
17259523850	672846	16	8	671373	11331013	1996619	9334394	1761510706	386343
17260045761	672846	16	8	671373	11331293	1996654	9334639	1761525030	386343
17260472018	672846	17	8	671373	11331561	1996689	9334872	1761538925	386343
17260902022	672846	12	8	671373	11331838	1996731	9335107	1761553196	386343
17261223021	672846	16	8	671373	11332107	1996768	9335339	1761567064	386343
17261656198	672846	16	8	671373	11332378	1996799	9335579	1761581015	386343
17262005353	672846	17	8	671373	11332650	1996832	9335818	1761595038	386343
17262614093	672846	18	8	671373	11332930	1996874	9336056	1761609380	386343
17263044674	672846	19	8	671373	11333200	1996914	9336286	1761623380	386343
17263604624	672846	18	8	671373	11333475	1996951	9336524	1761637638	386343
17263965263	672846	20	8	671373	11333744	1996985	9336759	1761651413	386343
17264360565	672846	17	8	671373	11334022	1997024	9336998	1761665661	386343
17264899304	672846	18	8	671373	11334298	1997060	9337238	1761679873	386343
17265328661	672846	18	8	671373	11334584	1997111	9337473	1761694785	386343
17265989991	672846	16	8	671373	11334838	1997136	9337702	1761707823	386343
17266560688	672846	14	8	671373	11335103	1997164	9337939	1761721410	386343
17267155360	672846	15	8	671373	11335373	1997199	9338174	1761735250	386343
17267787430	672846	15	8	671373	11335670	1997244	9338426	1761750489	386343
17268332714	672846	14	8	671373	11335935	1997285	9338650	1761764195	386343
17268727922	672846	17	8	671373	11336203	1997319	9338884	1761778095	386343
17269165575	672846	17	8	671373	11336483	1997359	9339124	1761792461	386343
17269502198	672846	17	8	671373	11336755	1997404	9339351	1761806676	386343
17269980528	672846	17	8	671373	11337022	1997430	9339592	1761820241	386343
17270349324	672846	17	8	671373	11337313	1997477	9339836	1761835231	386343
17271054213	672846	19	8	671373	11337596	1997511	9340085	1761849667	386343
17271541600	672846	18	8	671373	11337870	1997543	9340327	1761863705	386343
17272003014	672846	19	8	671373	11338141	1997577	9340564	1761877663	386343
17272332309	672846	18	8	671373	11338403	1997618	9340785	1761891251	386343
17272707652	672846	15	8	671373	11338671	1997657	9341014	1761905160	386343
17273100461	672846	16	8	671373	11338945	1997704	9341241	1761919260	386343
17273549192	672846	17	8	671373	11339215	1997734	9341481	1761933207	386343
17273952362	672846	16	8	671373	11339497	1997780	9341717	1761947806	386343
17274347498	672846	15	8	671373	11339762	1997807	9341955	1761961308	386343
17274727214	672846	17	8	671373	11340026	1997842	9342184	1761974884	386343
17275121335	672846	16	8	671373	11340291	1997879	9342412	1761988681	386343
17275452497	672846	17	8	671373	11340548	1997908	9342640	1762001906	386343
17275923763	672846	17	8	671373	11340810	1997946	9342864	1762015497	386343
17276370166	672846	19	8	671373	11341089	1997986	9343103	1762029879	386343
17276874805	672846	18	8	671373	11341362	1998019	9343343	1762043848	386343
17277224307	672846	18	8	671373	11341640	1998057	9343583	1762058233	386343
17277617407	672846	16	8	671373	11341889	1998086	9343803	1762070980	386343
17278117187	672846	14	8	671373	11342156	1998117	9344039	1762084726	386343
17278734575	672846	15	8	671373	11342423	1998148	9344275	1762098394	386343
17279193045	672846	16	8	671373	11342700	1998190	9344510	1762112740	386343
17279573541	672846	17	8	671373	11342972	1998225	9344747	1762126819	386343
17280076303	672846	15	8	671373	11343255	1998272	9344983	1762141530	386343
17280522935	672846	16	8	671373	11343524	1998311	9345213	1762155440	386343
17281047908	672846	18	8	671373	11343800	1998360	9345440	1762169797	386343
17281549152	672846	21	8	671373	11344101	1998405	9345696	1762185082	386343
17282025997	672846	17	8	671373	11344372	1998443	9345929	1762199213	386343
17282420590	672846	17	8	671373	11344656	1998484	9346172	1762213906	386343
17282790058	672846	16	8	671373	11344922	1998523	9346399	1762227698	386343
17283148606	672846	17	8	671373	11345200	1998566	9346634	1762242053	386343
17283518266	672846	14	8	671373	11345459	1998601	9346858	1762255518	386343
17283932889	672846	13	8	671373	11345733	1998638	9347095	1762269495	386343
17284367110	672846	16	8	671373	11346017	1998675	9347342	1762284086	386343
17284721982	672846	18	8	671373	11346298	1998708	9347590	1762298209	386343
17285085815	672846	13	8	671373	11346557	1998750	9347807	1762311739	386343
17285578973	672846	21	8	671373	11346835	1998787	9348048	1762326088	386343
17286002886	672846	17	8	671373	11347100	1998820	9348280	1762339809	386343
17286396313	672846	19	8	671373	11347384	1998860	9348524	1762354290	386343
17287061690	672846	16	8	671373	11347647	1998899	9348748	1762367897	386343
17287453005	672846	19	8	671373	11347917	1998929	9348988	1762381857	386343
17287878815	672846	18	8	671373	11348183	1998970	9349213	1762395725	386343
17288251383	672846	18	8	671373	11348459	1999002	9349457	1762409753	386343
17288693631	672846	15	8	671373	11348714	1999039	9349675	1762423160	386343
17289112813	672846	13	8	671373	11348979	1999073	9349906	1762436778	386343
17289508910	672846	14	8	671373	11349242	1999105	9350137	1762450254	386343
17290015056	672846	14	8	671373	11349500	1999136	9350364	1762463560	386343
17290512716	672846	15	8	671373	11349776	1999175	9350601	1762477866	386343
17290894924	672846	14	8	671373	11350059	1999217	9350842	1762492416	386343
17291369394	672847	16	8	671374	11350339	1999261	9351078	1762506887	386342
17291706044	672847	18	8	671374	11350621	1999299	9351322	1762521340	386342
17292303094	672847	18	8	671374	11350895	1999335	9351560	1762535488	386342
17292702705	672847	20	8	671374	11351175	1999376	9351799	1762549882	386342
17293078167	672847	18	8	671374	11351462	1999427	9352035	1762564768	386342
17293562605	672847	19	8	671374	11351737	1999464	9352273	1762579091	386342
17293964473	672847	17	8	671374	11352002	1999504	9352498	1762592810	386342
17294431467	672847	19	8	671374	11352278	1999552	9352726	1762607248	386342
17294967165	672847	17	8	671374	11352553	1999595	9352958	1762621370	386342
17295415403	672847	14	8	671374	11352834	1999636	9353198	1762635864	386342
17295912869	672847	15	8	671374	11353097	1999667	9353430	1762649320	386342
17296478203	672847	17	8	671374	11353395	1999714	9353681	1762664650	386342
17296813108	672847	17	8	671374	11353669	1999757	9353912	1762678818	386342
17297225858	672847	15	8	671374	11353935	1999790	9354145	1762692513	386342
17297630946	672847	17	8	671374	11354214	1999831	9354383	1762706964	386342
17298177492	672847	19	8	671374	11354492	1999868	9354624	1762721155	386342
17298570868	672847	14	8	671374	11354752	1999906	9354846	1762734621	386342
17299061741	672847	16	8	671374	11355015	1999939	9355076	1762748232	386342
17299572367	672847	18	8	671374	11355295	1999980	9355315	1762762585	386342
17299892314	672847	17	8	671374	11355563	2000015	9355548	1762776387	386342
17300304046	672847	17	8	671374	11355835	2000049	9355786	1762790336	386342
17300725860	672847	18	8	671374	11356109	2000094	9356015	1762804492	386342
17301128247	672847	16	8	671374	11356390	2000140	9356250	1762819031	386342
17301762069	672847	16	8	671374	11356665	2000173	9356492	1762833087	386342
17302248652	672847	17	8	671374	11356942	2000213	9356729	1762847237	386342
17302648624	672847	17	8	671374	11357230	2000255	9356975	1762862007	386342
17303149781	672847	17	8	671374	11357501	2000295	9357206	1762876118	386342
17303706978	672847	17	8	671374	11357778	2000338	9357440	1762890485	386342
17304289825	672847	16	8	671374	11358057	2000380	9357677	1762904883	386342
17304803466	672847	14	8	671374	11358322	2000415	9357907	1762918601	386342
17305229627	672847	16	8	671374	11358599	2000454	9358145	1762932846	386342
17305682550	672847	18	8	671374	11358872	2000493	9358379	1762947013	386342
17306028608	672847	14	8	671374	11359141	2000537	9358604	1762961075	386342
17306416669	672848	18	8	671375	11359432	2000583	9358849	1762976000	386341
17306849670	672848	16	8	671375	11359715	2000629	9359086	1762990662	386341
17307145037	672848	18	8	671375	11359979	2000662	9359317	1763004275	386341
17307671914	672848	14	8	671375	11360243	2000701	9359542	1763017928	386341
17308138068	672848	17	8	671375	11360527	2000743	9359784	1763032525	386341
17308545731	672848	16	8	671375	11360793	2000781	9360012	1763046329	386341
17309340786	672848	16	8	671375	11361078	2000817	9360261	1763060980	386341
17309743203	672848	18	8	671375	11361324	2000843	9360481	1763073600	386341
17310331741	672848	19	8	671375	11361604	2000892	9360712	1763088239	386341
17310790782	672848	16	8	671375	11361873	2000924	9360949	1763101909	386341
17311338498	672848	18	8	671375	11362166	2000961	9361205	1763116966	386341
17311857333	672848	16	8	671375	11362420	2000991	9361429	1763130043	386341
17312578894	672848	19	8	671375	11362700	2001031	9361669	1763144612	386341
17313108566	672848	17	8	671375	11362961	2001065	9361896	1763157992	386341
17313539559	672848	17	8	671375	11363221	2001095	9362126	1763171492	386341
17313877098	672848	17	8	671375	11363478	2001138	9362340	1763184848	386341
17314357933	672848	16	8	671375	11363746	2001178	9362568	1763198878	386341
17314754750	672848	15	8	671375	11364007	2001210	9362797	1763212268	386341
17315116411	672848	17	8	671375	11364272	2001253	9363019	1763226181	386341
17315738112	672848	17	8	671375	11364556	2001300	9363256	1763240958	386341
17316210551	672848	16	8	671375	11364836	2001338	9363498	1763255297	386341
17316579232	672848	15	8	671375	11365090	2001367	9363723	1763268514	386341
17316955341	672848	18	8	671375	11365373	2001408	9363965	1763282924	386341
17317501346	672849	17	8	671376	11365648	2001440	9364208	1763296943	386340
17317948534	672849	16	8	671376	11365937	2001488	9364449	1763312016	386340
17318267322	672849	15	8	671376	11366203	2001529	9364674	1763325817	386340
17318646605	672849	17	8	671376	11366480	2001573	9364907	1763340176	386340
17319222563	672849	17	8	671376	11366772	2001623	9365149	1763355293	386340
17319684542	672849	15	8	671376	11367045	2001667	9365378	1763369441	386340
17320189428	672849	18	8	671376	11367326	2001708	9365618	1763383978	386340
17320693732	672849	13	8	671376	11367594	2001740	9365854	1763397698	386340
17321164862	672849	18	8	671376	11367876	2001780	9366096	1763412107	386340
17321648397	672849	15	8	671376	11368140	2001817	9366323	1763425814	386340
17322017883	672849	18	8	671376	11368415	2001857	9366558	1763439959	386340
17322483046	672849	17	8	671376	11368683	2001894	9366789	1763453818	386340
17322818897	672850	19	8	671377	11368969	2001935	9367034	1763468673	386340
17323104352	672850	19	8	671377	11369232	2001970	9367262	1763482294	386340
17323579449	672850	15	8	671377	11369494	2002003	9367491	1763495763	386340
17324099996	672850	18	8	671377	11369780	2002039	9367741	1763510501	386340
17324606955	672850	20	8	671377	11370056	2002072	9367984	1763524655	386340
17325286899	672850	17	8	671377	11370340	2002116	9368224	1763539239	386340
17325983745	672850	19	8	671377	11370629	2002160	9368469	1763554228	386340
17326375075	672851	14	8	671378	11370881	2002192	9368689	1763567302	386339
17326994423	672851	15	8	671378	11371159	2002225	9368934	1763581547	386339
17327436870	672851	15	8	671378	11371437	2002261	9369176	1763595773	386339
17327971976	672852	15	8	671379	11371714	2002303	9369411	1763609985	386338
17328478891	672852	14	8	671379	11371987	2002345	9369642	1763624177	386338
17328784107	672852	17	8	671379	11372249	2002369	9369880	1763637386	386338
17329241022	672852	19	8	671379	11372525	2002398	9370127	1763651544	386338
17329743091	672852	16	8	671379	11372806	2002444	9370362	1763665947	386338
17330101066	672852	16	8	671379	11373078	2002477	9370601	1763679839	386338
17330381288	672852	19	8	671379	11373341	2002512	9370829	1763693327	386338
17330801541	672852	18	8	671379	11373611	2002547	9371064	1763707320	386338
17331398343	672852	18	8	671379	11373878	2002579	9371299	1763720787	386338
17331897421	672852	13	8	671379	11374155	2002624	9371531	1763735295	386338
17332410202	672852	17	8	671379	11374444	2002671	9371773	1763750167	386338
17332782381	672852	17	8	671379	11374714	2002711	9372003	1763764179	386338
17333119566	672852	16	8	671379	11374987	2002747	9372240	1763778249	386338
17333800354	672852	17	8	671379	11375263	2002783	9372480	1763792450	386338
17334356505	672852	18	8	671379	11375532	2002816	9372716	1763806151	386338
17334808933	672852	16	8	671379	11375786	2002843	9372943	1763819209	386338
17335417965	672852	15	8	671379	11376058	2002882	9373176	1763833307	386338
17335924042	672852	15	8	671379	11376345	2002924	9373421	1763848033	386338
17336337308	672852	19	8	671379	11376610	2002959	9373651	1763861638	386338
17336929412	672852	14	8	671379	11376888	2003004	9373884	1763875956	386338
17337474144	672852	20	8	671379	11377185	2003051	9374134	1763891202	386338
17338033607	672852	16	8	671379	11377463	2003084	9374379	1763905510	386338
17338404169	672852	18	8	671379	11377734	2003119	9374615	1763919378	386338
17338946971	672852	16	8	671379	11378009	2003152	9374857	1763933348	386338
17339437679	672852	18	8	671379	11378281	2003194	9375087	1763947504	386338
17340005285	672852	16	8	671379	11378562	2003231	9375331	1763961930	386338
17340478776	672852	17	8	671379	11378841	2003268	9375573	1763976227	386338
17340835918	672852	17	8	671379	11379106	2003301	9375805	1763989858	386338
17341278136	672852	19	8	671379	11379363	2003336	9376027	1764003242	386338
17341638876	672852	17	8	671379	11379623	2003366	9376257	1764016638	386338
17342017286	672852	19	8	671379	11379901	2003403	9376498	1764030893	386338
17342682642	672852	16	8	671379	11380154	2003430	9376724	1764043899	386338
17343173971	672852	17	8	671379	11380453	2003475	9376978	1764059154	386338
17343534561	672852	17	8	671379	11380715	2003513	9377202	1764072921	386338
17343936180	672852	16	8	671379	11380972	2003543	9377429	1764086149	386338
17344266830	672852	16	8	671379	11381243	2003578	9377665	1764100058	386338
17344641596	672853	18	8	671380	11381513	2003615	9377898	1764114004	386337
17345312670	672853	18	8	671380	11381790	2003649	9378141	1764128297	386337
17345797315	672853	18	8	671380	11382070	2003689	9378381	1764142817	386337
17346253955	672853	19	8	671380	11382339	2003730	9378609	1764156746	386337
17346673548	672853	16	8	671380	11382592	2003762	9378830	1764169897	386337
17347104983	672853	18	8	671380	11382863	2003797	9379066	1764183791	386337
17347738168	672853	16	8	671380	11383143	2003843	9379300	1764198404	386337
17348228288	672853	15	8	671380	11383417	2003885	9379532	1764212691	386337
17348844753	672853	16	8	671380	11383706	2003927	9379779	1764227418	386337
17349229677	672853	17	8	671380	11383977	2003968	9380009	1764241497	386337
17349714600	672853	17	8	671380	11384253	2004002	9380251	1764255597	386337
17350085900	672853	15	8	671380	11384525	2004040	9380485	1764269620	386337
17350445807	672853	19	8	671380	11384807	2004082	9380725	1764284236	386337
17350994745	672853	16	8	671380	11385062	2004113	9380949	1764297331	386337
17351371139	672853	19	8	671380	11385342	2004157	9381185	1764311948	386337
17351870687	672853	16	8	671380	11385598	2004183	9381415	1764325071	386337
17352221205	672853	17	8	671380	11385873	2004221	9381652	1764339222	386337
17352650533	672853	18	8	671380	11386149	2004256	9381893	1764353334	386337
17353016221	672853	18	8	671380	11386428	2004300	9382128	1764367758	386337
17353518557	672853	17	8	671380	11386687	2004333	9382354	1764381180	386337
17353976238	672853	17	8	671380	11386956	2004366	9382590	1764395025	386337
17354499361	672854	16	8	671381	11387245	2004410	9382835	1764470717	386336
17354739077	672854	18	8	671381	11387515	2004457	9383058	1764484847	386336
17355119068	672854	16	8	671381	11387781	2004490	9383291	1764498510	386336
17355577637	672854	17	8	671381	11388052	2004524	9383528	1764512505	386336
17355961177	672854	16	8	671381	11388318	2004559	9383759	1764526114	386336
17356500067	672854	16	8	671381	11388597	2004598	9383999	1764540430	386336
17356919063	672854	17	8	671381	11388849	2004625	9384224	1764553439	386336
17357345671	672854	19	8	671381	11389129	2004665	9384464	1764567861	386336
17357851372	672854	15	8	671381	11389390	2004698	9384692	1764581370	386336
17358400360	672854	17	8	671381	11389670	2004733	9384937	1764595733	386336
17359060625	672854	15	8	671381	11389945	2004779	9385166	1764610062	386336
17359463031	672854	16	8	671381	11390229	2004819	9385410	1764624662	386336
17359778745	672854	17	8	671381	11390494	2004858	9385636	1764638256	386336
17360045896	672854	16	8	671381	11390754	2004888	9385866	1764651767	386336
17360366494	672854	17	8	671381	11391021	2004932	9386089	1764665559	386336
17360683297	672854	17	8	671381	11391299	2004973	9386326	1764679904	386336
17361134397	672854	19	8	671381	11391576	2005012	9386564	1764694248	386336
17361597296	672854	18	8	671381	11391843	2005053	9386790	1764708029	386336
17362185271	672854	18	8	671381	11392117	2005085	9387032	1764722134	386336
17362664704	672854	19	8	671381	11392397	2005128	9387269	1764736659	386336
17363118772	672854	18	8	671381	11392667	2005161	9387506	1764750448	386336
17363743348	672854	20	8	671381	11392945	2005195	9387750	1764764873	386336
17364012711	672854	17	8	671381	11393203	2005230	9387973	1764778238	386336
17364290103	672854	18	8	671381	11393481	2005270	9388211	1764792640	386336
17364685054	672854	14	8	671381	11393748	2005303	9388445	1764806290	386336
17365201678	672854	18	8	671381	11394040	2005353	9388687	1764821435	386336
17365719553	672854	14	8	671381	11394295	2005388	9388907	1764834524	386336
17366162737	672854	17	8	671381	11394573	2005421	9389152	1764848666	386336
17366585507	672854	14	8	671381	11394840	2005458	9389382	1764862549	386336
17366850125	672854	16	8	671381	11395104	2005489	9389615	1764876177	386336
17367261115	672854	18	8	671381	11395363	2005521	9389842	1764889528	386336
17367782969	672854	20	8	671381	11395651	2005563	9390088	1764904451	386336
17368185984	672854	18	8	671381	11395904	2005589	9390315	1764917403	386336
17368616325	672854	17	8	671381	11396167	2005629	9390538	1764931280	386336
17369073043	672855	20	8	671382	11396440	2005668	9390772	1764945297	386335
17369669414	672855	17	8	671382	11396713	2005700	9391013	1764959374	386335
17370094076	672855	18	8	671382	11396995	2005743	9391252	1764973826	386335
17370530826	672855	14	8	671382	11397261	2005785	9391476	1764987737	386335
17370989174	672855	17	8	671382	11397525	2005823	9391702	1765001450	386335
17371530252	672855	15	8	671382	11397792	2005856	9391936	1765015167	386335
17372140745	672855	14	8	671382	11398077	2005893	9392184	1765029767	386335
17372549116	672855	13	8	671382	11398330	2005926	9392404	1765042890	386335
17373096911	672856	15	8	671383	11398608	2005966	9392642	1765057260	386334
17373692353	672856	15	8	671383	11398879	2006002	9392877	1765071249	386334
17374123870	672856	19	8	671383	11399150	2006042	9393108	1765085319	386334
17374427388	672856	17	8	671383	11399406	2006076	9393330	1765098525	386334
17374845504	672856	18	8	671383	11399669	2006106	9393563	1765112105	386334
17375314040	672856	19	8	671383	11399950	2006151	9393799	1765126719	386334
17375712445	672856	21	8	671383	11400212	2006175	9394037	1765140133	386334
17376255300	672857	19	8	671384	11400481	2006212	9394269	1765154000	386333
17376850491	672857	20	8	671384	11400739	2006251	9394488	1765167311	386333
17377144274	672857	19	8	671384	11400987	2006285	9394702	1765180242	386333
17377620888	672857	19	8	671384	11401237	2006319	9394918	1765193172	386333
17377957201	672857	14	8	671384	11401472	2006354	9395118	1765205290	386333
17378297350	672857	15	8	671384	11401725	2006397	9395328	1765218440	386333
17378510369	672857	13	8	671384	11401928	2006423	9395505	1765229075	386333
17378806217	672857	13	8	671384	11402167	2006456	9395711	1765241393	386333
17379098153	672857	14	8	671384	11402403	2006495	9395908	1765253590	386333
17379491803	672857	14	8	671384	11402640	2006531	9396109	1765265902	386333
17379772465	672857	18	8	671384	11402870	2006564	9396306	1765277857	386333
17380102383	672857	16	8	671384	11403105	2006599	9396506	1765290052	386333
17380523117	672857	14	8	671384	11403345	2006644	9396701	1765302735	386333
17380844261	672857	18	8	671384	11403589	2006685	9396904	1765315397	386333
17381257266	672857	17	8	671384	11403816	2006710	9397106	1765327119	386333
17381811282	672857	18	8	671384	11404068	2006751	9397317	1765340107	386333
17382143081	672857	15	8	671384	11404304	2006784	9397520	1765352317	386333
17382422413	672857	17	8	671384	11404540	2006816	9397724	1765364464	386333
17382840706	672857	15	8	671384	11404785	2006851	9397934	1765377140	386333
17383186828	672857	16	8	671384	11405044	2006891	9398153	1765390388	386333
17383533259	672857	14	8	671384	11405258	2006916	9398342	1765401590	386333
17383938475	672857	16	8	671384	11405503	2006944	9398559	1765414042	386333
17384369593	672857	16	8	671384	11405743	2006976	9398767	1765426380	386333
17384694756	672857	15	8	671384	11405991	2007010	9398981	1765439139	386333
17385060908	672857	16	8	671384	11406219	2007038	9399181	1765450923	386333
17385406274	672857	14	8	671384	11406454	2007066	9399388	1765462871	386333
17385855923	672857	17	8	671384	11406701	2007105	9399596	1765475809	386333
17386355481	672857	17	8	671384	11406946	2007142	9399804	1765488415	386333
17386833321	672857	16	8	671384	11407190	2007177	9400013	1765501030	386333
17387281285	672857	17	8	671384	11407438	2007209	9400229	1765513699	386333
17387682807	672857	13	8	671384	11407673	2007243	9400430	1765525835	386333
17387966450	672857	17	8	671384	11407916	2007281	9400635	1765538433	386333
17388352318	672857	14	8	671384	11408159	2007315	9400844	1765550866	386333
17388723696	672857	17	8	671384	11408407	2007351	9401056	1765563508	386333
17389282885	672857	15	8	671384	11408641	2007384	9401257	1765575589	386333
17389581970	672857	16	8	671384	11408882	2007420	9401462	1765588176	386333
17390222954	672857	17	8	671384	11409125	2007450	9401675	1765600537	386333
17390640635	672857	15	8	671384	11409382	2007494	9401888	1765613859	386333
17391134947	672857	18	8	671384	11409625	2007529	9402096	1765626491	386333
17391613372	672857	17	8	671384	11409846	2007557	9402289	1765637844	386333
17392094881	672857	17	8	671384	11410092	2007592	9402500	1765650532	386333
17392469349	672857	19	8	671384	11410329	2007630	9402699	1765662675	386333
17392966195	672857	20	8	671384	11410581	2007661	9402920	1765675819	386333
17393261144	672857	17	8	671384	11410803	2007687	9403116	1765687293	386333
17393687398	672857	18	8	671384	11411043	2007715	9403328	1765699550	386333
17394251100	672857	16	8	671384	11411281	2007750	9403531	1765712008	386333
17394559129	672857	15	8	671384	11411506	2007781	9403725	1765723620	386333
17394996265	672857	13	8	671384	11411739	2007811	9403928	1765735684	386333
17395265119	672857	13	8	671384	11411973	2007849	9404124	1765747759	386333
17395565147	672857	14	8	671384	11412202	2007882	9404320	1765759693	386333
17396130212	672857	17	8	671384	11412446	2007914	9404532	1765772289	386333
17396529876	672857	16	8	671384	11412675	2007945	9404730	1765784152	386333
17396973346	672857	17	8	671384	11412917	2007981	9404936	1765796556	386333
