bytes_written	total_items	curr_connections	threads	cmd_set	cmd_get	get_misses	get_hits	bytes_read
19666857161	4078461	15	8	4461991	15874640	2037964	13836676	2232597162	481784
19667288905	4078552	14	8	4462084	15875024	2038002	13837022	2232622431	481784
19667724393	4078648	16	8	4462188	15875429	2038035	13837394	2232649164	481784
19668249168	4078743	16	8	4462288	15875853	2038072	13837781	2232676501	481784
19668690397	4078837	18	8	4462387	15876256	2038107	13838149	2232702989	481784
19669335033	4078935	15	8	4462498	15876675	2038147	13838528	2232730673	481784
19669816576	4079031	20	8	4462602	15877096	2038187	13838909	2232758404	481784
19670271540	4079122	16	8	4462706	15877495	2038224	13839271	2232784825	481784
19670719269	4079221	19	8	4462814	15877911	2038255	13839656	2232812233	481784
19671298971	4079312	22	8	4462918	15878317	2038288	13840029	2232839246	481784
19671805722	4079411	17	8	4463021	15878728	2038321	13840407	2232866187	481784
19672298374	4079506	20	8	4463120	15879146	2038366	13840780	2232893458	481784
19672781678	4079603	14	8	4463220	15879542	2038399	13841143	2232919560	481784
19673181675	4079696	16	8	4463325	15879949	2038440	13841509	2232946636	481784
19673781620	4079791	16	8	4463427	15880367	2038482	13841885	2232973963	481784
19674050164	4079887	13	8	4463530	15880759	2038523	13842236	2233000112	481784
19674575204	4079975	12	8	4463626	15881152	2038571	13842581	2233026017	481784
19675084436	4080061	16	8	4463722	15881544	2038617	13842927	2233051654	481784
19675524126	4080150	12	8	4463817	15881921	2038657	13843264	2233076659	481784
19676048933	4080237	17	8	4463910	15882297	2038687	13843610	2233101398	481784
19676473122	4080328	15	8	4464006	15882691	2038728	13843963	2233127072	481784
19676905130	4080418	17	8	4464106	15883092	2038776	13844316	2233153441	481784
19677346778	4080505	17	8	4464202	15883473	2038809	13844664	2233178603	481784
19677884582	4080594	19	8	4464293	15883863	2038857	13845006	2233204004	481784
19678348056	4080685	18	8	4464391	15884256	2038886	13845370	2233229745	481784
19679006121	4080772	19	8	4464488	15884652	2038927	13845725	2233255765	481784
19679711628	4080865	19	8	4464585	15885065	2038972	13846093	2233282510	481784
19680420805	4080954	20	8	4464675	15885451	2039005	13846446	2233307597	481784
19680845025	4081044	18	8	4464778	15885844	2039048	13846796	2233333689	481784
19681460777	4081134	16	8	4464878	15886252	2039097	13847155	2233360529	481784
19681972741	4081222	15	8	4464973	15886640	2039136	13847504	2233385763	481784
19682502506	4081311	17	8	4465067	15887033	2039172	13847861	2233411394	481784
19682988094	4081396	15	8	4465160	15887400	2039209	13848191	2233435650	481784
19683432747	4081490	13	8	4465265	15887802	2039254	13848548	2233462299	481784
19683945728	4081577	13	8	4465362	15888179	2039294	13848885	2233487319	481784
19684414735	4081667	13	8	4465457	15888577	2039332	13849245	2233513342	481784
19684863134	4081754	18	8	4465549	15888954	2039372	13849582	2233537943	481784
19685328571	4081844	15	8	4465643	15889327	2039405	13849922	2233562631	481784
19685764221	4081931	19	8	4465732	15889696	2039435	13850261	2233586908	481784
19686171195	4082022	17	8	4465832	15890092	2039478	13850614	2233613121	481784
19686669284	4082114	19	8	4465936	15890493	2039519	13850974	2233639675	481784
19687207727	4082203	17	8	4466034	15890886	2039557	13851329	2233665545	481784
19687765047	4082294	17	8	4466134	15891280	2039598	13851682	2233691538	481784
19688378757	4082379	17	8	4466223	15891666	2039639	13852027	2233716590	481784
19688912282	4082469	16	8	4466323	15892063	2039673	13852390	2233742612	481784
19689516693	4082554	21	8	4466412	15892449	2039715	13852734	2233767812	481784
19690007970	4082646	17	8	4466521	15892853	2039758	13853095	2233794643	481784
19690475374	4082734	18	8	4466614	15893232	2039789	13853443	2233819565	481784
19691135481	4082824	14	8	4466704	15893609	2039825	13853784	2233844358	481784
19691533117	4082914	15	8	4466799	15894009	2039868	13854141	2233870440	481784
19692073017	4083004	16	8	4466893	15894393	2039904	13854489	2233895590	481784
19692462571	4083095	14	8	4466989	15894785	2039947	13854838	2233921323	481784
19693043919	4083182	15	8	4467085	15895169	2039981	13855188	2233946438	481784
19693439481	4083269	17	8	4467174	15895550	2040017	13855533	2233971284	481784
19694068493	4083362	15	8	4467275	15895949	2040053	13855896	2233997458	481784
19694712914	4083446	18	8	4467363	15896332	2040094	13856238	2234022334	481784
19695148527	4083540	14	8	4467461	15896719	2040133	13856586	2234047857	481784
19695794371	4083629	20	8	4467553	15897121	2040173	13856948	2234073910	481784
19696262419	4083718	16	8	4467646	15897505	2040211	13857294	2234098887	481784
19696836932	4083808	14	8	4467748	15897900	2040251	13857649	2234125020	481784
19697188134	4083895	17	8	4467844	15898270	2040290	13857980	2234149819	481784
19697693884	4083985	17	8	4467941	15898653	2040322	13858331	2234175126	481784
19698133422	4084077	17	8	4468037	15899042	2040356	13858686	2234200564	481784
19698709107	4084167	14	8	4468131	15899433	2040393	13859040	2234226005	481784
19699278425	4084254	17	8	4468221	15899828	2040437	13859391	2234251677	481784
19699980475	4084347	12	8	4468319	15900222	2040475	13859747	2234277519	481784
19700505234	4084437	13	8	4468412	15900612	2040508	13860104	2234302861	481784
19700949134	4084523	16	8	4468513	15901002	2040546	13860456	2234328727	481784
19701436684	4084613	16	8	4468608	15901380	2040585	13860795	2234353805	481784
19701768346	4084705	17	8	4468701	15901762	2040623	13861139	2234378861	481784
19702468463	4084794	13	8	4468794	15902177	2040677	13861500	2234405438	481784
19702903091	4084882	19	8	4468891	15902565	2040714	13861851	2234432459	481784
19703463774	4084971	18	8	4468983	15902935	2040751	13862184	2234456848	481784
19703782828	4085062	22	8	4469077	15903317	2040790	13862527	2234481949	481784
19704425085	4085150	20	8	4469172	15903707	2040830	13862877	2234507463	481784
19704812187	4085243	17	8	4469269	15904113	2040876	13863237	2234533920	481784
19705311883	4085330	15	8	4469365	15904481	2040908	13863573	2234558446	481784
19705735857	4085418	20	8	4469456	15904871	2040954	13863917	2234583923	481784
19706488924	4085507	16	8	4469555	15905262	2040993	13864269	2234609639	481784
19707050259	4085600	17	8	4469652	15905674	2041030	13864644	2234636283	481784
19707531377	4085687	14	8	4469747	15906049	2041070	13864979	2234661044	481784
19708135861	4085779	11	8	4469849	15906458	2041107	13865351	2234687778	481784
19708658425	4085864	12	8	4469937	15906827	2041150	13865677	2234712055	481784
19709222818	4085952	15	8	4470037	15907212	2041180	13866032	2234737461	481784
19709708371	4086039	16	8	4470129	15907586	2041220	13866366	2234762038	481784
19710325822	4086130	18	8	4470225	15907990	2041259	13866731	2234788376	481784
19710804225	4086217	14	8	4470317	15908360	2041301	13867059	2234812778	481784
19711328040	4086308	18	8	4470415	15908757	2041347	13867410	2234839113	481784
19711908273	4086396	17	8	4470508	15909136	2041391	13867745	2234864101	481784
19712462825	4086490	15	8	4470606	15909529	2041424	13868105	2234889919	481784
19712957034	4086577	14	8	4470699	15909909	2041460	13868449	2234914803	481784
19713578794	4086667	16	8	4470793	15910304	2041494	13868810	2234940525	481784
19714357970	4086754	16	8	4470885	15910679	2041530	13869149	2234965159	481784
19714817106	4086845	17	8	4470980	15911080	2041572	13869508	2234991119	481784
19715315207	4086935	18	8	4471076	15911474	2041612	13869862	2235016981	481784
19715657933	4087025	16	8	4471171	15911855	2041651	13870204	2235041981	481784
19716156806	4087116	16	8	4471269	15912255	2041690	13870565	2235068233	481784
19716697981	4087206	14	8	4471372	15912652	2041719	13870933	2235094162	481784
19717215239	4087293	17	8	4471471	15913035	2041754	13871281	2235119633	481784
19717828704	4087382	15	8	4471566	15913431	2041790	13871641	2235145450	481784
19718330942	4087472	14	8	4471660	15913815	2041831	13871984	2235170694	481784
19718855731	4087564	15	8	4471756	15914207	2041865	13872342	2235196348	481784
19719312761	4087652	17	8	4471846	15914599	2041912	13872687	2235221785	481784
19719651414	4087744	16	8	4471944	15914990	2041947	13873043	2235247564	481784
19720159914	4087830	18	8	4472040	15915371	2041984	13873387	2235272786	481784
19720723305	4087922	15	8	4472143	15915761	2042020	13873741	2235298654	481784
19721070415	4088012	15	8	4472239	15916133	2042050	13874083	2235323322	481784
19721455564	4088102	14	8	4472333	15916517	2042083	13874434	2235348446	481784
19721848469	4088190	14	8	4472433	15916909	2042128	13874781	2235374305	481784
19722397490	4088280	15	8	4472532	15917308	2042170	13875138	2235400638	481784
19722871271	4088368	16	8	4472624	15917702	2042223	13875479	2235426313	481784
19723192961	4088457	14	8	4472714	15918083	2042262	13875821	2235451252	481784
19723805026	4088546	19	8	4472813	15918488	2042299	13876189	2235477622	481784
19724346043	4088637	19	8	4472912	15918874	2042336	13876538	2235503101	481784
19724729460	4088726	21	8	4473014	15919260	2042370	13876890	2235528842	481784
19725150034	4088817	16	8	4473110	15919656	2042410	13877246	2235554705	481784
19725718626	4088906	16	8	4473204	15920043	2042437	13877606	2235579841	481784
19726196559	4088997	17	8	4473302	15920440	2042474	13877966	2235605773	481784
19726513554	4089086	13	8	4473400	15920825	2042519	13878306	2235631251	481784
19727338071	4089173	18	8	4473491	15921221	2042560	13878661	2235656956	481784
19727868919	4089264	16	8	4473584	15921625	2042612	13879013	2235683277	481784
19728351289	4089354	14	8	4473678	15922016	2042655	13879361	2235708817	481784
19728901378	4089441	14	8	4473768	15922390	2042683	13879707	2235733120	481784
19729444008	4089531	13	8	4473862	15922779	2042721	13880058	2235758547	481784
19729819444	4089621	17	8	4473955	15923157	2042755	13880402	2235783294	481784
19730311275	4089710	19	8	4474051	15923568	2042794	13880774	2235810295	481784
19730654262	4089799	21	8	4474141	15923949	2042834	13881115	2235835292	481784
19731058963	4089892	16	8	4474240	15924328	2042867	13881461	2235860505	481784
19731821594	4089980	18	8	4474330	15924714	2042898	13881816	2235885586	481784
19732374265	4090072	18	8	4474429	15925114	2042940	13882174	2235911894	481784
19732706021	4090163	16	8	4474522	15925491	2042980	13882511	2235936795	481784
19733335243	4090252	16	8	4474618	15925887	2043023	13882864	2235962728	481784
19733836432	4090340	19	8	4474709	15926262	2043052	13883210	2235987179	481784
19734293371	4090432	12	8	4474806	15926650	2043088	13883562	2236012613	481784
19734759720	4090518	14	8	4474896	15927012	2043115	13883897	2236036437	481784
19735356138	4090608	14	8	4474992	15927399	2043150	13884249	2236061842	481784
19735885352	4090696	16	8	4475083	15927780	2043190	13884590	2236086797	481784
19736328093	4090788	16	8	4475183	15928162	2043223	13884939	2236112149	481784
19736675820	4090877	17	8	4475277	15928541	2043263	13885278	2236137233	481784
19737430241	4090969	18	8	4475370	15928947	2043307	13885640	2236163462	481784
19737982720	4091058	18	8	4475464	15929339	2043339	13886000	2236188861	481784
19738488556	4091148	16	8	4475565	15929727	2043368	13886359	2236214385	481784
19739095554	4091237	17	8	4475659	15930123	2043405	13886718	2236240036	481784
19739836745	4091327	17	8	4475752	15930530	2043456	13887074	2236266435	481784
19740302210	4091417	16	8	4475844	15930904	2043492	13887412	2236291113	481784
19740764322	4091508	17	8	4475939	15931300	2043534	13887766	2236316920	481784
19741232251	4091597	17	8	4476033	15931701	2043575	13888126	2236342966	481784
19741802518	4091688	12	8	4476130	15932084	2043609	13888475	2236368137	481784
19742392610	4091777	12	8	4476223	15932474	2043640	13888834	2236393455	481784
19742802840	4091864	15	8	4476321	15932860	2043677	13889183	2236418869	481784
19743120027	4091953	18	8	4476416	15933239	2043715	13889524	2236444063	481784
19743621714	4092040	18	8	4476508	15933627	2043754	13889873	2236469359	481784
19744206510	4092132	16	8	4476609	15934029	2043795	13890234	2236495800	481784
19744718957	4092222	18	8	4476708	15934422	2043829	13890593	2236521510	481784
19745218053	4092310	18	8	4476800	15934807	2043870	13890937	2236546706	481784
19745628093	4092399	19	8	4476898	15935211	2043915	13891296	2236573053	481784
19746097710	4092491	18	8	4476992	15935600	2043950	13891650	2236598403	481784
19746660007	4092582	12	8	4477089	15935980	2043983	13891997	2236623460	481784
19747121899	4092671	16	8	4477185	15936378	2044025	13892353	2236649508	481784
19747472157	4092759	16	8	4477277	15936749	2044057	13892692	2236673814	481784
19748039341	4092850	17	8	4477369	15937150	2044096	13893054	2236699653	481784
19748481931	4092939	15	8	4477462	15937540	2044140	13893400	2236725213	481784
19749164853	4093032	14	8	4477559	15937938	2044177	13893761	2236751140	481784
19749698186	4093117	17	8	4477648	15938310	2044212	13894098	2236775566	481784
19750168272	4093209	17	8	4477745	15938699	2044252	13894447	2236801092	481784
19750666909	4093299	15	8	4477840	15939098	2044287	13894811	2236826998	481784
19751233326	4093387	17	8	4477933	15939491	2044325	13895166	2236852578	481784
19751635490	4093478	19	8	4478030	15939875	2044359	13895516	2236877936	481784
19752185810	4093566	20	8	4478120	15940261	2044407	13895854	2236903233	481784
19752680131	4093658	18	8	4478216	15940658	2044442	13896216	2236929133	481784
19753076037	4093746	22	8	4478314	15941049	2044477	13896572	2236954773	481784
19753633205	4093839	14	8	4478416	15941433	2044509	13896924	2236980229	481784
19754099702	4093928	18	8	4478514	15941838	2044551	13897287	2237006798	481784
19754495751	4094017	14	8	4478611	15942204	2044587	13897617	2237031226	481784
19755135376	4094107	15	8	4478702	15942607	2044627	13897980	2237057248	481784
19755791267	4094193	15	8	4478790	15942979	2044664	13898315	2237081404	481784
19756307194	4094285	15	8	4478886	15943371	2044702	13898669	2237107028	481784
19756838869	4094371	16	8	4478973	15943725	2044727	13898998	2237130253	481784
19757534553	4094463	15	8	4479072	15944139	2044770	13899369	2237157109	481784
19758118761	4094550	20	8	4479159	15944536	2044815	13899721	2237182705	481784
19758536250	4094642	16	8	4479255	15944940	2044868	13900072	2237209046	481784
19759069428	4094735	19	8	4479352	15945341	2044910	13900431	2237235273	481784
19759450006	4094820	17	8	4479446	15945714	2044945	13900769	2237259851	481784
19759966786	4094911	17	8	4479543	15946097	2044984	13901113	2237285370	481784
19760578758	4095002	17	8	4479639	15946498	2045030	13901468	2237311517	481784
19761048184	4095091	16	8	4479741	15946895	2045065	13901830	2237337710	481784
19761409560	4095180	19	8	4479832	15947282	2045104	13902178	2237362774	481784
19761987755	4095270	11	8	4479929	15947672	2045149	13902523	2237388437	481784
19762429061	4095360	15	8	4480026	15948073	2045194	13902879	2237414767	481784
19762858258	4095447	14	8	4480120	15948450	2045230	13903220	2237439731	481784
19763239911	4095538	15	8	4480215	15948849	2045264	13903585	2237465492	481784
19763959790	4095624	17	8	4480310	15949236	2045303	13903933	2237490879	481784
19764374855	4095715	19	8	4480409	15949645	2045360	13904285	2237517769	481784
19764923675	4095805	17	8	4480507	15950033	2045399	13904634	2237543342	481784
19765502852	4095897	17	8	4480601	15950432	2045438	13904994	2237569285	481784
19765942945	4095986	20	8	4480697	15950814	2045476	13905338	2237594493	481784
19766413926	4096078	13	8	4480797	15951201	2045510	13905691	2237620020	481784
19766889413	4096165	16	8	4480892	15951578	2045543	13906035	2237644992	481784
19767327001	4096256	18	8	4480992	15951965	2045577	13906388	2237670606	481784
19767681929	4096346	13	8	4481096	15952346	2045602	13906744	2237696071	481784
19768381422	4096435	13	8	4481192	15952740	2045629	13907111	2237721700	481784
19768805452	4096522	14	8	4481285	15953108	2045669	13907439	2237746114	481784
19769210624	4096612	15	8	4481379	15953494	2045704	13907790	2237771450	481784
19769690894	4096703	17	8	4481475	15953901	2045749	13908152	2237797845	481784
19769981653	4096790	18	8	4481565	15954272	2045791	13908481	2237822402	481784
19770570813	4096878	18	8	4481658	15954641	2045815	13908826	2237846679	481784
19771086111	4096972	14	8	4481760	15955050	2045858	13909192	2237873445	481784
19771578461	4097061	14	8	4481860	15955435	2045895	13909540	2237898966	481784
19772019946	4097150	17	8	4481954	15955828	2045932	13909896	2237924652	481784
19772463383	4097237	19	8	4482043	15956212	2045970	13910242	2237949680	481784
19772934215	4097330	18	8	4482143	15956614	2046005	13910609	2237975984	481784
19773367555	4097421	21	8	4482241	15956999	2046040	13910959	2238001363	481784
19773826806	4097512	15	8	4482335	15957387	2046078	13911309	2238026699	481784
19774184306	4097599	17	8	4482425	15957764	2046116	13911648	2238051297	481784
19774851059	4097690	14	8	4482519	15958159	2046150	13912009	2238077066	481784
19775463419	4097778	17	8	4482615	15958552	2046191	13912361	2238102799	481784
19775851829	4097869	14	8	4482708	15958940	2046228	13912712	2238128042	481784
19776355572	4097959	15	8	4482802	15959332	2046264	13913068	2238153502	481784
19776773908	4098048	16	8	4482895	15959709	2046299	13913410	2238178225	481784
19777328810	4098136	18	8	4482991	15960093	2046331	13913762	2238203504	481784
19777933945	4098226	16	8	4483085	15960483	2046370	13914113	2238228920	481784
19778493435	4098317	15	8	4483178	15960870	2046409	13914461	2238254254	481784
19778990752	4098406	18	8	4483269	15961256	2046449	13914807	2238279502	481784
19779518628	4098497	17	8	4483365	15961637	2046483	13915154	2238304638	481784
19779911325	4098588	15	8	4483458	15962027	2046521	13915506	2238329987	481784
19780260970	4098674	19	8	4483549	15962401	2046563	13915838	2238354750	481784
19780715848	4098767	19	8	4483646	15962799	2046606	13916193	2238380793	481784
19781258604	4098854	17	8	4483739	15963179	2046650	13916529	2238405920	481784
19781738721	4098945	13	8	4483833	15963561	2046682	13916879	2238430840	481784
19782395636	4099032	17	8	4483926	15963953	2046711	13917242	2238456208	481784
19782695944	4099123	15	8	4484025	15964331	2046750	13917581	2238481357	481784
19783009088	4099210	15	8	4484121	15964710	2046789	13917921	2238506411	481784
19783737379	4099301	13	8	4484218	15965102	2046819	13918283	2238531929	481784
19784165690	4099389	15	8	4484314	15965477	2046853	13918624	2238556784	481784
19784537356	4099478	14	8	4484413	15965859	2046886	13918973	2238582167	481784
19785119298	4099568	15	8	4484521	15966266	2046931	13919335	2238609309	481784
19785736679	4099657	15	8	4484615	15966651	2046970	13919681	2238634539	481784
19786191376	4099747	19	8	4484710	15967052	2047014	13920038	2238660695	481784
19786860049	4099832	20	8	4484816	15967446	2047046	13920400	2238686704	481784
19787440671	4099926	19	8	4484932	15967874	2047093	13920781	2238715173	481784
19787834072	4100013	15	8	4485026	15968248	2047133	13921115	2238739856	481784
19788430337	4100103	17	8	4485122	15968641	2047165	13921476	2238765642	481784
19788813008	4100189	21	8	4485221	15969020	2047202	13921818	2238790819	481784
19789245330	4100284	16	8	4485325	15969423	2047248	13922175	2238817411	481784
19789805787	4100373	15	8	4485417	15969832	2047297	13922535	2238843801	481784
19790406781	4100460	20	8	4485508	15970210	2047331	13922879	2238868600	481784
19791011852	4100551	14	8	4485601	15970597	2047367	13923230	2238893764	481784
19791469619	4100639	15	8	4485696	15970990	2047408	13923582	2238919390	481784
19792317823	4100729	13	8	4485789	15971376	2047440	13923936	2238944401	481784
19792824060	4100815	15	8	4485882	15971754	2047476	13924278	2238969293	481784
19793301880	4100903	14	8	4485974	15972139	2047512	13924627	2238994300	481784
19794035611	4100993	14	8	4486068	15972528	2047552	13924976	2239019783	481784
19794762439	4101081	14	8	4486163	15972920	2047592	13925328	2239045438	481784
19795472489	4101170	19	8	4486261	15973310	2047623	13925687	2239071051	481784
19795877996	4101259	15	8	4486355	15973687	2047666	13926021	2239096091	481784
19796409193	4101351	17	8	4486448	15974078	2047710	13926368	2239121622	481784
19796823927	4101439	17	8	4486538	15974450	2047745	13926705	2239146050	481784
19797212410	4101530	20	8	4486631	15974850	2047789	13927061	2239172101	481784
19797784983	4101621	18	8	4486728	15975237	2047823	13927414	2239197456	481784
19798296717	4101712	12	8	4486824	15975622	2047853	13927769	2239222671	481784
19798703511	4101801	18	8	4486926	15976014	2047892	13928122	2239248850	481784
19799186126	4101890	16	8	4487020	15976393	2047925	13928468	2239273566	481784
19799793803	4101980	15	8	4487110	15976784	2047964	13928820	2239298907	481784
19800187112	4102069	15	8	4487201	15977157	2047994	13929163	2239323402	481784
19800641852	4102160	13	8	4487297	15977525	2048020	13929505	2239347735	481784
19801194641	4102249	16	8	4487390	15977913	2048061	13929852	2239373091	481784
19801786860	4102337	16	8	4487489	15978304	2048102	13930202	2239399029	481784
19802403025	4102426	18	8	4487588	15978698	2048131	13930567	2239424866	481784
19802872038	4102516	17	8	4487681	15979086	2048174	13930912	2239450268	481784
19803384354	4102607	17	8	4487773	15979468	2048217	13931251	2239475532	481784
19803878306	4102698	16	8	4487868	15979852	2048254	13931598	2239500778	481784
19804490748	4102788	15	8	4487961	15980256	2048300	13931956	2239526902	481784
19804896577	4102875	16	8	4488051	15980631	2048337	13932294	2239551455	481784
19805561839	4102966	14	8	4488151	15981034	2048371	13932663	2239577697	481784
19805896081	4103056	19	8	4488242	15981417	2048412	13933005	2239602723	481784
19806385646	4103146	17	8	4488339	15981793	2048442	13933351	2239627743	481784
19806868077	4103236	14	8	4488432	15982188	2048489	13933699	2239653453	481784
19807412866	4103325	17	8	4488522	15982571	2048528	13934043	2239678444	481784
19807956911	4103417	16	8	4488617	15982956	2048569	13934387	2239703809	481784
19808442254	4103507	16	8	4488715	15983352	2048608	13934744	2239729820	481784
19808856183	4103594	17	8	4488816	15983741	2048644	13935097	2239755632	481784
19809464912	4103686	19	8	4488913	15984137	2048685	13935452	2239781583	481784
19809835395	4103774	14	8	4489008	15984516	2048720	13935796	2239806470	481784
19810348605	4103863	15	8	4489102	15984901	2048756	13936145	2239831709	481784
19811042827	4103952	18	8	4489195	15985298	2048798	13936500	2239857486	481784
19811390617	4104044	16	8	4489291	15985669	2048828	13936841	2239882111	481784
19811932641	4104134	15	8	4489384	15986058	2048868	13937190	2239907627	481784
19812564589	4104222	18	8	4489477	15986431	2048901	13937530	2239932191	481784
19813065341	4104314	13	8	4489585	15986825	2048938	13937887	2239958482	481784
19813582866	4104400	18	8	4489676	15987194	2048973	13938221	2239982951	481784
19814061252	4104488	17	8	4489766	15987576	2049013	13938563	2240007859	481784
19814477030	4104577	15	8	4489861	15987952	2049049	13938903	2240032635	481784
19814921323	4104669	15	8	4489961	15988368	2049093	13939275	2240059719	481784
19815532628	4104759	17	8	4490054	15988748	2049125	13939623	2240084639	481784
19815911966	4104850	18	8	4490151	15989126	2049162	13939964	2240109758	481784
19816331846	4104938	16	8	4490252	15989504	2049195	13940309	2240134978	481784
19816722150	4105025	18	8	4490352	15989885	2049229	13940656	2240160330	481784
19817327169	4105113	20	8	4490445	15990270	2049262	13941008	2240185480	481784
19817787111	4105204	14	8	4490546	15990664	2049304	13941360	2240211479	481784
19818419253	4105295	19	8	4490643	15991082	2049348	13941734	2240238393	481784
19818953710	4105386	15	8	4490738	15991468	2049380	13942088	2240263716	481784
19819538874	4105475	21	8	4490829	15991861	2049423	13942438	2240289312	481784
19819806714	4105564	17	8	4490923	15992228	2049456	13942772	2240313601	481784
19820385351	4105655	16	8	4491025	15992638	2049492	13943146	2240340421	481784
19820782298	4105740	17	8	4491118	15992997	2049523	13943474	2240364318	481784
19821473321	4105834	15	8	4491222	15993416	2049566	13943850	2240391653	481784
19822010039	4105918	18	8	4491308	15993796	2049614	13944182	2240416460	481784
19822597209	4106009	18	8	4491411	15994207	2049654	13944553	2240443443	481784
19823112584	4106097	17	8	4491504	15994578	2049692	13944886	2240467898	481784
19823611422	4106191	18	8	4491605	15994979	2049732	13945247	2240494286	481784
19823993340	4106277	15	8	4491692	15995340	2049772	13945568	2240518071	481784
19824446784	4106370	14	8	4491798	15995742	2049805	13945937	2240544722	481784
19824960402	4106456	18	8	4491893	15996128	2049842	13946286	2240570244	481784
19825400157	4106547	19	8	4491992	15996523	2049877	13946646	2240595945	481784
19826057102	4106636	15	8	4492086	15996897	2049914	13946983	2240620775	481784
19826645041	4106725	16	8	4492177	15997283	2049949	13947334	2240645899	481784
19827128949	4106815	22	8	4492273	15997682	2049994	13947688	2240671977	481784
19827687064	4106908	16	8	4492382	15998075	2050025	13948050	2240698173	481784
19828222660	4106996	15	8	4492479	15998469	2050064	13948405	2240724111	481784
19828734435	4107087	17	8	4492572	15998867	2050110	13948757	2240749991	481784
19829534851	4107174	16	8	4492664	15999252	2050151	13949101	2240775155	481784
19830092168	4107266	14	8	4492759	15999643	2050186	13949457	2240800632	481784
19830552916	4107353	12	8	4492850	16000014	2050223	13949791	2240825034	481784
19831029632	4107443	16	8	4492946	16000420	2050264	13950156	2240851348	481784
19831666452	4107532	15	8	4493045	16000817	2050311	13950506	2240877403	481784
19832356737	4107622	16	8	4493141	16001203	2050345	13950858	2240902835	481784
19832910162	4107711	19	8	4493240	16001598	2050397	13951201	2240929019	481784
19833367530	4107802	16	8	4493337	16001991	2050430	13951561	2240954758	481784
19834261092	4107894	15	8	4493432	16002398	2050475	13951923	2240981234	481784
19834687575	4107981	16	8	4493523	16002769	2050510	13952259	2241005622	481784
19835253527	4108069	17	8	4493626	16003163	2050546	13952617	2241031756	481784
19835778842	4108162	16	8	4493725	16003564	2050593	13952971	2241058240	481784
19836212862	4108254	16	8	4493818	16003943	2050633	13953310	2241083276	481784
19836784411	4108343	19	8	4493909	16004342	2050679	13953663	2241109125	481784
19837121481	4108432	16	8	4494001	16004700	2050714	13953986	2241133047	481784
19837533353	4108524	16	8	4494093	16005083	2050748	13954335	2241158064	481784
19838155913	4108612	16	8	4494183	16005468	2050790	13954678	2241183132	481784
19838706452	4108703	19	8	4494281	16005860	2050827	13955033	2241208991	481784
19839270508	4108791	17	8	4494378	16006237	2050859	13955378	2241233882	481784
19839665688	4108884	12	8	4494477	16006630	2050897	13955733	2241259672	481784
19840069023	4108971	16	8	4494570	16007002	2050930	13956072	2241284171	481784
19840400627	4109061	14	8	4494681	16007397	2050968	13956429	2241310976	481784
19840745636	4109150	17	8	4494779	16007786	2051004	13956782	2241336604	481784
19841237691	4109241	13	8	4494883	16008159	2051027	13957132	2241361460	481784
19841783711	4109329	19	8	4494977	16008546	2051061	13957485	2241386801	481784
19842300019	4109419	14	8	4495077	16008947	2051098	13957849	2241412992	481784
19842908185	4109509	17	8	4495174	16009335	2051138	13958197	2241440036	481783
19843296809	4109598	17	8	4495267	16009708	2051175	13958533	2241464685	481783
19843694372	4109690	16	8	4495368	16010100	2051205	13958895	2241490441	481783
19844232671	4109777	19	8	4495461	16010474	2051239	13959235	2241515030	481783
19844788290	4109868	17	8	4495557	16010861	2051281	13959580	2241540584	481783
19845474365	4109957	15	8	4495656	16011247	2051317	13959930	2241566069	481783
19846051346	4110045	19	8	4495750	16011642	2051360	13960282	2241592103	481783
19846458820	4110136	20	8	4495847	16012028	2051397	13960631	2241617547	481783
19846925238	4110226	14	8	4495944	16012409	2051428	13960981	2241642604	481783
19847368855	4110320	14	8	4496047	16012814	2051469	13961345	2241669257	481783
19848071611	4110405	16	8	4496136	16013176	2051498	13961678	2241693087	481783
19848588455	4110497	14	8	4496231	16013572	2051535	13962037	2241718834	481783
19849289416	4110585	15	8	4496326	16013952	2051573	13962379	2241743874	481783
19849877969	4110672	16	8	4496424	16014353	2051621	13962732	2241770202	481783
19850500459	4110761	16	8	4496518	16014747	2051665	13963082	2241795984	481783
19850989593	4110849	15	8	4496613	16015121	2051703	13963418	2241820800	481783
19851470737	4110937	20	8	4496704	16015493	2051740	13963753	2241845215	481783
19851941401	4111028	15	8	4496799	16015876	2051780	13964096	2241870533	481783
19852541775	4111117	22	8	4496891	16016279	2051828	13964451	2241896808	481783
19853068706	4111208	18	8	4496986	16016673	2051866	13964807	2241922494	481783
19853578011	4111301	16	8	4497082	16017063	2051898	13965165	2241948106	481783
19853963069	4111387	14	8	4497170	16017411	2051934	13965477	2241971303	481783
19854647475	4111477	14	8	4497265	16017815	2051977	13965838	2241997423	481783
19855150077	4111565	16	8	4497358	16018217	2052021	13966196	2242023466	481783
19855616602	4111656	14	8	4497455	16018601	2052056	13966545	2242048796	481783
19856121220	4111743	17	8	4497545	16018991	2052099	13966892	2242074015	481783
19856649555	4111834	15	8	4497639	16019378	2052129	13967249	2242099265	481783
19857157072	4111924	15	8	4497735	16019751	2052160	13967591	2242123877	481783
19857461977	4112013	16	8	4497836	16020129	2052193	13967936	2242149186	481783
19858162106	4112101	15	8	4497926	16020509	2052228	13968281	2242173877	481783
19858798554	4112192	14	8	4498021	16020896	2052264	13968632	2242199336	481783
19859288314	4112279	16	8	4498115	16021275	2052305	13968970	2242224301	481783
19859880650	4112369	15	8	4498214	16021661	2052338	13969323	2242249768	481783
19860359573	4112459	16	8	4498308	16022055	2052378	13969677	2242275509	481783
19860844558	4112549	16	8	4498404	16022450	2052423	13970027	2242301336	481783
19861289503	4112640	17	8	4498498	16022835	2052456	13970379	2242326589	481783
19861746306	4112729	20	8	4498591	16023222	2052496	13970726	2242351988	481783
19862106577	4112820	20	8	4498686	16023612	2052542	13971070	2242377582	481783
19862476582	4112910	16	8	4498794	16024004	2052576	13971428	2242403704	481783
19862846494	4112995	16	8	4498892	16024371	2052608	13971763	2242428249	481783
19863321249	4113082	18	8	4498979	16024738	2052636	13972102	2242452167	481783
19863723348	4113173	19	8	4499071	16025141	2052692	13972449	2242478304	481783
19864414000	4113266	16	8	4499167	16025534	2052730	13972804	2242504073	481783
19864773309	4113355	16	8	4499258	16025913	2052764	13973149	2242528861	481783
19865351624	4113445	19	8	4499351	16026317	2052804	13973513	2242554858	481783
19865804335	4113533	16	8	4499440	16026694	2052838	13973856	2242579435	481783
19866435164	4113622	18	8	4499531	16027087	2052883	13974204	2242604991	481783
19866927968	4113715	13	8	4499637	16027490	2052924	13974566	2242631595	481783
19867352364	4113802	18	8	4499732	16027892	2052976	13974916	2242657889	481783
19867898447	4113890	17	8	4499829	16028272	2053003	13975269	2242682821	481783
19868492123	4113982	16	8	4499931	16028669	2053041	13975628	2242709017	481783
19869068584	4114071	16	8	4500028	16029059	2053076	13975983	2242734600	481783
19869587044	4114163	15	8	4500123	16029459	2053123	13976336	2242760758	481783
19870138529	4114251	16	8	4500217	16029853	2053166	13976687	2242786476	481783
19870560331	4114339	17	8	4500312	16030232	2053202	13977030	2242811411	481783
19871254337	4114430	17	8	4500409	16030626	2053233	13977393	2242837124	481783
19871703923	4114520	17	8	4500502	16031012	2053281	13977731	2242862522	481783
19872287889	4114610	16	8	4500597	16031411	2053317	13978094	2242888527	481783
19872671672	4114699	18	8	4500691	16031806	2053364	13978442	2242914368	481783
19873053716	4114791	16	8	4500786	16032183	2053398	13978785	2242939257	481783
19873685567	4114882	17	8	4500883	16032595	2053444	13979151	2242965939	481783
19874238110	4114968	16	8	4500976	16032975	2053481	13979494	2242990797	481783
19874699952	4115057	16	8	4501084	16033380	2053525	13979855	2243017934	481783
19875139194	4115146	16	8	4501179	16033762	2053567	13980195	2243043044	481783
19875479583	4115237	17	8	4501274	16034142	2053605	13980537	2243068239	481783
19875949720	4115325	16	8	4501369	16034526	2053646	13980880	2243093523	481783
19876494351	4115419	16	8	4501469	16034924	2053680	13981244	2243119620	481783
19877013411	4115507	14	8	4501560	16035298	2053719	13981579	2243144184	481783
19877390441	4115596	15	8	4501654	16035701	2053771	13981930	2243170491	481783
19877914287	4115684	16	8	4501751	16036094	2053812	13982282	2243196344	481783
19878522667	4115776	14	8	4501848	16036481	2053847	13982634	2243221650	481783
19878999082	4115865	15	8	4501938	16036860	2053886	13982974	2243246423	481783
19879454521	4115953	14	8	4502032	16037253	2053925	13983328	2243272059	481783
19879922795	4116041	17	8	4502126	16037646	2053971	13983675	2243297812	481783
19880434227	4116133	13	8	4502222	16038030	2053997	13984033	2243322762	481783
19880877579	4116221	18	8	4502325	16038418	2054032	13984386	2243348499	481783
19881448342	4116311	17	8	4502423	16038821	2054072	13984749	2243374898	481783
19881971320	4116399	19	8	4502519	16039204	2054113	13985091	2243400228	481783
19882529779	4116493	14	8	4502617	16039602	2054157	13985445	2243426402	481783
19882917928	4116581	18	8	4502710	16039978	2054188	13985790	2243451194	481783
19883382817	4116671	17	8	4502803	16040361	2054222	13986139	2243476232	481783
19883860554	4116762	17	8	4502896	16040750	2054267	13986483	2243501694	481783
19884223967	4116852	15	8	4502992	16041136	2054305	13986831	2243527060	481783
19884556529	4116941	14	8	4503088	16041517	2054340	13987177	2243552095	481783
19885057918	4117029	16	8	4503181	16041893	2054373	13987520	2243576845	481783
19885338205	4117120	12	8	4503274	16042269	2054408	13987861	2243601392	481783
19885843121	4117206	17	8	4503364	16042659	2054444	13988215	2243626670	481783
19886205436	4117296	16	8	4503461	16043032	2054475	13988557	2243651459	481783
19886663323	4117386	17	8	4503554	16043422	2054513	13988909	2243676864	481783
19887155926	4117476	16	8	4503656	16043812	2054551	13989261	2243702696	481783
19887760909	4117567	17	8	4503752	16044202	2054582	13989620	2243728249	481783
19888193757	4117657	17	8	4503845	16044589	2054623	13989966	2243753528	481783
19888779951	4117748	16	8	4503937	16044981	2054665	13990316	2243779081	481783
19889175306	4117836	19	8	4504026	16045349	2054695	13990654	2243803264	481783
19889632864	4117926	19	8	4504125	16045737	2054738	13990999	2243828981	481783
19890152095	4118016	16	8	4504228	16046131	2054783	13991348	2243855247	481783
19890886000	4118107	16	8	4504325	16046522	2054819	13991703	2243880769	481783
19891435684	4118193	17	8	4504415	16046912	2054867	13992045	2243906298	481783
19891993187	4118284	17	8	4504513	16047302	2054899	13992403	2243931867	481783
19892542943	4118374	14	8	4504606	16047701	2054947	13992754	2243957847	481783
19893119279	4118462	16	8	4504696	16048090	2054992	13993098	2243983186	481783
19893596080	4118552	17	8	4504788	16048485	2055027	13993458	2244008750	481783
19894097769	4118641	17	8	4504879	16048884	2055075	13993809	2244034586	481783
19894738450	4118731	16	8	4504973	16049281	2055118	13994163	2244060415	481783
19895368124	4118822	18	8	4505066	16049677	2055159	13994518	2244086165	481783
19896096921	4118913	18	8	4505160	16050075	2055203	13994872	2244112119	481783
19896653675	4119003	17	8	4505253	16050478	2055250	13995228	2244138269	481783
19897169967	4119093	16	8	4505349	16050872	2055294	13995578	2244164133	481783
19897602739	4119185	15	8	4505445	16051266	2055336	13995930	2244189944	481783
19898140718	4119272	13	8	4505536	16051642	2055374	13996268	2244214548	481783
19898664219	4119360	15	8	4505633	16052032	2055413	13996619	2244240186	481783
19899117372	4119449	17	8	4505730	16052432	2055451	13996981	2244266299	481783
19899533794	4119539	15	8	4505823	16052810	2055482	13997328	2244290913	481783
19899995786	4119630	22	8	4505918	16053205	2055524	13997681	2244316705	481783
19900516845	4119715	16	8	4506010	16053588	2055555	13998033	2244341508	481783
19900980883	4119808	16	8	4506111	16053977	2055589	13998388	2244367250	481783
19901435271	4119898	15	8	4506218	16054375	2055622	13998753	2244393695	481783
19901946203	4119987	17	8	4506315	16054777	2055659	13999118	2244420052	481783
19902517570	4120078	18	8	4506412	16055163	2055701	13999462	2244445470	481783
19903066554	4120168	15	8	4506506	16055544	2055732	13999812	2244470424	481783
19903644382	4120256	13	8	4506598	16055931	2055762	14000169	2244495383	481783
19904020453	4120346	13	8	4506690	16056320	2055809	14000511	2244520709	481783
19904467813	4120433	16	8	4506781	16056691	2055847	14000844	2244545274	481783
19904835505	4120522	18	8	4506880	16057076	2055892	14001184	2244570877	481783
19905274050	4120614	13	8	4506979	16057472	2055935	14001537	2244596837	481783
19905937376	4120701	18	8	4507078	16057885	2055977	14001908	2244623643	481783
19906503554	4120791	17	8	4507172	16058277	2056014	14002263	2244649262	481783
19907188295	4120885	19	8	4507269	16058676	2056061	14002615	2244675351	481783
19907624985	4120971	16	8	4507367	16059051	2056099	14002952	2244700275	481783
19908032433	4121062	17	8	4507463	16059449	2056132	14003317	2244726208	481783
19908559037	4121151	17	8	4507559	16059842	2056173	14003669	2244751995	481783
19909125526	4121242	16	8	4507654	16060236	2056210	14004026	2244777695	481783
19909551319	4121331	16	8	4507751	16060613	2056248	14004365	2244802711	481783
19909922969	4121423	11	8	4507856	16061032	2056299	14004733	2244830061	481783
19910487521	4121512	15	8	4507952	16061426	2056346	14005080	2244855929	481783
19910926783	4121600	14	8	4508044	16061802	2056379	14005423	2244880496	481783
19911432461	4121687	15	8	4508134	16062173	2056420	14005753	2244904979	481783
19911878636	4121776	14	8	4508232	16062559	2056459	14006100	2244930483	481783
19912549882	4121868	14	8	4508331	16062956	2056488	14006468	2244956353	481783
19913039943	4121955	18	8	4508425	16063339	2056529	14006810	2244981713	481783
19913664620	4122045	18	8	4508517	16063729	2056570	14007159	2245007130	481783
19914147378	4122136	20	8	4508612	16064101	2056605	14007496	2245031726	481783
19914805521	4122229	18	8	4508712	16064496	2056646	14007850	2245057830	481783
19915175357	4122319	19	8	4508805	16064893	2056691	14008202	2245083713	481783
19915653022	4122408	16	8	4508904	16065278	2056728	14008550	2245109220	481783
19916281836	4122498	18	8	4509002	16065668	2056769	14008899	2245134987	481783
19916783471	4122589	14	8	4509097	16066042	2056805	14009237	2245159684	481783
19917317711	4122680	14	8	4509195	16066437	2056841	14009596	2245185612	481783
19917884273	4122767	16	8	4509286	16066810	2056879	14009931	2245210147	481783
19918445488	4122859	17	8	4509384	16067212	2056914	14010298	2245236423	481783
19918922522	4122948	17	8	4509485	16067603	2056957	14010646	2245262369	481783
19919413736	4123038	16	8	4509579	16067979	2056994	14010985	2245287231	481783
19920022291	4123127	16	8	4509670	16068369	2057035	14011334	2245312680	481783
19920638593	4123214	19	8	4509765	16068747	2057075	14011672	2245337650	481783
19921136387	4123305	14	8	4509864	16069143	2057109	14012034	2245363629	481783
19921697887	4123392	17	8	4509954	16069535	2057158	14012377	2245389148	481783
19922216162	4123482	17	8	4510049	16069933	2057203	14012730	2245415027	481783
19922734857	4123572	18	8	4510145	16070324	2057239	14013085	2245440562	481783
19923388544	4123661	18	8	4510239	16070722	2057290	14013432	2245466730	481783
19924109776	4123748	16	8	4510331	16071101	2057323	14013778	2245491451	481783
19924590328	4123837	16	8	4510428	16071484	2057361	14014123	2245516814	481783
19925183056	4123928	16	8	4510531	16071883	2057395	14014488	2245543067	481783
19925702778	4124019	16	8	4510631	16072285	2057447	14014838	2245569595	481783
19926239852	4124110	14	8	4510731	16072683	2057483	14015200	2245595773	481783
19926699307	4124197	16	8	4510824	16073073	2057529	14015544	2245621323	481783
19927413490	4124287	18	8	4510921	16073469	2057561	14015908	2245647184	481783
19927819115	4124377	16	8	4511014	16073851	2057598	14016253	2245672259	481783
19928218773	4124470	15	8	4511115	16074252	2057640	14016612	2245698651	481783
19928872964	4124559	16	8	4511205	16074639	2057686	14016953	2245723961	481783
19929444959	4124647	17	8	4511298	16075027	2057724	14017303	2245749389	481783
19929993918	4124738	16	8	4511393	16075417	2057762	14017655	2245774819	481783
19930511362	4124825	17	8	4511493	16075817	2057808	14018009	2245801205	481783
19930885043	4124914	16	8	4511590	16076200	2057847	14018353	2245826532	481783
19931474837	4125002	17	8	4511686	16076581	2057885	14018696	2245851732	481783
19931913027	4125091	17	8	4511787	16076962	2057914	14019048	2245876875	481783
19932720733	4125183	13	8	4511885	16077360	2057946	14019414	2245902834	481783
19933268871	4125272	15	8	4511981	16077740	2057985	14019755	2245927915	481783
19933783678	4125362	15	8	4512075	16078124	2058025	14020099	2245953288	481783
19934266980	4125449	15	8	4512167	16078494	2058069	14020425	2245977763	481783
19934935628	4125540	16	8	4512272	16078907	2058105	14020802	2246004792	481783
19935507321	4125626	14	8	4512371	16079280	2058139	14021141	2246029592	481783
19935885684	4125716	17	8	4512469	16079681	2058181	14021500	2246055963	481783
19936254273	4125806	17	8	4512565	16080062	2058225	14021837	2246081086	481783
19936755963	4125896	18	8	4512659	16080466	2058271	14022195	2246107353	481783
19937266406	4125984	18	8	4512750	16080838	2058306	14022532	2246131713	481783
19937906002	4126075	17	8	4512849	16081252	2058355	14022897	2246158747	481783
19938523967	4126163	16	8	4512948	16081630	2058387	14023243	2246183720	481783
19938998465	4126252	16	8	4513040	16082011	2058426	14023585	2246208759	481783
19939410113	4126342	16	8	4513137	16082403	2058465	14023938	2246234342	481783
19940023032	4126431	15	8	4513231	16082792	2058499	14024293	2246259812	481783
19940655674	4126521	18	8	4513321	16083175	2058534	14024641	2246284747	481783
19941137420	4126611	15	8	4513419	16083560	2058578	14024982	2246310339	481783
19941637483	4126701	16	8	4513515	16083968	2058625	14025343	2246336874	481783
19942184990	4126791	17	8	4513612	16084368	2058663	14025705	2246362938	481783
19942565400	4126880	16	8	4513708	16084740	2058703	14026037	2246387760	481783
19943147380	4126970	16	8	4513807	16085134	2058737	14026397	2246413771	481783
19943855005	4127060	14	8	4513900	16085521	2058773	14026748	2246439018	481783
19944439648	4127151	16	8	4513996	16085914	2058805	14027109	2246464676	481783
19944887799	4127240	17	8	4514089	16086308	2058840	14027468	2246490003	481783
19945467067	4127331	15	8	4514184	16086709	2058881	14027828	2246516015	481783
19945891006	4127418	19	8	4514274	16087082	2058916	14028166	2246540505	481783
19946465437	4127512	13	8	4514370	16087475	2058949	14028526	2246566040	481783
19946896947	4127599	16	8	4514460	16087851	2058991	14028860	2246590770	481783
19947220668	4127688	13	8	4514550	16088237	2059035	14029202	2246615924	481783
19947661486	4127777	19	8	4514643	16088630	2059080	14029550	2246641562	481783
19948127317	4127866	17	8	4514735	16089014	2059114	14029900	2246666499	481783
19948638086	4127958	18	8	4514832	16089432	2059164	14030268	2246693573	481783
19949099921	4128046	18	8	4514923	16089819	2059211	14030608	2246718957	481783
19949597605	4128138	13	8	4515020	16090210	2059254	14030956	2246744604	481783
19950183368	4128226	18	8	4515113	16090594	2059298	14031296	2246769978	481783
19950735950	4128315	19	8	4515205	16090981	2059341	14031640	2246795442	481783
19951155824	4128408	15	8	4515304	16091375	2059379	14031996	2246821317	481783
19951561270	4128498	19	8	4515397	16091758	2059407	14032351	2246846332	481783
19951947004	4128589	14	8	4515494	16092150	2059442	14032708	2246871929	481783
19952417556	4128678	15	8	4515586	16092545	2059487	14033058	2246897614	481783
19952740492	4128766	15	8	4515687	16092917	2059521	14033396	2246922713	481783
19953325238	4128856	16	8	4515782	16093311	2059565	14033746	2246948446	481783
19953789582	4128944	12	8	4515881	16093697	2059601	14034096	2246973984	481783
19954329250	4129034	16	8	4515978	16094098	2059645	14034453	2247000247	481783
19954790150	4129120	19	8	4516072	16094503	2059697	14034806	2247026729	481783
19955427352	4129212	16	8	4516169	16094879	2059732	14035147	2247051689	481783
19956016240	4129304	15	8	4516270	16095293	2059778	14035515	2247078778	481783
19956639860	4129391	17	8	4516362	16095683	2059821	14035862	2247104202	481783
19957170145	4129481	20	8	4516459	16096089	2059868	14036221	2247130765	481783
19957809449	4129573	18	8	4516559	16096502	2059922	14036580	2247157731	481783
19958365561	4129663	15	8	4516662	16096898	2059960	14036938	2247183995	481783
19958909088	4129751	18	8	4516757	16097286	2060000	14037286	2247209440	481783
19959446150	4129839	17	8	4516850	16097670	2060040	14037630	2247234636	481783
19959849709	4129929	16	8	4516949	16098067	2060085	14037982	2247260982	481783
19960404371	4130016	17	8	4517050	16098455	2060121	14038334	2247286701	481783
19961073553	4130106	20	8	4517148	16098851	2060163	14038688	2247312706	481783
19961651503	4130197	16	8	4517245	16099265	2060214	14039051	2247339565	481783
19962127788	4130285	15	8	4517335	16099637	2060250	14039387	2247363954	481783
19962614893	4130376	14	8	4517432	16100030	2060291	14039739	2247389868	481783
19963142663	4130462	18	8	4517524	16100413	2060331	14040082	2247414903	481783
19963721925	4130554	14	8	4517628	16100805	2060366	14040439	2247441007	481783
19964279383	4130641	17	8	4517725	16101191	2060409	14040782	2247466595	481783
19964907550	4130729	16	8	4517820	16101576	2060453	14041123	2247492046	481783
19965309282	4130818	19	8	4517913	16101970	2060500	14041470	2247517796	481783
19965836270	4130908	15	8	4518005	16102347	2060534	14041813	2247542432	481783
19966402232	4131000	18	8	4518102	16102756	2060569	14042187	2247568792	481783
19966785667	4131087	15	8	4518195	16103125	2060601	14042524	2247593231	481783
19967617029	4131179	17	8	4518290	16103522	2060640	14042882	2247619202	481783
19968075896	4131266	17	8	4518385	16103905	2060672	14043233	2247644249	481783
19968671744	4131355	19	8	4518483	16104307	2060717	14043590	2247670575	481783
19969027882	4131443	17	8	4518582	16104691	2060759	14043932	2247696163	481783
19969581163	4131533	19	8	4518676	16105077	2060800	14044277	2247721570	481783
19969991882	4131625	17	8	4518776	16105465	2060835	14044630	2247747015	481783
19970409802	4131714	14	8	4518873	16105855	2060877	14044978	2247772697	481783
19970931749	4131802	17	8	4518964	16106242	2060915	14045327	2247798024	481783
19971330541	4131890	16	8	4519053	16106614	2060952	14045662	2247822281	481783
19971821472	4131982	15	8	4519155	16107017	2060996	14046021	2247848823	481783
19972512424	4132071	16	8	4519252	16107415	2061045	14046370	2247876586	481783
19972766248	4132158	15	8	4519352	16107799	2061083	14046716	2247901996	481783
19973205838	4132249	19	8	4519454	16108198	2061122	14047076	2247928497	481783
19973591193	4132338	20	8	4519547	16108571	2061156	14047415	2247953081	481783
19974234441	4132430	17	8	4519644	16108994	2061210	14047784	2247980334	481783
19974707623	4132519	15	8	4519738	16109382	2061249	14048133	2248005671	481783
19975161991	4132609	16	8	4519831	16109769	2061291	14048478	2248031031	481783
19975597653	4132699	15	8	4519927	16110155	2061327	14048828	2248056397	481783
19976114197	4132789	17	8	4520020	16110527	2061362	14049165	2248080926	481783
19976563171	4132880	18	8	4520114	16110926	2061402	14049524	2248106873	481783
19977163255	4132967	14	8	4520206	16111303	2061432	14049871	2248131425	481783
19977603029	4133059	13	8	4520300	16111699	2061476	14050223	2248157248	481783
19978130527	4133146	20	8	4520391	16112098	2061521	14050577	2248183108	481783
19978563349	4133237	17	8	4520486	16112485	2061559	14050926	2248208301	481783
19979151086	4133326	20	8	4520578	16112893	2061607	14051286	2248234697	481783
19979780401	4133416	17	8	4520673	16113274	2061643	14051631	2248259747	481783
19980260322	4133506	17	8	4520768	16113674	2061694	14051980	2248285897	481783
19980699951	4133593	18	8	4520859	16114049	2061736	14052313	2248310735	481783
19981325914	4133685	17	8	4520958	16114442	2061774	14052668	2248336660	481783
19981823583	4133775	17	8	4521060	16114846	2061820	14053026	2248363219	481783
19982138891	4133866	15	8	4521163	16115233	2061856	14053377	2248389065	481783
19982644698	4133955	14	8	4521256	16115616	2061886	14053730	2248414132	481783
19983268230	4134041	19	8	4521347	16116001	2061922	14054079	2248439216	481783
19983732036	4134133	17	8	4521441	16116385	2061967	14054418	2248464495	481783
19984149377	4134221	17	8	4521530	16116765	2062004	14054761	2248489373	481783
19984645051	4134313	16	8	4521627	16117148	2062044	14055104	2248514656	481783
19985232044	4134402	16	8	4521717	16117535	2062082	14055453	2248539763	481783
19985797180	4134487	17	8	4521808	16117915	2062124	14055791	2248564727	481783
19986304854	4134578	18	8	4521899	16118310	2062165	14056145	2248590356	481783
19986771744	4134669	16	8	4521991	16118687	2062204	14056483	2248615113	481783
19987349577	4134758	17	8	4522083	16119082	2062244	14056838	2248640734	481783
19987791332	4134848	13	8	4522179	16119457	2062276	14057181	2248665472	481783
19988444723	4134938	15	8	4522278	16119853	2062311	14057542	2248691519	481783
19988955427	4135029	14	8	4522374	16120224	2062345	14057879	2248716186	481783
19989511993	4135118	15	8	4522469	16120622	2062379	14058243	2248742149	481783
19990275216	4135206	16	8	4522564	16121010	2062416	14058594	2248767429	481783
19990700740	4135297	16	8	4522663	16121407	2062465	14058942	2248793640	481783
19991317511	4135385	20	8	4522755	16121800	2062502	14059298	2248819198	481783
19991765228	4135474	17	8	4522855	16122185	2062538	14059647	2248844689	481783
19992286552	4135566	19	8	4522952	16122592	2062585	14060007	2248871260	481783
19992875783	4135657	18	8	4523044	16122978	2062617	14060361	2248896332	481783
19993447861	4135746	16	8	4523139	16123357	2062656	14060701	2248921431	481783
19993914520	4135836	19	8	4523233	16123772	2062707	14061065	2248948305	481783
19994465171	4135926	16	8	4523331	16124153	2062739	14061414	2248973486	481783
19995001624	4136017	17	8	4523425	16124553	2062781	14061772	2248999526	481783
19995420058	4136105	14	8	4523523	16124917	2062811	14062106	2249023873	481783
19995910294	4136193	18	8	4523621	16125309	2062839	14062470	2249049512	481783
19996409967	4136283	11	8	4523716	16125678	2062868	14062810	2249073828	481783
19996967937	4136373	15	8	4523812	16126078	2062908	14063170	2249099915	481783
19997318629	4136461	13	8	4523904	16126429	2062930	14063499	2249123335	481783
19997987539	4136551	15	8	4524002	16126835	2062970	14063865	2249149841	481783
19998457834	4136639	16	8	4524093	16127210	2063007	14064203	2249174320	481783
19998966642	4136727	20	8	4524185	16127608	2063046	14064562	2249200131	481783
19999605615	4136818	17	8	4524282	16128008	2063092	14064916	2249226174	481783
20000147305	4136908	16	8	4524381	16128412	2063134	14065278	2249252628	481783
20000694965	4136996	19	8	4524473	16128794	2063176	14065618	2249277595	481783
20001154390	4137087	18	8	4524568	16129182	2063210	14065972	2249302974	481783
20001582101	4137176	16	8	4524663	16129548	2063242	14066306	2249327237	481783
20002248908	4137268	15	8	4524762	16129959	2063282	14066677	2249353818	481783
20002740750	4137354	17	8	4524860	16130345	2063322	14067023	2249379438	481783
20003061429	4137445	14	8	4524956	16130724	2063358	14067366	2249404468	481783
20003725822	4137535	14	8	4525051	16131122	2063401	14067721	2249430500	481783
20004370094	4137623	15	8	4525140	16131505	2063443	14068062	2249455395	481783
20004767807	4137708	14	8	4525227	16131872	2063484	14068388	2249479517	481783
20005383608	4137797	17	8	4525320	16132275	2063525	14068750	2249505560	481783
20005811786	4137885	17	8	4525415	16132659	2063565	14069094	2249530919	481783
20006291820	4137977	15	8	4525509	16133048	2063610	14069438	2249556371	481783
20006943516	4138065	16	8	4525598	16133428	2063646	14069782	2249580966	481783
20007325296	4138154	17	8	4525693	16133813	2063680	14070133	2249606273	481783
20007725205	4138241	20	8	4525786	16134195	2063721	14070474	2249631442	481783
20008259100	4138333	19	8	4525886	16134591	2063759	14070832	2249657391	481783
20008706415	4138417	18	8	4525983	16134966	2063804	14071162	2249682309	481783
20009099742	4138500	18	8	4526073	16135329	2063843	14071486	2249706305	481783
20009671889	4138581	21	8	4526159	16135682	2063866	14071816	2249729238	481783
20010085381	4138664	13	8	4526253	16136020	2063899	14072121	2249751902	481783
20010628071	4138742	14	8	4526333	16136347	2063922	14072425	2249773431	481783
20011077877	4138819	14	8	4526412	16136677	2063952	14072725	2249794892	481783
20011551679	4138898	11	8	4526491	16137015	2063985	14073030	2249816841	481783
20012061420	4138974	14	8	4526567	16137331	2064014	14073317	2249837616	481783
20012635873	4139052	12	8	4526649	16137676	2064048	14073628	2249860000	481783
20013200409	4139129	15	8	4526728	16138009	2064078	14073931	2249881752	481783
20013602509	4139207	15	8	4526810	16138340	2064109	14074231	2249903594	481783
20014152351	4139288	15	8	4526893	16138697	2064143	14074554	2249926663	481783
20014593868	4139364	18	8	4526972	16139019	2064175	14074844	2249947932	481783
20015059182	4139443	18	8	4527055	16139372	2064210	14075162	2249970852	481783
20015583733	4139524	15	8	4527145	16139717	2064233	14075484	2249993512	481783
20015924045	4139602	12	8	4527226	16140050	2064269	14075781	2250015418	481783
20016429323	4139680	18	8	4527305	16140396	2064309	14076087	2250037910	481783
20017005394	4139758	15	8	4527387	16140734	2064347	14076387	2250060241	481783
20017359479	4139839	15	8	4527473	16141073	2064382	14076691	2250082583	481783
20017823914	4139914	13	8	4527550	16141405	2064421	14076984	2250104282	481783
20018282303	4139994	15	8	4527635	16141740	2064450	14077290	2250126450	481783
20018732698	4140071	15	8	4527713	16142066	2064486	14077580	2250147847	481783
20019343352	4140152	16	8	4527796	16142409	2064516	14077893	2250170284	481783
20019701189	4140228	16	8	4527874	16142748	2064557	14078191	2250192432	481783
20020191487	4140309	14	8	4527957	16143096	2064596	14078500	2250215099	481783
20020592441	4140388	17	8	4528038	16143443	2064623	14078820	2250237534	481783
20020934918	4140466	15	8	4528121	16143779	2064656	14079123	2250259603	481783
20021321169	4140546	15	8	4528202	16144123	2064691	14079432	2250281955	481783
20021831925	4140624	18	8	4528281	16144458	2064732	14079726	2250304042	481783
20022336202	4140703	15	8	4528364	16144814	2064773	14080041	2250327052	481783
20022883038	4140781	17	8	4528448	16145169	2064808	14080361	2250350135	481783
20023313609	4140860	13	8	4528531	16145493	2064842	14080651	2250371763	481783
20023688477	4140938	16	8	4528612	16145833	2064875	14080958	2250393921	481783
20024074712	4141017	13	8	4528691	16146158	2064907	14081251	2250415175	481783
20024458483	4141096	12	8	4528773	16146493	2064940	14081553	2250437186	481783
20024892535	4141172	14	8	4528853	16146820	2064972	14081848	2250458723	481783
20025246154	4141252	16	8	4528934	16147147	2065000	14082147	2250480193	481783
20025657918	4141328	16	8	4529011	16147476	2065034	14082442	2250501629	481783
20025995773	4141404	16	8	4529094	16147807	2065072	14082735	2250523426	481783
20026598082	4141484	17	8	4529176	16148147	2065103	14083044	2250545624	481783
20027199927	4141561	15	8	4529260	16148472	2065130	14083342	2250567106	481783
20027539211	4141638	19	8	4529344	16148811	2065166	14083645	2250589745	481783
20028093184	4141720	19	8	4529428	16149154	2065199	14083955	2250612199	481783
20028503196	4141800	17	8	4529510	16149506	2065240	14084266	2250635047	481783
20029009414	4141879	16	8	4529591	16149855	2065272	14084583	2250657668	481783
20029432098	4141957	15	8	4529672	16150179	2065306	14084873	2250679073	481783
20030044715	4142037	13	8	4529754	16150536	2065338	14085198	2250701977	481783
20030455877	4142115	12	8	4529841	16150878	2065373	14085505	2250724526	481783
20030983278	4142190	13	8	4529925	16151229	2065418	14085811	2250747539	481783
20031384945	4142266	16	8	4530010	16151570	2065455	14086115	2250770072	481783
20031800721	4142344	18	8	4530093	16151907	2065490	14086417	2250792185	481783
20032133324	4142425	14	8	4530177	16152248	2065520	14086728	2250814424	481783
