bytes_written	total_items	curr_connections	threads	cmd_set	cmd_get	get_misses	get_hits	bytes_read
15704204894	3380411	27	8	3684858	12846709	1733820	11112889	2023677357	482175
15705829697	3380695	44	8	3685169	12847968	1733971	11113997	2023760459	482175
15707437828	3380997	40	8	3685500	12849294	1734101	11115193	2023848009	482175
15709108403	3381306	34	8	3685842	12850604	1734220	11116384	2023934721	482175
15710874978	3381613	45	8	3686184	12851943	1734347	11117596	2024023395	482175
15712986487	3381917	40	8	3686533	12853262	1734478	11118784	2024111173	482175
15714814656	3382229	44	8	3686888	12854611	1734604	11120007	2024200764	482175
15716688780	3382530	43	8	3687213	12855925	1734725	11121200	2024287353	482175
15718433010	3382844	37	8	3687564	12857278	1734866	11122412	2024376880	482175
15720173004	3383148	46	8	3687903	12858615	1735002	11123613	2024465673	482175
15721953243	3383456	35	8	3688259	12859962	1735137	11124825	2024555235	482175
15723664945	3383761	38	8	3688600	12861294	1735280	11126014	2024643291	482175
15725670497	3384062	44	8	3688939	12862632	1735415	11127217	2024732077	482175
15727382503	3384375	40	8	3689283	12863985	1735565	11128420	2024821473	482175
15729128246	3384674	36	8	3689622	12865294	1735685	11129609	2024908191	482175
15731311848	3384983	42	8	3689969	12866667	1735830	11130837	2025002177	482176
15733490992	3385294	36	8	3690317	12868023	1735959	11132064	2025091829	482176
15735228347	3385594	36	8	3690655	12869339	1736087	11133252	2025178660	482176
15737047758	3385897	39	8	3691005	12870669	1736207	11134462	2025267202	482176
15738670377	3386202	46	8	3691349	12871981	1736330	11135651	2025354510	482176
15740432093	3386506	43	8	3691695	12873328	1736466	11136862	2025443666	482176
15742202075	3386809	45	8	3692037	12874675	1736614	11138061	2025533090	482176
15743939929	3387113	45	8	3692369	12875962	1736744	11139218	2025618309	482176
15745872307	3387425	36	8	3692717	12877320	1736893	11140427	2025708188	482176
15747884447	3387723	40	8	3693045	12878653	1737033	11141620	2025796217	482176
15749670832	3388030	41	8	3693404	12879985	1737160	11142825	2025885209	482176
15751437422	3388341	36	8	3693751	12881301	1737276	11144025	2025972580	482176
15753199907	3388646	39	8	3694084	12882636	1737420	11145216	2026061103	482176
15755055835	3388959	33	8	3694429	12883982	1737561	11146421	2026190249	482178
15756764225	3389267	43	8	3694767	12885308	1737691	11147617	2026278256	482178
15758320173	3389573	42	8	3695104	12886599	1737814	11148785	2026364285	482178
15760021313	3389880	36	8	3695448	12887923	1737953	11149970	2026452045	482178
15761485294	3390183	44	8	3695802	12889281	1738099	11151182	2026542671	482178
15763132063	3390494	41	8	3696142	12890629	1738229	11152400	2026631410	482178
15764807547	3390803	40	8	3696479	12891968	1738368	11153600	2026719908	482178
15766239322	3391112	37	8	3696825	12893287	1738509	11154778	2026808110	482178
15768299387	3391420	41	8	3697172	12894636	1738637	11155999	2026897439	482178
15770093380	3391734	40	8	3697513	12895974	1738764	11157210	2026985616	482178
15771679780	3392037	41	8	3697846	12897299	1738912	11158387	2027073365	482178
15773211097	3392334	43	8	3698174	12898597	1739052	11159545	2027159464	482178
15774877652	3392645	39	8	3698530	12899948	1739195	11160753	2027249411	482178
15776735979	3392957	44	8	3698877	12901299	1739326	11161973	2027338926	482178
15779027765	3393262	45	8	3699215	12902647	1739445	11163202	2027427711	482178
15780693476	3393578	38	8	3699554	12904000	1739584	11164416	2027516794	482178
15782322158	3393882	41	8	3699891	12905350	1739732	11165618	2027606012	482178
15784340412	3394194	36	8	3700231	12906689	1739859	11166830	2027694283	482178
15785830635	3394498	43	8	3700576	12908012	1739967	11168045	2027782060	482178
15787790567	3394806	41	8	3700918	12909352	1740091	11169261	2027870532	482178
15789518327	3395116	43	8	3701256	12910704	1740229	11170475	2027959650	482178
15791106922	3395426	46	8	3701605	12912065	1740366	11171699	2028049850	482178
15792771016	3395736	38	8	3701940	12913377	1740483	11172894	2028136567	482178
15794313879	3396041	41	8	3702277	12914677	1740615	11174062	2028222895	482178
15796033786	3396351	42	8	3702622	12916013	1740747	11175266	2028311637	482178
15797742022	3396673	39	8	3702965	12917371	1740904	11176467	2028402418	482186
15799490660	3396979	48	8	3703306	12918696	1741024	11177672	2028490345	482186
15801176371	3397291	41	8	3703646	12920028	1741173	11178855	2028578760	482186
15803213929	3397598	41	8	3703982	12921380	1741316	11180064	2028667880	482186
15804788800	3397886	40	8	3704311	12922616	1741419	11181197	2028750057	482186
15806168941	3398178	39	8	3704645	12923861	1741544	11182317	2028833049	482186
15808051317	3398456	50	8	3704977	12925127	1741679	11183448	2028917336	482186
15809763396	3398762	40	8	3705315	12926436	1741791	11184645	2029004204	482186
15811798762	3399069	36	8	3705655	12927786	1741936	11185850	2029093377	482186
15813518620	3399375	42	8	3705995	12929110	1742064	11187046	2029181223	482186
15815160530	3399688	37	8	3706337	12930425	1742180	11188245	2029268352	482186
15817178337	3399994	36	8	3706669	12931756	1742317	11189439	2029356212	482186
15818783245	3400301	44	8	3707010	12933148	1742469	11190679	2029447580	482186
15820559689	3400614	37	8	3707358	12934512	1742619	11191893	2029537750	482186
15822014368	3400918	47	8	3707696	12935833	1742763	11193070	2029626021	482186
15824137589	3401234	35	8	3708041	12937173	1742895	11194278	2029714371	482186
15825625459	3401536	35	8	3708379	12938469	1743012	11195457	2029800652	482186
15827111930	3401844	43	8	3708726	12939800	1743140	11196660	2029889375	482186
15829275382	3402154	42	8	3709066	12941156	1743270	11197886	2029978478	482186
15830838276	3402466	37	8	3709412	12942492	1743388	11199104	2030073517	482186
15832588860	3402775	42	8	3709758	12943874	1743555	11200319	2030164846	482186
15834443001	3403088	40	8	3710098	12945225	1743688	11201537	2030253751	482186
15836237942	3403396	38	8	3710439	12946546	1743814	11202732	2030341456	482186
15838287051	3403705	42	8	3710780	12947901	1743960	11203941	2030430918	482186
15839690636	3403995	49	8	3711101	12949201	1744103	11205098	2030516621	482186
15841427912	3404308	39	8	3711456	12950546	1744233	11206313	2030605674	482186
15842939922	3404617	43	8	3711802	12951877	1744354	11207523	2030694238	482186
15844716557	3404931	36	8	3712148	12953227	1744492	11208735	2030783633	482186
15846382263	3405238	41	8	3712490	12954546	1744604	11209942	2030871367	482186
15847885502	3405544	36	8	3712830	12955864	1744740	11211124	2030958454	482186
15849904986	3405843	46	8	3713167	12957202	1744864	11212338	2031047099	482186
15851331313	3406151	40	8	3713515	12958535	1745017	11213518	2031135686	482186
15853265341	3406458	39	8	3713864	12959860	1745154	11214706	2031224056	482186
15855194086	3406758	47	8	3714198	12961191	1745275	11215916	2031311857	482186
15856983078	3407069	34	8	3714543	12962542	1745406	11217136	2031400560	482186
15858504019	3407373	36	8	3714876	12963830	1745529	11218301	2031486392	482186
15860396844	3407682	40	8	3715212	12965173	1745674	11219499	2031588031	482187
15862206310	3407990	40	8	3715548	12966525	1745808	11220717	2031677022	482187
15863785437	3408304	35	8	3715899	12967851	1745921	11221930	2031764913	482187
15865601562	3408602	43	8	3716249	12969150	1746049	11223101	2031851849	482187
15867125912	3408905	37	8	3716580	12970457	1746177	11224280	2031938663	482187
15869063768	3409216	37	8	3716932	12971805	1746299	11225506	2032027744	482187
15870968899	3409518	42	8	3717279	12973169	1746445	11226724	2032118203	482187
15872420030	3409826	40	8	3717623	12974482	1746584	11227898	2032205734	482187
15874164186	3410133	36	8	3717970	12975790	1746716	11229074	2032292597	482187
15875784336	3410429	39	8	3718307	12977094	1746839	11230255	2032379434	482187
15877734185	3410717	37	8	3718643	12978375	1746966	11231409	2032464456	482187
15879397314	3410998	33	8	3718971	12979601	1747089	11232512	2032546366	482187
15881171221	3411299	44	8	3719310	12980933	1747215	11233718	2032634189	482187
15882991362	3411598	44	8	3719651	12982229	1747336	11234893	2032720795	482187
15884895882	3411913	31	8	3719995	12983572	1747470	11236102	2032809258	482187
15886647687	3412211	44	8	3720327	12984902	1747593	11237309	2032896980	482187
15888431703	3412518	38	8	3720680	12986247	1747732	11238515	2032986187	482187
15890121462	3412828	40	8	3721027	12987596	1747869	11239727	2033075397	482187
15892038702	3413133	44	8	3721373	12988965	1748018	11240947	2033165965	482187
15893871072	3413438	43	8	3721705	12990273	1748143	11242130	2033252646	482187
15895496141	3413750	40	8	3722051	12991609	1748276	11243333	2033341352	482187
15897365026	3414062	39	8	3722394	12992937	1748413	11244524	2033429478	482187
15899220253	3414363	40	8	3722734	12994266	1748556	11245710	2033517700	482187
15900930081	3414658	44	8	3723063	12995539	1748667	11246872	2033602226	482187
15902893313	3414972	41	8	3723423	12996893	1748800	11248093	2033692354	482187
15904495391	3415275	33	8	3723765	12998224	1748934	11249290	2033780116	482187
15906332837	3415567	39	8	3724113	12999537	1749054	11250483	2033867483	482187
15908135891	3415872	44	8	3724464	13000869	1749176	11251693	2033956086	482187
15909607756	3416182	31	8	3724810	13002182	1749299	11252883	2034043075	482187
15911618896	3416475	44	8	3725144	13003495	1749429	11254066	2034130231	482187
15913417119	3416768	41	8	3725472	13004790	1749566	11255224	2034215720	482187
15914840096	3417076	42	8	3725834	13006120	1749686	11256434	2034304677	482187
15916684461	3417387	39	8	3726187	13007460	1749827	11257633	2034394077	482187
15918521605	3417696	44	8	3726526	13008810	1749961	11258849	2034484403	482188
15920494103	3418005	37	8	3726868	13010147	1750093	11260054	2034572525	482188
15922112745	3418307	41	8	3727217	13011475	1750200	11261275	2034660843	482188
15923662650	3418620	38	8	3727555	13012800	1750322	11262478	2034748174	482188
15925030951	3418931	38	8	3727889	13014124	1750454	11263670	2034849950	482188
15926679180	3419238	39	8	3728229	13015425	1750578	11264847	2034936873	482188
15928182695	3419548	39	8	3728573	13016771	1750721	11266050	2035026079	482188
15929878163	3419853	43	8	3728920	13018104	1750840	11267264	2035114473	482188
15931621932	3420148	43	8	3729245	13019369	1750961	11268408	2035198281	482188
15933384230	3420459	37	8	3729591	13020720	1751111	11269609	2035287763	482188
15935135519	3420757	52	8	3729924	13022065	1751243	11270822	2035376319	482188
15936951190	3421071	37	8	3730292	13023424	1751393	11272031	2035467054	482188
15938959805	3421373	42	8	3730634	13024784	1751529	11273255	2035556829	482188
15940863044	3421675	44	8	3730976	13026107	1751660	11274447	2035644652	482188
15942790159	3421988	41	8	3731330	13027458	1751797	11275661	2035734251	482188
15944290455	3422294	43	8	3731666	13028780	1751933	11276847	2035822218	482188
15945665518	3422594	46	8	3731992	13030064	1752075	11277989	2035907602	482188
15947177251	3422907	40	8	3732344	13031382	1752209	11279173	2035995365	482188
15948759907	3423195	38	8	3732665	13032593	1752316	11280277	2036076259	482188
15950763632	3423492	45	8	3732997	13033922	1752456	11281466	2036163838	482188
15952173166	3423802	41	8	3733338	13035244	1752607	11282637	2036251978	482188
15954010912	3424110	40	8	3733675	13036613	1752761	11283852	2036342383	482188
15955558732	3424417	46	8	3734013	13037952	1752891	11285061	2036430788	482188
15957105789	3424722	33	8	3734344	13039227	1753016	11286211	2036515276	482188
15958866714	3425022	41	8	3734683	13040547	1753141	11287406	2036603012	482188
15960588171	3425330	40	8	3735020	13041878	1753281	11288597	2036691021	482188
15962286210	3425638	40	8	3735354	13043188	1753410	11289778	2036777820	482188
15964038916	3425949	37	8	3735704	13044512	1753536	11290976	2036866139	482188
15965868634	3426258	38	8	3736041	13045852	1753664	11292188	2036954542	482188
15967864458	3426572	44	8	3736374	13047214	1753818	11293396	2037044345	482194
15969716633	3426880	40	8	3736720	13048565	1753958	11294607	2037133662	482194
15971582345	3427190	41	8	3737071	13049927	1754108	11295819	2037224211	482194
15973192374	3427496	43	8	3737411	13051223	1754236	11296987	2037311019	482194
15974652426	3427806	39	8	3737754	13052556	1754373	11298183	2037399705	482194
15976571352	3428116	38	8	3738099	13053904	1754506	11299398	2037488526	482194
15978406686	3428420	40	8	3738446	13055237	1754635	11300602	2037577442	482194
15980038996	3428722	39	8	3738794	13056551	1754761	11301790	2037664871	482194
15981759754	3429029	32	8	3739146	13057889	1754899	11302990	2037753542	482194
15983370572	3429328	35	8	3739498	13059203	1755025	11304178	2037841519	482194
15985198538	3429634	46	8	3739828	13060539	1755169	11305370	2037929884	482194
15987183195	3429944	38	8	3740172	13061886	1755303	11306583	2038018760	482194
15988508529	3430243	44	8	3740516	13063196	1755434	11307762	2038106095	482194
15990370461	3430549	43	8	3740859	13064550	1755580	11308970	2038195463	482194
15991976156	3430856	42	8	3741199	13065884	1755710	11310174	2038283693	482194
15993628496	3431166	40	8	3741546	13067189	1755819	11311370	2038370576	482194
15995387434	3431465	37	8	3741882	13068479	1755941	11312538	2038456184	482194
15997356924	3431771	43	8	3742224	13069836	1756085	11313751	2038545968	482194
15998899126	3432086	36	8	3742569	13071154	1756201	11314953	2038633396	482194
16000860058	3432390	37	8	3742912	13072514	1756352	11316162	2038723377	482194
16002737641	3432695	39	8	3743252	13073839	1756473	11317366	2038811234	482194
16004483016	3433006	41	8	3743596	13075165	1756609	11318556	2038899283	482194
16006394648	3433318	35	8	3743945	13076506	1756743	11319763	2038988637	482194
16008243273	3433621	37	8	3744284	13077848	1756888	11320960	2039077324	482194
16009988891	3433910	51	8	3744616	13079148	1757026	11322122	2039164013	482194
16011957096	3434213	45	8	3744965	13080445	1757155	11323290	2039250604	482194
16013851516	3434523	36	8	3745313	13081775	1757288	11324487	2039338958	482194
16015436552	3434832	42	8	3745646	13083100	1757429	11325671	2039426670	482194
16017021484	3435143	39	8	3745989	13084437	1757572	11326865	2039515412	482194
16018986238	3435453	36	8	3746342	13085806	1757715	11328091	2039606144	482194
16020336393	3435716	41	8	3746665	13087002	1757835	11329167	2039686183	482194
16022112937	3436023	35	8	3747008	13088321	1757965	11330356	2039773498	482194
16023996880	3436327	47	8	3747348	13089653	1758082	11331571	2039861698	482194
16025794222	3436639	43	8	3747700	13090994	1758204	11332790	2039950632	482194
16027652997	3436941	46	8	3748029	13092328	1758331	11333997	2040038648	482194
16029106764	3437253	38	8	3748367	13093662	1758467	11335195	2040126337	482194
16030660083	3437556	44	8	3748707	13094970	1758592	11336378	2040213505	482194
16032796506	3437862	41	8	3749053	13096294	1758727	11337567	2040301705	482194
16034582645	3438173	32	8	3749401	13097649	1758866	11338783	2040391119	482194
16036886242	3438478	39	8	3749731	13098995	1758997	11339998	2040479606	482194
16038747060	3438791	35	8	3750072	13100342	1759129	11341213	2040568399	482194
16040582492	3439097	46	8	3750404	13101675	1759266	11342409	2040656455	482194
16042304702	3439410	40	8	3750739	13102986	1759389	11343597	2040743309	482194
16043957672	3439710	49	8	3751075	13104299	1759514	11344785	2040830727	482194
16045452260	3440025	37	8	3751434	13105611	1759631	11345980	2040918507	482194
16047195242	3440331	37	8	3751777	13106927	1759768	11347159	2041006289	482194
16049301266	3440631	45	8	3752119	13108277	1759893	11348384	2041095261	482194
16050722256	3440939	44	8	3752469	13109602	1760028	11349574	2041183132	482194
16052141644	3441247	38	8	3752806	13110930	1760165	11350765	2041271157	482194
16053986308	3441551	40	8	3753141	13112270	1760308	11351962	2041359841	482194
16055644584	3441865	42	8	3753493	13113626	1760456	11353170	2041449757	482194
16057538191	3442173	44	8	3753839	13114976	1760583	11354393	2041539216	482194
16059364217	3442484	39	8	3754180	13116336	1760732	11355604	2041628951	482194
16061377942	3442795	38	8	3754532	13117678	1760852	11356826	2041718057	482194
16063246563	3443102	46	8	3754866	13119025	1760979	11358046	2041806525	482194
16064847241	3443409	39	8	3755213	13120318	1761100	11359218	2041893138	482194
16066702281	3443715	39	8	3755563	13121684	1761252	11360432	2041983366	482194
16068312930	3444021	42	8	3755901	13123019	1761380	11361639	2042071832	482194
16070207179	3444331	38	8	3756257	13124354	1761509	11362845	2042160632	482194
16071869692	3444625	39	8	3756582	13125633	1761629	11364004	2042245343	482194
16073580857	3444930	40	8	3756924	13126979	1761773	11365206	2042334489	482194
16075319687	3445244	36	8	3757270	13128305	1761892	11366413	2042422654	482194
16077433887	3445553	36	8	3757621	13129671	1762031	11367640	2042512959	482194
16078988329	3445856	38	8	3757963	13130986	1762175	11368811	2042600629	482194
16080579088	3446161	42	8	3758304	13132302	1762304	11369998	2042688261	482194
16082078706	3446474	32	8	3758657	13133655	1762458	11371197	2042778137	482194
16083831335	3446773	44	8	3758992	13134993	1762591	11372402	2042866749	482194
16085694994	3447087	33	8	3759324	13136323	1762743	11373580	2042954575	482194
16087651824	3447388	40	8	3759665	13137638	1762870	11374768	2043042097	482194
16089423217	3447701	31	8	3760012	13138971	1762990	11375981	2043130258	482194
16091249400	3447975	47	8	3760322	13140217	1763107	11377110	2043212647	482194
16092992900	3448246	35	8	3760644	13141377	1763218	11378159	2043290098	482194
16094534810	3448547	43	8	3760983	13142695	1763353	11379342	2043377603	482194
16096359360	3448854	44	8	3761337	13144036	1763489	11380547	2043466768	482194
16098275592	3449156	43	8	3761675	13145371	1763607	11381764	2043555114	482194
16099915948	3449468	38	8	3762023	13146703	1763732	11382971	2043643412	482194
16101562016	3449777	38	8	3762367	13148037	1763864	11384173	2043731941	482194
16103243752	3450084	36	8	3762706	13149351	1763993	11385358	2043819159	482194
16104903071	3450394	33	8	3763048	13150681	1764129	11386552	2043907587	482194
16106765827	3450703	37	8	3763389	13152007	1764248	11387759	2043995411	482194
16108137752	3451010	41	8	3763735	13153313	1764359	11388954	2044082532	482194
16109675084	3451323	38	8	3764092	13154656	1764477	11390179	2044171677	482194
16111600433	3451628	46	8	3764434	13155996	1764597	11391399	2044260243	482194
16113101489	3451940	36	8	3764782	13157307	1764723	11392584	2044347827	482194
16114908874	3452246	35	8	3765120	13158645	1764854	11393791	2044436219	482194
16116495421	3452557	36	8	3765464	13160003	1765000	11395003	2044526114	482194
16118184890	3452861	39	8	3765807	13161317	1765123	11396194	2044613695	482194
16119936755	3453178	38	8	3766143	13162664	1765262	11397402	2044702344	482194
16121311136	3453481	39	8	3766474	13163980	1765405	11398575	2044789446	482194
16122902488	3453787	43	8	3766815	13165307	1765536	11399771	2044877546	482194
16124691717	3454099	37	8	3767163	13166657	1765676	11400981	2044967059	482194
16126300486	3454403	41	8	3767495	13167977	1765814	11402163	2045054572	482194
16127953426	3454715	36	8	3767828	13169279	1765939	11403340	2045140496	482194
16130204370	3455020	47	8	3768165	13170609	1766070	11404539	2045228690	482194
16132099945	3455331	41	8	3768501	13171948	1766203	11405745	2045317032	482194
16134115861	3455637	34	8	3768839	13173260	1766315	11406945	2045403695	482194
16135899173	3455931	45	8	3769167	13174551	1766432	11408119	2045489222	482194
16137620522	3456244	35	8	3769521	13175867	1766550	11409317	2045576988	482194
16139227445	3456548	39	8	3769868	13177203	1766685	11410518	2045665645	482194
16140907311	3456845	44	8	3770209	13178540	1766828	11411712	2045754477	482194
16142391711	3457158	42	8	3770565	13179865	1766966	11412899	2045842919	482194
16143932225	3457462	39	8	3770907	13181183	1767109	11414074	2045930780	482194
16146101518	3457768	41	8	3771246	13182530	1767242	11415288	2046019687	482194
16147934891	3458070	46	8	3771572	13183830	1767372	11416458	2046105604	482194
16149966878	3458384	39	8	3771924	13185170	1767502	11417668	2046194533	482194
16151362510	3458688	39	8	3772264	13186476	1767637	11418839	2046281557	482194
16153276875	3458993	42	8	3772608	13187819	1767763	11420056	2046370493	482194
16155211530	3459302	38	8	3772956	13189162	1767891	11421271	2046459324	482194
16156953456	3459610	44	8	3773295	13190503	1768015	11422488	2046570571	482195
16158687557	3459923	32	8	3773645	13191837	1768148	11423689	2046659001	482195
16160681283	3460221	44	8	3773981	13193190	1768287	11424903	2046748080	482195
16162250170	3460500	33	8	3774311	13194397	1768402	11425995	2046828835	482195
16164157237	3460795	38	8	3774641	13195700	1768534	11427166	2046914999	482195
16165732711	3461104	34	8	3774978	13196999	1768653	11428346	2047001410	482195
16167267065	3461409	38	8	3775338	13198336	1768783	11429553	2047091099	482195
16169097584	3461716	50	8	3775691	13199687	1768922	11430765	2047180713	482195
16170598467	3462021	44	8	3776038	13201009	1769058	11431951	2047268742	482195
16172446681	3462318	43	8	3776395	13202349	1769182	11433167	2047357986	482195
16174050241	3462623	33	8	3776747	13203689	1769326	11434363	2047447326	482195
16176052962	3462924	41	8	3777086	13205029	1769452	11435577	2047535739	482195
16177483536	3463228	46	8	3777431	13206369	1769592	11436777	2047624429	482195
16179450727	3463537	36	8	3777778	13207721	1769736	11437985	2047713912	482195
16181157177	3463841	36	8	3778109	13209024	1769850	11439174	2047799985	482195
16182845339	3464148	43	8	3778454	13210328	1769963	11440365	2047887193	482195
16184615103	3464457	35	8	3778812	13211670	1770097	11441573	2047976354	482195
16186593649	3464759	42	8	3779141	13212989	1770210	11442779	2048063470	482195
16188302370	3465068	40	8	3779495	13214309	1770331	11443978	2048151340	482195
16190341565	3465369	41	8	3779830	13215633	1770452	11445181	2048238889	482195
16192257642	3465677	38	8	3780168	13216947	1770573	11446374	2048325923	482195
16194055465	3465980	43	8	3780511	13218272	1770697	11447575	2048413895	482195
16196030493	3466288	41	8	3780850	13219584	1770822	11448762	2048501039	482195
16197781754	3466589	45	8	3781190	13220884	1770952	11449932	2048587762	482195
16199372159	3466897	35	8	3781531	13222213	1771098	11451115	2048675853	482195
16201402168	3467201	38	8	3781868	13223555	1771230	11452325	2048764406	482195
16203285141	3467508	40	8	3782212	13224896	1771358	11453538	2048852893	482195
16205184859	3467809	39	8	3782561	13226224	1771483	11454741	2048941249	482195
16206948671	3468110	38	8	3782901	13227505	1771592	11455913	2049026474	482195
16208573415	3468410	45	8	3783232	13228819	1771720	11457099	2049113511	482195
16210438567	3468720	38	8	3783578	13230121	1771839	11458282	2049200286	482195
16212056980	3469031	35	8	3783927	13231470	1771979	11459491	2049289704	482195
16213958680	3469334	40	8	3784271	13232808	1772113	11460695	2049378389	482195
16215618082	3469642	33	8	3784602	13234126	1772257	11461869	2049465589	482195
16217287327	3469949	40	8	3784940	13235459	1772384	11463075	2049553828	482195
16218906965	3470255	34	8	3785278	13236769	1772518	11464251	2049640714	482195
16220584548	3470558	40	8	3785622	13238094	1772659	11465435	2049729075	482195
16222277504	3470872	33	8	3785967	13239432	1772789	11466643	2049817434	482195
16223898160	3471175	37	8	3786307	13240748	1772915	11467833	2049904889	482195
16225595365	3471479	43	8	3786645	13242062	1773027	11469035	2049991977	482195
16227081887	3471788	40	8	3786986	13243388	1773161	11470227	2050079728	482195
16228872781	3472094	38	8	3787324	13244730	1773291	11471439	2050168322	482195
16230631967	3472403	44	8	3787668	13246066	1773416	11472650	2050256604	482195
16232470306	3472706	39	8	3788006	13247403	1773553	11473850	2050344810	482195
16233957644	3473000	42	8	3788337	13248670	1773690	11474980	2050429208	482195
16235839580	3473302	43	8	3788677	13249995	1773813	11476182	2050517158	482195
16237970757	3473610	43	8	3789007	13251307	1773933	11477374	2050603429	482195
16239425672	3473919	38	8	3789353	13252626	1774061	11478565	2050691314	482195
16241096008	3474228	30	8	3789687	13253954	1774206	11479748	2050779212	482195
16242549907	3474527	40	8	3790023	13255264	1774336	11480928	2050865820	482195
16244285046	3474830	48	8	3790354	13256598	1774471	11482127	2050953886	482195
16246132515	3475141	41	8	3790694	13257904	1774604	11483300	2051040380	482196
16247893713	3475439	40	8	3791028	13259206	1774735	11484471	2051127218	482196
16249926605	3475744	40	8	3791366	13260541	1774867	11485674	2051215390	482196
16251424014	3476053	39	8	3791691	13261876	1775011	11486865	2051303003	482196
16253061894	3476363	40	8	3792035	13263205	1775141	11488064	2051391260	482196
16254561752	3476666	42	8	3792364	13264509	1775266	11489243	2051477503	482196
16256301090	3476979	37	8	3792711	13265857	1775397	11490460	2051566499	482196
16258001060	3477284	39	8	3793040	13267176	1775531	11491645	2051653686	482196
16259872503	3477591	44	8	3793366	13268523	1775681	11492842	2051742100	482196
16261642106	3477902	37	8	3793704	13269858	1775811	11494047	2051830011	482196
16263364033	3478202	42	8	3794031	13271173	1775944	11495229	2051916493	482196
16265303318	3478498	50	8	3794354	13272465	1776066	11496399	2052001852	482196
16267043266	3478807	38	8	3794708	13273801	1776202	11497599	2052090666	482196
16269205865	3479108	39	8	3795037	13275151	1776341	11498810	2052179220	482196
16271187183	3479413	43	8	3795379	13276489	1776482	11500007	2052267451	482196
16272727388	3479715	39	8	3795715	13277815	1776618	11501197	2052355051	482196
16274693194	3480027	33	8	3796063	13279150	1776747	11502403	2052443558	482196
16276277510	3480323	46	8	3796396	13280480	1776896	11503584	2052531712	482196
16277909159	3480635	37	8	3796730	13281780	1777018	11504762	2052617667	482196
16279466416	3480928	43	8	3797063	13283086	1777143	11505943	2052704351	482196
16281241030	3481215	44	8	3797413	13284358	1777268	11507090	2052789840	482196
16282985542	3481521	45	8	3797766	13285707	1777409	11508298	2052878958	482196
16284725385	3481833	34	8	3798104	13287043	1777548	11509495	2052967186	482196
16286410955	3482139	37	8	3798441	13288359	1777676	11510683	2053054724	482196
16288024198	3482437	44	8	3798770	13289640	1777803	11511837	2053140119	482196
16289868008	3482745	32	8	3799121	13290966	1777938	11513028	2053228218	482196
16291896295	3483049	41	8	3799466	13292301	1778068	11514233	2053317013	482196
16293256191	3483353	41	8	3799803	13293605	1778200	11515405	2053403583	482196
16295287390	3483657	40	8	3800132	13294921	1778331	11516590	2053490305	482196
16297260820	3483957	44	8	3800464	13296246	1778470	11517776	2053578232	482196
16298867489	3484266	32	8	3800810	13297561	1778603	11518958	2053669260	482196
16300578024	3484568	42	8	3801147	13298902	1778736	11520166	2053757635	482196
16302331765	3484880	35	8	3801491	13300240	1778871	11521369	2053846178	482196
16304012844	3485182	34	8	3801833	13301556	1778999	11522557	2053933465	482196
16305404829	3485424	50	8	3802136	13302658	1779104	11523554	2054007697	482196
16307079800	3485712	41	8	3802458	13303925	1779235	11524690	2054091196	482196
16308965366	3486012	42	8	3802784	13305217	1779354	11525863	2054176249	482196
16310730461	3486317	32	8	3803122	13306508	1779468	11527040	2054261870	482196
16312318822	3486617	38	8	3803454	13307800	1779606	11528194	2054347897	482196
16313971386	3486916	43	8	3803779	13309071	1779713	11529358	2054432256	482196
16315176353	3487220	37	8	3804120	13310367	1779840	11530527	2054518296	482196
16316961157	3487520	51	8	3804461	13311704	1779975	11531729	2054606708	482196
16318576379	3487827	36	8	3804810	13313020	1780102	11532918	2054694390	482196
16320295713	3488132	38	8	3805151	13314331	1780226	11534105	2054781577	482196
16322040930	3488430	46	8	3805485	13315626	1780342	11535284	2054867419	482196
16324144873	3488736	34	8	3805813	13316939	1780477	11536462	2054953942	482196
16325785538	3489033	41	8	3806136	13318228	1780613	11537615	2055039495	482196
16327557000	3489341	41	8	3806486	13319521	1780732	11538789	2055131358	482196
16329502822	3489636	42	8	3806827	13320845	1780865	11539980	2055236465	482197
16331266798	3489946	38	8	3807170	13322165	1780988	11541177	2055323939	482197
16333181420	3490249	44	8	3807508	13323505	1781121	11542384	2055412291	482197
16334689745	3490551	35	8	3807855	13324822	1781260	11543562	2055500119	482197
16336554527	3490853	40	8	3808198	13326132	1781388	11544744	2055587347	482197
16338619209	3491153	39	8	3808528	13327450	1781514	11545936	2055674099	482197
16340325164	3491460	35	8	3808878	13328800	1781658	11547142	2055763284	482197
16341922507	3491755	43	8	3809225	13330096	1781775	11548321	2055850221	482197
16343779353	3492061	37	8	3809566	13331447	1781904	11549543	2055938890	482197
16345485496	3492371	37	8	3809904	13332749	1782037	11550712	2056025335	482197
16347123601	3492672	41	8	3810244	13334076	1782168	11551908	2056113517	482197
16348874624	3492971	44	8	3810592	13335408	1782302	11553106	2056201996	482197
16350536140	3493278	36	8	3810938	13336700	1782415	11554285	2056287997	482197
16352323768	3493580	44	8	3811271	13338056	1782563	11555493	2056377257	482197
16354066088	3493878	36	8	3811610	13339338	1782685	11556653	2056462229	482197
16355808667	3494172	42	8	3811952	13340647	1782805	11557842	2056549533	482197
16357385294	3494476	40	8	3812302	13341966	1782939	11559027	2056637493	482197
16358967225	3494780	41	8	3812640	13343276	1783073	11560203	2056724316	482197
16360951829	3495075	39	8	3812963	13344597	1783197	11561400	2056810830	482197
16362726700	3495386	37	8	3813310	13345919	1783331	11562588	2056898479	482197
16364541629	3495674	45	8	3813633	13347215	1783458	11563757	2056984204	482197
16366239912	3495978	33	8	3813970	13348487	1783582	11564905	2057068817	482197
16367988188	3496281	38	8	3814319	13349839	1783720	11566119	2057158638	482197
16369547618	3496583	44	8	3814660	13351164	1783853	11567311	2057246480	482197
16371619903	3496882	37	8	3814983	13352409	1783960	11568449	2057328903	482197
16373251778	3497185	38	8	3815309	13353710	1784080	11569630	2057414697	482197
16375076180	3497494	33	8	3815650	13355020	1784207	11570813	2057501730	482197
16376734837	3497776	48	8	3815960	13356285	1784328	11571957	2057585263	482197
16378393439	3498043	43	8	3816290	13357435	1784444	11572991	2057662680	482197
16379964196	3498338	33	8	3816625	13358703	1784558	11574145	2057747335	482197
16381600098	3498642	39	8	3816968	13360022	1784694	11575328	2057835097	482197
16383386823	3498946	42	8	3817305	13361356	1784836	11576520	2057923429	482197
16385160304	3499258	35	8	3817646	13362677	1784977	11577700	2058011002	482197
16386831406	3499554	40	8	3817978	13363979	1785106	11578873	2058120346	482197
16388744736	3499859	39	8	3818320	13365300	1785247	11580053	2058208047	482197
16390004554	3500163	42	8	3818653	13366613	1785393	11581220	2058295244	482197
16391565608	3500471	36	8	3818990	13367941	1785538	11582403	2058382731	482197
16393101045	3500773	44	8	3819325	13369257	1785662	11583595	2058469968	482197
16394697184	3501072	42	8	3819660	13370577	1785801	11584776	2058557167	482197
16396348404	3501377	36	8	3819999	13371887	1785930	11585957	2058643977	482197
16398208663	3501676	41	8	3820328	13373214	1786054	11587160	2058731282	482197
16399702178	3501983	31	8	3820676	13374519	1786192	11588327	2058818317	482197
16401738807	3502285	42	8	3821011	13375855	1786326	11589529	2058906561	482197
16403550941	3502587	39	8	3821353	13377184	1786465	11590719	2058994838	482197
16405508502	3502893	40	8	3821684	13378515	1786608	11591907	2059082511	482197
16407309736	3503195	39	8	3822013	13379826	1786733	11593093	2059169023	482197
16408585378	3503504	40	8	3822359	13381141	1786852	11594289	2059256458	482197
16410347303	3503809	38	8	3822688	13382482	1786996	11595486	2059344647	482197
16412125919	3504115	33	8	3823022	13383781	1787100	11596681	2059430229	482197
16413827483	3504407	36	8	3823343	13385072	1787244	11597828	2059515262	482197
16415719494	3504710	37	8	3823675	13386409	1787396	11599013	2059603421	482197
16417422897	3505015	41	8	3824008	13387732	1787521	11600211	2059690788	482197
16419056054	3505327	30	8	3824351	13389027	1787631	11601396	2059776796	482197
16420893897	3505627	41	8	3824677	13390374	1787774	11602600	2059865311	482197
16422424910	3505934	32	8	3825014	13391683	1787914	11603769	2059951992	482197
16424380442	3506234	41	8	3825367	13393018	1788033	11604985	2060040815	482197
16426061690	3506532	43	8	3825689	13394331	1788169	11606162	2060127230	482197
16427882996	3506838	35	8	3826038	13395643	1788296	11607347	2060214269	482197
16429449644	3507135	38	8	3826365	13396926	1788419	11608507	2060299359	482197
16430950792	3507443	40	8	3826710	13398250	1788552	11609698	2060387329	482197
16432624935	3507751	33	8	3827057	13399588	1788682	11610906	2060475972	482197
16434383840	3508052	39	8	3827380	13400901	1788810	11612091	2060562261	482197
16435938398	3508358	35	8	3827716	13402204	1788950	11613254	2060648898	482197
16437461241	3508662	35	8	3828049	13403492	1789074	11614418	2060734761	482197
16439351107	3508968	40	8	3828382	13404806	1789202	11615604	2060821842	482197
16441117161	3509276	41	8	3828713	13406130	1789332	11616798	2060909218	482197
16442595084	3509577	41	8	3829061	13407417	1789453	11617964	2060995200	482197
16444252816	3509866	32	8	3829390	13408702	1789584	11619118	2061079971	482197
16445917590	3510156	49	8	3829726	13410011	1789726	11620285	2061166971	482197
16447074269	3510393	36	8	3830027	13411053	1789834	11621219	2061237500	482197
16448931106	3510680	39	8	3830352	13412324	1789972	11622352	2061321549	482197
16450636458	3510979	42	8	3830681	13413642	1790110	11623532	2061408657	482197
16452143873	3511287	38	8	3831019	13414962	1790232	11624730	2061495804	482197
16453888966	3511596	34	8	3831363	13416291	1790356	11625935	2061583742	482197
16455611934	3511893	43	8	3831684	13417568	1790473	11627095	2061668068	482197
16457465291	3512199	37	8	3832019	13418885	1790585	11628300	2061754695	482197
16459539557	3512503	43	8	3832351	13420209	1790708	11629501	2061842060	482197
16461258588	3512808	35	8	3832695	13421511	1790826	11630685	2061928726	482197
16462772043	3513112	38	8	3833030	13422845	1790962	11631883	2062016623	482197
16464536071	3513415	44	8	3833372	13424172	1791102	11633070	2062104727	482197
16466145342	3513720	34	8	3833716	13425490	1791229	11634261	2062191912	482197
16467920692	3514020	45	8	3834043	13426802	1791370	11635432	2062278988	482197
16469600072	3514327	37	8	3834383	13428109	1791503	11636606	2062365791	482197
16471207779	3514635	42	8	3834706	13429408	1791635	11637773	2062451400	482197
16473135478	3514937	41	8	3835043	13430751	1791777	11638974	2062540174	482197
16474890665	3515234	40	8	3835366	13432005	1791889	11640116	2062623465	482197
16476488778	3515540	36	8	3835712	13433341	1792031	11641310	2062711945	482197
16478333197	3515843	33	8	3836044	13434630	1792162	11642468	2062797927	482197
16480111900	3516147	37	8	3836371	13435955	1792302	11643653	2062885129	482197
16481293318	3516439	36	8	3836699	13437213	1792424	11644789	2062968748	482197
16483145068	3516745	39	8	3837041	13438543	1792571	11645972	2063057149	482197
16484753991	3517039	43	8	3837370	13439828	1792696	11647132	2063142348	482197
16486650034	3517342	43	8	3837708	13441139	1792817	11648322	2063229016	482197
16488195922	3517636	41	8	3838054	13442448	1792969	11649479	2063316500	482197
16490021631	3517942	41	8	3838388	13443780	1793112	11650668	2063404553	482197
16491626701	3518246	35	8	3838715	13445071	1793243	11651828	2063490056	482197
16493265141	3518537	46	8	3839030	13446360	1793389	11652971	2063575059	482197
16495521449	3518844	39	8	3839374	13447714	1793516	11654198	2063663942	482197
16497137366	3519149	38	8	3839708	13449029	1793659	11655370	2063751098	482197
16498541412	3519453	32	8	3840060	13450318	1793779	11656539	2063837630	482197
16500233273	3519755	40	8	3840394	13451654	1793918	11657736	2063925937	482197
16501907618	3520051	34	8	3840725	13452915	1794048	11658867	2064009688	482197
16503454344	3520350	39	8	3841058	13454227	1794189	11660038	2064096940	482197
16505531178	3520655	34	8	3841410	13455542	1794314	11661228	2064184490	482197
16507030094	3520954	40	8	3841734	13456845	1794440	11662405	2064270464	482197
16508836561	3521253	38	8	3842058	13458132	1794577	11663555	2064355521	482197
16510547238	3521558	42	8	3842392	13459447	1794699	11664748	2064442301	482197
16512380016	3521862	39	8	3842720	13460773	1794836	11665937	2064529034	482197
16513759340	3522161	36	8	3843055	13462040	1794948	11667092	2064613632	482197
16515408439	3522451	41	8	3843372	13463336	1795088	11668248	2064699234	482197
16517015664	3522735	41	8	3843695	13464583	1795213	11669370	2064781851	482197
16518321559	3523020	33	8	3844013	13465770	1795320	11670450	2064861017	482197
16519905822	3523318	44	8	3844352	13467105	1795470	11671635	2064949263	482197
16521863691	3523626	34	8	3844687	13468436	1795606	11672830	2065037025	482197
16523838775	3523927	35	8	3845011	13469760	1795755	11674005	2065124106	482197
16525270011	3524228	38	8	3845352	13471085	1795905	11675180	2065211814	482197
16526771376	3524526	36	8	3845686	13472371	1796025	11676346	2065297123	482197
16528491813	3524821	41	8	3846014	13473677	1796156	11677521	2065383454	482197
16530199670	3525120	38	8	3846355	13474973	1796282	11678691	2065469394	482197
16532301348	3525412	43	8	3846683	13476278	1796408	11679870	2065555735	482197
16534042168	3525714	38	8	3847034	13477570	1796529	11681041	2065642097	482197
16535726773	3526015	34	8	3847376	13478901	1796659	11682242	2065730080	482197
16537334750	3526312	45	8	3847699	13480180	1796780	11683400	2065814741	482197
16539066741	3526614	35	8	3848030	13481469	1796913	11684556	2065900092	482197
16540689446	3526913	42	8	3848355	13482748	1797030	11685718	2065984687	482197
16542549437	3527220	41	8	3848697	13484104	1797167	11686937	2066073910	482197
16544080717	3527513	41	8	3849037	13485393	1797283	11688110	2066159818	482197
16545746606	3527813	44	8	3849385	13486715	1797404	11689311	2066247503	482197
16547279994	3528121	28	8	3849725	13487987	1797533	11690454	2066332213	482197
16549328250	3528413	31	8	3850057	13489299	1797672	11691627	2066419035	482197
16550967538	3528707	38	8	3850390	13490601	1797798	11692803	2066505042	482197
16552404845	3529014	37	8	3850739	13491904	1797918	11693986	2066592006	482197
16554392456	3529315	36	8	3851071	13493199	1798031	11695168	2066677783	482197
16555987385	3529615	42	8	3851394	13494488	1798159	11696329	2066762973	482197
16557770177	3529915	38	8	3851732	13495813	1798300	11697513	2066850267	482197
16559468667	3530219	36	8	3852063	13497115	1798424	11698691	2066936375	482197
16561106633	3530512	45	8	3852380	13498400	1798551	11699849	2067021091	482197
16562938459	3530817	46	8	3852705	13499705	1798670	11701035	2067107023	482197
16564531692	3531119	43	8	3853040	13501008	1798788	11702220	2067193160	482197
16566017571	3531424	39	8	3853387	13502324	1798925	11703399	2067280781	482197
16567485233	3531714	35	8	3853704	13503570	1799038	11704532	2067363168	482197
16569293807	3532016	43	8	3854033	13504879	1799171	11705708	2067449547	482197
16571316438	3532319	41	8	3854375	13506193	1799290	11706903	2067536552	482197
16573184354	3532619	41	8	3854713	13507538	1799433	11708105	2067625122	482197
16575143630	3532927	35	8	3855050	13508872	1799571	11709301	2067713036	482197
16576526262	3533223	35	8	3855378	13510172	1799705	11710467	2067798931	482197
16578118792	3533528	39	8	3855710	13511499	1799853	11711646	2067886707	482197
16579696131	3533828	38	8	3856044	13512820	1799996	11712824	2067974181	482197
16581298282	3534130	34	8	3856381	13514139	1800138	11714001	2068061698	482197
16582884759	3534431	32	8	3856712	13515436	1800271	11715165	2068147651	482197
16584431510	3534719	44	8	3857030	13516710	1800391	11716319	2068231696	482197
16586315422	3535025	27	8	3857373	13518014	1800511	11717503	2068317824	482197
16587729216	3535271	28	8	3857688	13519119	1800609	11718510	2068392213	482197
16589235636	3535554	45	8	3858009	13520393	1800748	11719645	2068501492	482197
16591165852	3535855	37	8	3858339	13521715	1800880	11720835	2068588133	482197
16592880068	3536154	39	8	3858668	13522989	1800996	11721993	2068672642	482197
16594743397	3536456	45	8	3859005	13524309	1801116	11723193	2068759748	482197
16596564779	3536758	38	8	3859333	13525600	1801238	11724362	2068845078	482197
16598345763	3537063	37	8	3859663	13526904	1801363	11725541	2068931581	482197
16600246161	3537361	38	8	3859985	13528218	1801491	11726727	2069017361	482197
16601915206	3537665	31	8	3860324	13529522	1801618	11727904	2069103783	482197
16603419897	3537956	39	8	3860643	13530791	1801738	11729053	2069187690	482197
16605322014	3538254	47	8	3860980	13532101	1801862	11730239	2069274405	482197
16606788504	3538553	36	8	3861328	13533415	1802006	11731409	2069361828	482197
16608555414	3538854	27	8	3861685	13534706	1802114	11732592	2069448166	482197
16610486096	3539144	37	8	3862008	13536006	1802236	11733770	2069533804	482197
16612483333	3539435	44	8	3862332	13537318	1802383	11734935	2069620179	482197
16613943492	3539733	33	8	3862675	13538590	1802511	11736079	2069705360	482197
16615607210	3540032	34	8	3863007	13539880	1802638	11737242	2069790824	482197
16616998864	3540325	46	8	3863329	13541153	1802777	11738376	2069875379	482197
16618363902	3540619	38	8	3863660	13542434	1802904	11739530	2069960443	482197
16619864308	3540922	36	8	3864002	13543760	1803053	11740707	2070048213	482197
16621697330	3541223	31	8	3864340	13545057	1803183	11741874	2070134111	482197
16623142122	3541512	35	8	3864666	13546335	1803319	11743016	2070219158	482197
16624424859	3541809	45	8	3864989	13547615	1803447	11744168	2070303744	482197
16626041096	3542106	33	8	3865319	13548918	1803579	11745339	2070389392	482197
16627762210	3542405	27	8	3865653	13550217	1803692	11746525	2070475055	482197
16629504243	3542697	41	8	3865981	13551520	1803818	11747702	2070560959	482196
16631617555	3542994	41	8	3866318	13552833	1803951	11748882	2070648052	482197
16633472333	3543284	44	8	3866643	13554107	1804091	11750016	2070732538	482197
16634915415	3543586	49	8	3866978	13555434	1804237	11751197	2070820189	482197
16636753417	3543891	39	8	3867304	13556761	1804382	11752379	2070907540	482197
16638780948	3544191	37	8	3867640	13558077	1804518	11753559	2070995129	482197
16640569526	3544490	39	8	3867971	13559421	1804666	11754755	2071083417	482197
16642224954	3544788	38	8	3868298	13560726	1804808	11755918	2071169600	482197
16644257939	3545089	38	8	3868635	13562033	1804933	11757100	2071256092	482197
16646004999	3545388	34	8	3868977	13563336	1805068	11758268	2071342695	482197
16647456643	3545669	43	8	3869304	13564620	1805214	11759406	2071427814	482197
16649037480	3545964	41	8	3869636	13565900	1805343	11760557	2071512710	482197
16650519276	3546263	38	8	3869979	13567202	1805463	11761739	2071599254	482197
16652366599	3546568	37	8	3870315	13568529	1805595	11762934	2071688302	482197
16654007010	3546869	42	8	3870649	13569824	1805735	11764089	2071774429	482197
16655618453	3547161	39	8	3870986	13571109	1805863	11765246	2071860082	482197
16657293651	3547461	39	8	3871319	13572427	1806004	11766423	2071959127	482196
16658588442	3547706	33	8	3871615	13573493	1806115	11767378	2072030625	482196
16660145790	3547990	35	8	3871928	13574717	1806229	11768488	2072112194	482196
16662105693	3548283	36	8	3872255	13576000	1806374	11769626	2072197117	482196
16663995122	3548581	34	8	3872589	13577299	1806505	11770794	2072285091	482196
16665908285	3548871	46	8	3872911	13578589	1806641	11771948	2072370419	482196
16667390128	3549171	42	8	3873261	13579904	1806772	11773132	2072459451	482196
16668749256	3549476	32	8	3873616	13581159	1806879	11774280	2072550827	482195
16670733583	3549763	36	8	3873940	13582421	1806991	11775430	2072634581	482195
16672223929	3550051	47	8	3874261	13583689	1807127	11776562	2072727294	482195
16674026894	3550353	33	8	3874602	13584992	1807250	11777742	2072813526	482195
16675693500	3550655	37	8	3874946	13586303	1807375	11778928	2072900344	482195
16677401084	3550947	40	8	3875286	13587589	1807510	11780079	2072991096	482194
16679331374	3551239	40	8	3875628	13588887	1807652	11781235	2073079991	482194
16680986691	3551536	31	8	3875978	13590166	1807773	11782393	2073165436	482194
16682655396	3551830	41	8	3876310	13591426	1807895	11783531	2073250195	482194
16684640850	3552125	38	8	3876641	13592720	1808017	11784703	2073335813	482194
16686078170	3552424	39	8	3876970	13594014	1808157	11785857	2073421230	482194
16687607634	3552720	35	8	3877305	13595302	1808272	11787030	2073506829	482194
16689303110	3553025	26	8	3877636	13596595	1808380	11788215	2073591930	482194
16691131334	3553323	37	8	3877977	13597913	1808501	11789412	2073679465	482194
16692927084	3553630	36	8	3878322	13599260	1808627	11790633	2073784018	482194
16694735753	3553935	35	8	3878662	13600580	1808758	11791822	2073879606	482192
16696291879	3554221	43	8	3878985	13601841	1808894	11792947	2073964967	482191
16698131479	3554524	35	8	3879324	13603147	1809023	11794124	2074051263	482191
16699604012	3554829	30	8	3879669	13604439	1809147	11795292	2074148509	482191
16701049607	3555109	36	8	3879984	13605694	1809289	11796405	2074231932	482191
16702901211	3555411	38	8	3880315	13607015	1809429	11797586	2074318845	482191
16704631448	3555700	36	8	3880643	13608296	1809563	11798733	2074436927	482191
16706465812	3555989	33	8	3880956	13609529	1809679	11799850	2074518186	482191
16708234900	3556283	33	8	3881275	13610803	1809804	11800999	2074602045	482191
16709888880	3556579	43	8	3881608	13612110	1809936	11802174	2074688410	482191
16711654748	3556871	35	8	3881933	13613372	1810065	11803307	2074786794	482188
16713493603	3557171	42	8	3882264	13614671	1810174	11804497	2074877463	482187
16714937661	3557468	37	8	3882592	13615944	1810292	11805652	2074964654	482186
16716429773	3557767	38	8	3882924	13617264	1810433	11806831	2075051657	482186
16717964187	3558064	37	8	3883268	13618584	1810563	11808021	2075141363	482186
16719536370	3558361	38	8	3883597	13619879	1810713	11809166	2075227244	482186
16721625668	3558653	37	8	3883925	13621127	1810818	11810309	2075310152	482186
16723321653	3558954	33	8	3884262	13622421	1810946	11811475	2075399418	482185
16725048917	3559249	35	8	3884593	13623717	1811076	11812641	2075485201	482185
16727031169	3559547	33	8	3884941	13625044	1811207	11813837	2075578600	482185
16728654696	3559846	30	8	3885273	13626321	1811339	11814982	2075668978	482184
16730145068	3560111	47	8	3885570	13627536	1811468	11816068	2075750490	482183
16731628225	3560394	36	8	3885906	13628737	1811589	11817148	2075835852	482182
16733022481	3560689	39	8	3886230	13630004	1811720	11818284	2075919990	482182
16734678191	3560987	34	8	3886551	13631314	1811878	11819436	2076006241	482182
16736283912	3561281	30	8	3886871	13632570	1811985	11820585	2076089322	482182
16737807591	3561579	35	8	3887202	13633871	1812131	11821740	2076181469	482180
16739241054	3561866	35	8	3887534	13635124	1812259	11822865	2076266732	482180
16740808060	3562168	36	8	3887866	13636407	1812387	11824020	2076367413	482180
16742394472	3562461	34	8	3888190	13637639	1812510	11825129	2076454496	482180
16744308008	3562761	36	8	3888513	13638924	1812632	11826292	2076543216	482179
16745887794	3563059	35	8	3888854	13640205	1812755	11827450	2076633610	482178
16747639170	3563357	34	8	3889175	13641482	1812889	11828593	2076721509	482178
16749146466	3563650	36	8	3889497	13642747	1813035	11829712	2076805953	482178
16750682740	3563953	33	8	3889835	13644058	1813168	11830890	2076894336	482178
16752245037	3564238	44	8	3890170	13645343	1813292	11832051	2076979798	482178
16753878738	3564526	45	8	3890503	13646606	1813421	11833185	2077064445	482178
16755658735	3564822	36	8	3890846	13647881	1813550	11834331	2077149238	482177
16757322720	3565119	33	8	3891178	13649177	1813677	11835500	2077234805	482177
16759006795	3565421	27	8	3891520	13650474	1813810	11836664	2077321270	482177
16760794556	3565718	33	8	3891859	13651793	1813945	11837848	2077413536	482178
16762552293	3566002	35	8	3892166	13653021	1814064	11838957	2077495211	482178
16764163838	3566295	38	8	3892505	13654321	1814198	11840123	2077581669	482178
16766010867	3566596	37	8	3892844	13655623	1814336	11841287	2077676879	482175
16767812274	3566892	39	8	3893172	13656900	1814473	11842427	2077761734	482175
16769694592	3567183	41	8	3893500	13658203	1814598	11843605	2077847659	482175
16771353671	3567480	38	8	3893825	13659484	1814725	11844759	2077932078	482175
16772807311	3567780	35	8	3894168	13660773	1814850	11845923	2078026778	482175
16774392888	3568080	36	8	3894497	13662055	1814970	11847085	2078122940	482174
16776027275	3568380	37	8	3894833	13663349	1815094	11848255	2078208734	482174
16777670431	3568685	31	8	3895169	13664634	1815237	11849397	2078306593	482173
16779594306	3568962	42	8	3895489	13665877	1815349	11850528	2078389005	482173
16780786905	3569256	38	8	3895818	13667136	1815471	11851665	2078472586	482173
16782601474	3569559	40	8	3896144	13668450	1815603	11852847	2078558795	482173
16784326035	3569855	43	8	3896466	13669737	1815722	11854015	2078643469	482173
16786135079	3570150	37	8	3896796	13671008	1815846	11855162	2078728193	482172
16788004522	3570448	34	8	3897133	13672254	1815957	11856297	2078814297	482171
16789553204	3570745	34	8	3897456	13673534	1816077	11857457	2078898737	482171
16790984746	3571043	30	8	3897783	13674810	1816205	11858605	2078984743	482171
16792556591	3571323	47	8	3898106	13676052	1816334	11859718	2079069035	482171
16794436411	3571629	41	8	3898446	13677370	1816479	11860891	2079162724	482170
16796078720	3571933	34	8	3898786	13678674	1816602	11862072	2079263280	482166
16797625327	3572221	35	8	3899113	13679924	1816719	11863205	2079355429	482165
16799604619	3572525	35	8	3899444	13681223	1816842	11864381	2079446197	482164
16801364242	3572806	32	8	3899763	13682472	1816954	11865518	2079528586	482164
16803279547	3573103	40	8	3900087	13683749	1817082	11866667	2079617129	482163
16804891370	3573401	44	8	3900427	13685037	1817208	11867829	2079719716	482161
16806437281	3573696	40	8	3900758	13686301	1817322	11868979	2079832785	482158
16808349499	3573996	37	8	3901078	13687601	1817457	11870144	2079922025	482157
16810027725	3574293	38	8	3901399	13688856	1817580	11871276	2080005463	482157
16812088813	3574598	37	8	3901742	13690167	1817718	11872449	2080097450	482157
16813841052	3574899	37	8	3902061	13691447	1817853	11873594	2080185241	482157
16815615765	3575197	36	8	3902395	13692763	1817992	11874771	2080271958	482157
16817193890	3575502	28	8	3902743	13694054	1818126	11875928	2080370744	482157
16818768165	3575784	47	8	3903065	13695308	1818237	11877071	2080453811	482157
16820845491	3576083	38	8	3903405	13696610	1818377	11878233	2080586983	482154
16822642656	3576382	39	8	3903733	13697899	1818513	11879386	2080679404	482154
16824439298	3576678	33	8	3904066	13699172	1818629	11880543	2080766162	482153
16826083085	3576973	35	8	3904390	13700454	1818760	11881694	2080850708	482153
16827663769	3577287	36	8	3904732	13701772	1818906	11882866	2080949078	482150
16829271534	3577567	41	8	3905042	13702996	1819040	11883956	2081048823	482146
16830730928	3577869	38	8	3905385	13704286	1819172	11885114	2081137924	482146
16832302739	3578158	38	8	3905722	13705549	1819296	11886253	2081222296	482146
16834123308	3578456	35	8	3906054	13706844	1819433	11887411	2081321146	482146
16835652370	3578747	38	8	3906369	13708103	1819576	11888527	2081409472	482146
16837558620	3579051	40	8	3906702	13709404	1819710	11889694	2081495516	482146
16839353387	3579349	33	8	3907029	13710686	1819834	11890852	2081586653	482146
16840984904	3579652	37	8	3907362	13711957	1819954	11892003	2081712060	482144
16842781321	3579949	35	8	3907692	13713256	1820101	11893155	2081799433	482144
16844297764	3580244	28	8	3908025	13714513	1820225	11894288	2081884585	482143
16845745914	3580514	43	8	3908323	13715708	1820344	11895364	2081975377	482143
16847313086	3580806	36	8	3908654	13716963	1820462	11896501	2082065898	482142
16849051144	3581099	39	8	3908975	13718236	1820591	11897645	2082155864	482141
16850683600	3581399	42	8	3909309	13719551	1820726	11898825	2082248690	482141
16852349237	3581696	36	8	3909640	13720841	1820857	11899984	2082336496	482142
16853793199	3581988	32	8	3909971	13722097	1820996	11901101	2082424273	482142
16855073120	3582279	36	8	3910293	13723349	1821116	11902233	2082509249	482142
16856700498	3582578	35	8	3910624	13724653	1821243	11903410	2082600465	482141
16858389379	3582876	36	8	3910957	13725935	1821360	11904575	2082685754	482140
16859982794	3583170	44	8	3911282	13727209	1821498	11905711	2082798448	482139
16861707821	3583468	37	8	3911621	13728503	1821625	11906878	2082884651	482139
16863662189	3583767	35	8	3911954	13729797	1821764	11908033	2082975791	482139
16865267125	3584065	35	8	3912285	13731097	1821917	11909180	2083067394	482138
16866850227	3584350	37	8	3912607	13732328	1822032	11910296	2083150824	482138
16868854644	3584649	35	8	3912938	13733643	1822177	11911466	2083244278	482137
16870628650	3584949	32	8	3913265	13734926	1822308	11912618	2083333319	482135
16872614375	3585251	33	8	3913597	13736227	1822462	11913765	2083431286	482133
16874612917	3585527	39	8	3913901	13737444	1822591	11914853	2083513417	482133
16876468351	3585822	35	8	3914213	13738732	1822722	11916010	2083601844	482132
16877977263	3586123	33	8	3914551	13739997	1822849	11917148	2083706250	482131
16879680913	3586428	28	8	3914879	13741312	1822989	11918323	2083807392	482130
16881159005	3586721	36	8	3915210	13742605	1823124	11919481	2083897038	482130
16882703271	3587017	37	8	3915546	13743892	1823249	11920643	2083986606	482130
16884300618	3587293	37	8	3915850	13745072	1823354	11921718	2084073028	482129
16885784438	3587604	37	8	3916196	13746346	1823488	11922858	2084170049	482128
16887433567	3587911	39	8	3916542	13747677	1823634	11924043	2084283213	482129
16889183279	3588206	43	8	3916872	13748953	1823759	11925194	2084368042	482129
16890725294	3588507	29	8	3917206	13750245	1823893	11926352	2084455713	482128
16892465868	3588802	41	8	3917531	13751482	1824010	11927472	2084545893	482128
16894331566	3589097	29	8	3917865	13752778	1824140	11928638	2084631680	482128
16896360848	3589389	36	8	3918181	13754075	1824285	11929790	2084720010	482129
16898138969	3589683	27	8	3918507	13755343	1824410	11930933	2084804108	482129
16900050331	3589973	33	8	3918828	13756620	1824536	11932084	2084888220	482129
16901317654	3590277	35	8	3919167	13757883	1824680	11933203	2084988678	482129
16903026926	3590568	36	8	3919492	13759133	1824814	11934319	2085074200	482127
16904491550	3590856	39	8	3919811	13760367	1824941	11935426	2085160655	482127
16906075538	3591179	36	8	3920173	13761670	1825083	11936587	2085272079	482126
16907734853	3591475	38	8	3920502	13762955	1825216	11937739	2085372533	482126
16909370746	3591776	44	8	3920830	13764258	1825358	11938900	2085462023	482126
16910952766	3592073	40	8	3921166	13765527	1825495	11940032	2085550394	482125
16912293564	3592368	32	8	3921494	13766760	1825619	11941141	2085642049	482124
16914118213	3592667	31	8	3921825	13768026	1825729	11942297	2085731669	482123
16916016662	3592967	37	8	3922162	13769312	1825881	11943431	2085851393	482124
16917701576	3593266	38	8	3922483	13770581	1826021	11944560	2085950678	482124
16919548356	3593561	43	8	3922808	13771874	1826156	11945718	2086042240	482122
16921101282	3593860	39	8	3923140	13773121	1826285	11946836	2086140339	482121
16922836027	3594160	40	8	3923461	13774375	1826428	11947947	2086246917	482122
16924520940	3594458	34	8	3923782	13775627	1826533	11949094	2086334141	482121
16925994375	3594737	39	8	3924091	13776820	1826654	11950166	2086428045	482118
16927585875	3595036	41	8	3924421	13778078	1826786	11951292	2086533081	482118
16929156907	3595325	38	8	3924752	13779351	1826926	11952425	2086617844	482118
16930804347	3595625	37	8	3925078	13780602	1827054	11953548	2086703156	482118
16932462603	3595927	37	8	3925410	13781887	1827194	11954693	2086799849	482116
16934139905	3596226	40	8	3925736	13783151	1827337	11955814	2086888427	482115
16936133397	3596528	39	8	3926067	13784430	1827460	11956970	2086986561	482112
16937645654	3596827	38	8	3926395	13785706	1827603	11958103	2087083640	482110
16938933210	3597128	39	8	3926722	13786971	1827734	11959237	2087181631	482111
16940462350	3597423	34	8	3927051	13788195	1827865	11960330	2087272961	482111
16942009478	3597702	38	8	3927365	13789395	1827987	11961408	2087353167	482110
