bytes_written	total_items	curr_connections	threads	cmd_set	cmd_get	get_misses	get_hits	bytes_read
13633912149	667366	29	8	665893	9110241	1683504	7426737	1637890812	387001
13635456842	667366	47	8	665893	9111141	1683619	7427522	1637936682	387001
13636729893	667366	44	8	665893	9112057	1683745	7428312	1637984365	387001
13638223370	667366	37	8	665893	9112976	1683886	7429090	1638031686	387001
13640141094	667366	44	8	665893	9113927	1684016	7429911	1638080929	387001
13641282290	667366	41	8	665893	9114834	1684139	7430695	1638127575	387001
13642688212	667366	39	8	665893	9115802	1684299	7431503	1638177515	387001
13644545479	667366	43	8	665893	9116782	1684433	7432349	1638227803	387001
13645830924	667366	38	8	665893	9117682	1684553	7433129	1638274078	387001
13647624014	667366	47	8	665893	9118651	1684691	7433960	1638324317	387001
13648852099	667366	35	8	665893	9119547	1684825	7434722	1638370777	387001
13650473832	667366	42	8	665893	9120493	1684961	7435532	1638419212	387001
13652104194	667366	45	8	665893	9121421	1685088	7436333	1638467477	387001
13653778861	667366	39	8	665893	9122329	1685209	7437120	1638514179	387001
13655242145	667366	39	8	665893	9123251	1685335	7437916	1638561567	387001
13656672878	667367	43	8	665894	9124172	1685461	7438711	1638615472	387000
13658046205	667367	39	8	665894	9125084	1685594	7439490	1638662674	387000
13659561996	667368	43	8	665895	9126027	1685723	7440304	1638711295	387001
13661009557	667368	44	8	665895	9126951	1685860	7441091	1638759160	387001
13662549440	667368	44	8	665895	9127901	1686002	7441899	1638808036	387001
13664542123	667368	46	8	665895	9128867	1686156	7442711	1638858365	387001
13665773524	667368	46	8	665895	9129759	1686279	7443480	1638904642	387001
13667676008	667368	43	8	665895	9130658	1686393	7444265	1638950816	387001
13669100228	667368	39	8	665895	9131598	1686522	7445076	1638999069	387001
13670639958	667368	46	8	665895	9132525	1686652	7445873	1639047253	387001
13672090225	667368	41	8	665895	9133437	1686778	7446659	1639094409	387001
13673523080	667368	41	8	665895	9134377	1686930	7447447	1639142890	387001
13674947159	667368	44	8	665895	9135317	1687057	7448260	1639191599	387001
13676490565	667368	39	8	665895	9136226	1687192	7449034	1639238735	387001
13678140709	667368	46	8	665895	9137180	1687320	7449860	1639288014	387001
13679694812	667368	42	8	665895	9138099	1687450	7450649	1639335383	387001
13681361180	667368	43	8	665895	9139054	1687588	7451466	1639384398	387001
13683165161	667368	44	8	665895	9139982	1687718	7452264	1639432561	387001
13684671220	667368	39	8	665895	9140904	1687833	7453071	1639480033	387001
13686391725	667368	42	8	665895	9141861	1687963	7453898	1639529265	387001
13688110403	667368	42	8	665895	9142816	1688099	7454717	1639578510	387001
13689449236	667368	46	8	665895	9143735	1688232	7455503	1639625957	387001
13690847569	667368	39	8	665895	9144656	1688356	7456300	1639673504	387001
13692566312	667368	41	8	665895	9145610	1688484	7457126	1639722633	387001
13693887899	667368	45	8	665895	9146537	1688604	7457933	1639770088	387001
13695188047	667368	41	8	665895	9147448	1688722	7458726	1639816854	387001
13696845958	667368	41	8	665895	9148386	1688853	7459533	1639865547	387001
13698257496	667368	41	8	665895	9149327	1688989	7460338	1639914149	387001
13699907580	667368	41	8	665895	9150278	1689122	7461156	1639962973	387001
13701168213	667368	43	8	665895	9151206	1689249	7461957	1640010928	387001
13702354092	667368	38	8	665895	9152134	1689391	7462743	1640058990	387001
13703669507	667368	46	8	665895	9153086	1689534	7463552	1640108330	387001
13705146897	667368	42	8	665895	9154003	1689662	7464341	1640155664	387001
13706753669	667368	45	8	665895	9154954	1689799	7465155	1640204631	387001
13708114944	667368	42	8	665895	9155897	1689939	7465958	1640253659	387001
13709730117	667368	43	8	665895	9156846	1690082	7466764	1640302804	387001
13711382102	667368	45	8	665895	9157786	1690215	7467571	1640350949	387001
13712860377	667368	38	8	665895	9158719	1690346	7468373	1640399164	387001
13714347141	667380	42	8	665907	9159693	1690491	7469202	1640469636	387005
13715901191	667380	46	8	665907	9160653	1690629	7470024	1640519202	387005
13717235280	667380	44	8	665907	9161577	1690751	7470826	1640566622	387005
13718568659	667380	43	8	665907	9162509	1690886	7471623	1640615065	387005
13719752451	667380	39	8	665907	9163350	1691003	7472347	1640658580	387005
13721345640	667380	41	8	665907	9164232	1691137	7473095	1640703985	387005
13722838398	667380	55	8	665907	9165101	1691245	7473856	1640748477	387005
13724587174	667380	40	8	665907	9166027	1691381	7474646	1640796742	387005
13726231259	667380	40	8	665907	9166945	1691489	7475456	1640843895	387005
13727675027	667380	47	8	665907	9167887	1691628	7476259	1640892757	387005
13729212961	667382	36	8	665909	9168807	1691753	7477054	1640940338	387005
13730701759	667382	42	8	665909	9169760	1691893	7477867	1640989524	387005
13731911240	667382	46	8	665909	9170679	1692007	7478672	1641036943	387005
13733583431	667382	37	8	665909	9171605	1692140	7479465	1641084771	387005
13735028383	667382	45	8	665909	9172555	1692265	7480290	1641133745	387005
13736587998	667382	39	8	665909	9173499	1692400	7481099	1641181956	387005
13737932571	667382	40	8	665909	9174402	1692517	7481885	1641228747	387005
13739242762	667382	41	8	665909	9175363	1692656	7482707	1641278274	387005
13740493427	667382	46	8	665909	9176306	1692798	7483508	1641326949	387005
13741851828	667382	43	8	665909	9177269	1692939	7484330	1641376729	387005
13743385228	667382	44	8	665909	9178203	1693063	7485140	1641424827	387005
13745033776	667382	40	8	665909	9179151	1693214	7485937	1641473967	387005
13746659456	667382	44	8	665909	9180119	1693352	7486767	1641523726	387005
13748281868	667382	40	8	665909	9181041	1693467	7487574	1641571206	387005
13749998816	667382	45	8	665909	9181952	1693580	7488372	1641618131	387005
13751440075	667382	45	8	665909	9182867	1693702	7489165	1641665008	387005
13752939211	667382	44	8	665909	9183812	1693831	7489981	1641713848	387005
13754449158	667382	36	8	665909	9184752	1693954	7490798	1641762064	387005
13755997966	667382	40	8	665909	9185699	1694086	7491613	1641810915	387005
13757339448	667382	41	8	665909	9186637	1694226	7492411	1641858972	387005
13758719533	667382	47	8	665909	9187599	1694362	7493237	1641908934	387005
13760534015	667382	38	8	665909	9188496	1694479	7494017	1641955096	387005
13761946363	667382	43	8	665909	9189443	1694606	7494837	1642003440	387005
13763376697	667382	46	8	665909	9190356	1694739	7495617	1642051225	387005
13765069207	667382	36	8	665909	9191271	1694864	7496407	1642098137	387005
13766527607	667382	40	8	665909	9192214	1694989	7497225	1642146685	387005
13767968272	667382	44	8	665909	9193166	1695125	7498041	1642195774	387005
13769661033	667382	41	8	665909	9194106	1695255	7498851	1642244303	387005
13771666463	667382	42	8	665909	9195050	1695389	7499661	1642292793	387005
13773378533	667382	38	8	665909	9195961	1695500	7500461	1642339470	387005
13775004055	667382	40	8	665909	9196917	1695637	7501280	1642388890	387005
13776451061	667382	38	8	665909	9197862	1695781	7502081	1642437463	387005
13778140746	667382	47	8	665909	9198824	1695917	7502907	1642487148	387005
13779782388	667382	43	8	665909	9199740	1696042	7503698	1642534381	387005
13781490069	667382	42	8	665909	9200667	1696195	7504472	1642582013	387005
13782792433	667382	39	8	665909	9201589	1696312	7505277	1642629760	387005
13784256585	667382	43	8	665909	9202448	1696427	7506021	1642674124	387005
13785882605	667382	35	8	665909	9203296	1696553	7506743	1642718025	387005
13787494026	667382	45	8	665909	9204246	1696686	7507560	1642766804	387005
13789046346	667382	40	8	665909	9205168	1696809	7508359	1642814515	387005
13790534827	667382	40	8	665909	9206097	1696948	7509149	1642862099	387005
13791869317	667382	47	8	665909	9207042	1697079	7509963	1642911051	387005
13793214525	667382	41	8	665909	9207970	1697214	7510756	1642958788	387005
13794470647	667382	42	8	665909	9208906	1697357	7511549	1643007099	387005
13795929055	667382	42	8	665909	9209825	1697471	7512354	1643054673	387005
13797287398	667382	46	8	665909	9210765	1697607	7513158	1643103081	387005
13798655039	667382	44	8	665909	9211706	1697733	7513973	1643151462	387005
13800480245	667382	38	8	665909	9212645	1697871	7514774	1643199933	387005
13801978879	667382	42	8	665909	9213562	1697989	7515573	1643247195	387005
13803601584	667382	45	8	665909	9214509	1698140	7516369	1643296229	387005
13804857538	667382	39	8	665909	9215409	1698269	7517140	1643342974	387005
13806602233	667382	41	8	665909	9216322	1698393	7517929	1643389794	387005
13808150928	667382	42	8	665909	9217190	1698513	7518677	1643435127	387005
13809745905	667382	40	8	665909	9218113	1698658	7519455	1643483261	387005
13811350926	667382	42	8	665909	9219077	1698793	7520284	1643532419	387005
13812717233	667382	42	8	665909	9219984	1698902	7521082	1643579319	387005
13814225770	667382	47	8	665909	9220882	1699022	7521860	1643625336	387005
13815676351	667382	42	8	665909	9221813	1699167	7522646	1643673794	387005
13817267588	667382	44	8	665909	9222773	1699312	7523461	1643723006	387005
13818720169	667382	41	8	665909	9223692	1699438	7524254	1643770840	387005
13820165788	667382	45	8	665909	9224631	1699561	7525070	1643818433	387005
13821499939	667382	46	8	665909	9225577	1699710	7525867	1643867952	387005
13823166854	667382	36	8	665909	9226505	1699846	7526659	1643915916	387005
13824804858	667387	40	8	665914	9227453	1699986	7527467	1643965426	387005
13826828443	667387	43	8	665914	9228415	1700127	7528288	1644015104	387005
13828309888	667387	44	8	665914	9229340	1700246	7529094	1644062933	387005
13829598134	667387	45	8	665914	9230260	1700380	7529880	1644110518	387005
13831122275	667387	42	8	665914	9231145	1700501	7530644	1644156166	387005
13832667640	667387	41	8	665914	9232066	1700610	7531456	1644203179	387005
13834287066	667387	49	8	665914	9233005	1700726	7532279	1644251771	387005
13835847297	667387	39	8	665914	9233904	1700840	7533064	1644297748	387005
13837190455	667387	45	8	665914	9234853	1700966	7533887	1644346534	387005
13838400175	667387	41	8	665914	9235746	1701087	7534659	1644392870	387005
13839750696	667387	43	8	665914	9236694	1701226	7535468	1644441261	387005
13841612641	667387	44	8	665914	9237655	1701354	7536301	1644490890	387005
13843167088	667387	46	8	665914	9238597	1701500	7537097	1644539885	387005
13844781277	667387	38	8	665914	9239501	1701621	7537880	1644586205	387005
13846106464	667387	42	8	665914	9240398	1701759	7538639	1644632470	387005
13847736059	667387	43	8	665914	9241313	1701893	7539420	1644680089	387005
13849464415	667387	43	8	665914	9242265	1702026	7540239	1644729076	387005
13851104417	667387	41	8	665914	9243216	1702146	7541070	1644778063	387005
13852743488	667387	46	8	665914	9244163	1702275	7541888	1644826919	387005
13854326644	667387	40	8	665914	9245076	1702413	7542663	1644873833	387005
13856170351	667387	45	8	665914	9246025	1702545	7543480	1644923063	387005
13857791579	667387	39	8	665914	9246930	1702681	7544249	1644969911	387005
13859282127	667387	43	8	665914	9247883	1702818	7545065	1645018979	387005
13860913465	667387	38	8	665914	9248833	1702959	7545874	1645068060	387005
13862526722	667387	42	8	665914	9249795	1703100	7546695	1645117691	387005
13864159212	667403	44	8	665930	9250721	1703235	7547486	1645167344	387017
13865716655	667403	42	8	665930	9251623	1703356	7548267	1645214006	387017
13867105264	667403	41	8	665930	9252552	1703479	7549073	1645261868	387017
13868766349	667403	41	8	665930	9253512	1703616	7549896	1645311220	387017
13870527403	667403	39	8	665930	9254448	1703742	7550706	1645359612	387017
13871933680	667403	40	8	665930	9255380	1703879	7551501	1645407639	387017
13873625546	667403	44	8	665930	9256335	1704018	7552317	1645457106	387017
13874821333	667403	37	8	665930	9257218	1704147	7553071	1645503000	387017
13876286399	667403	39	8	665930	9258144	1704277	7553867	1645550281	387017
13877629515	667403	41	8	665930	9259083	1704423	7554660	1645599058	387017
13879189055	667403	42	8	665930	9260001	1704519	7555482	1645646087	387017
13880689535	667403	43	8	665930	9260957	1704663	7556294	1645695184	387017
13882016179	667403	43	8	665930	9261885	1704788	7557097	1645743027	387017
13883415426	667403	44	8	665930	9262779	1704902	7557877	1645789142	387017
13885028708	667405	47	8	665932	9263751	1705045	7558706	1645842099	387017
13886537543	667405	41	8	665932	9264668	1705179	7559489	1645889647	387017
13887987686	667405	38	8	665932	9265586	1705320	7560266	1645936916	387017
13889693900	667405	45	8	665932	9266517	1705437	7561080	1645984957	387017
13891531760	667405	39	8	665932	9267455	1705576	7561879	1646033465	387017
13892981274	667405	40	8	665932	9268405	1705707	7562698	1646082308	387017
13894622639	667405	41	8	665932	9269354	1705850	7563504	1646131468	387017
13896278669	667405	42	8	665932	9270309	1705979	7564330	1646180365	387017
13898009742	667405	38	8	665932	9271245	1706107	7565138	1646228590	387017
13899632498	667405	41	8	665932	9272176	1706236	7565940	1646276463	387017
13901195302	667405	54	8	665932	9273114	1706360	7566754	1646324705	387017
13902312971	667405	45	8	665932	9273972	1706470	7567502	1646368923	387017
13904149329	667405	44	8	665932	9274903	1706595	7568308	1646416687	387017
13905631667	667405	41	8	665932	9275840	1706721	7569119	1646465031	387017
13907290608	667405	43	8	665932	9276777	1706845	7569932	1646513225	387017
13908860248	667405	43	8	665932	9277696	1706979	7570717	1646560798	387017
13910308217	667405	42	8	665932	9278507	1707089	7571418	1646602783	387017
13911606214	667405	36	8	665932	9279439	1707236	7572203	1646650849	387017
13913029472	667405	44	8	665932	9280378	1707365	7573013	1646699485	387017
13914514422	667405	43	8	665932	9281299	1707503	7573796	1646747124	387017
13915605038	667405	47	8	665932	9282233	1707649	7574584	1646795837	387017
13917381997	667405	42	8	665932	9283165	1707786	7575379	1646843904	387017
13918831162	667405	46	8	665932	9284136	1707925	7576211	1646893978	387017
13920225810	667405	41	8	665932	9285049	1708044	7577005	1646940914	387017
13921402866	667405	42	8	665932	9285975	1708169	7577806	1646988453	387017
13922948343	667405	44	8	665932	9286908	1708292	7578616	1647036646	387017
13924406593	667405	39	8	665932	9287837	1708416	7579421	1647084566	387017
13925775229	667405	41	8	665932	9288766	1708542	7580224	1647132500	387017
13927487485	667405	40	8	665932	9289721	1708696	7581025	1647181991	387017
13929067397	667405	46	8	665932	9290693	1708837	7581856	1647232117	387017
13930547525	667405	39	8	665932	9291627	1708980	7582647	1647280252	387017
13932144167	667405	42	8	665932	9292570	1709111	7583459	1647328901	387017
13933768730	667405	46	8	665932	9293513	1709252	7584261	1647377792	387017
13935402425	667405	42	8	665932	9294402	1709370	7585032	1647423547	387017
13937122202	667405	41	8	665932	9295364	1709503	7585861	1647473072	387017
13938682964	667405	41	8	665932	9296286	1709625	7586661	1647520794	387017
13940442658	667405	41	8	665932	9297231	1709742	7587489	1647569101	387017
13941676398	667405	44	8	665932	9298154	1709881	7588273	1647617053	387017
13943146518	667405	41	8	665932	9299097	1710007	7589090	1647665485	387017
13944452804	667405	42	8	665932	9300028	1710154	7589874	1647713924	387017
13945943250	667405	45	8	665932	9300996	1710289	7590707	1647763801	387017
13947313292	667405	43	8	665932	9301935	1710432	7591503	1647812343	387017
13948623419	667405	39	8	665932	9302822	1710553	7592269	1647858241	387017
13949968572	667405	41	8	665932	9303762	1710687	7593075	1647907224	387017
13951592874	667405	38	8	665932	9304678	1710824	7593854	1647954218	387017
13952975997	667405	44	8	665932	9305603	1710953	7594650	1648001924	387017
13954567211	667405	44	8	665932	9306525	1711077	7595448	1648049648	387017
13955940299	667405	41	8	665932	9307471	1711232	7596239	1648098716	387017
13957192949	667405	39	8	665932	9308407	1711380	7597027	1648147108	387017
13959054473	667405	44	8	665932	9309350	1711515	7597835	1648195709	387017
13960892679	667405	43	8	665932	9310299	1711642	7598657	1648244557	387017
13962307044	667405	37	8	665932	9311189	1711745	7599444	1648290183	387017
13963861618	667405	45	8	665932	9312128	1711871	7600257	1648338936	387017
13965493617	667405	41	8	665932	9313043	1711992	7601051	1648385944	387017
13966981590	667405	44	8	665932	9313982	1712121	7601861	1648434363	387017
13968242608	667405	43	8	665932	9314911	1712257	7602654	1648482067	387017
13969776443	667405	48	8	665932	9315796	1712373	7603423	1648528067	387017
13971013551	667405	38	8	665932	9316558	1712475	7604083	1648567219	387017
13972490518	667405	40	8	665932	9317451	1712595	7604856	1648613466	387017
13973922854	667405	43	8	665932	9318388	1712723	7605665	1648661332	387017
13975463269	667405	43	8	665932	9319329	1712854	7606475	1648710214	387017
13977146796	667405	41	8	665932	9320263	1712981	7607282	1648758130	387017
13978660702	667405	44	8	665932	9321211	1713105	7608106	1648806738	387017
13980163749	667405	44	8	665932	9322115	1713225	7608890	1648853421	387017
13981842906	667405	40	8	665932	9323043	1713357	7609686	1648901634	387017
13983140028	667405	40	8	665932	9323989	1713478	7610511	1648950213	387017
13984900099	667405	43	8	665932	9324945	1713616	7611329	1648999449	387017
13986626474	667405	39	8	665932	9325890	1713753	7612137	1649048225	387017
13987906906	667405	42	8	665932	9326811	1713889	7612922	1649096066	387017
13989838157	667405	37	8	665932	9327749	1714004	7613745	1649144232	387017
13991379967	667405	41	8	665932	9328718	1714146	7614572	1649193968	387017
13992826867	667405	40	8	665932	9329640	1714275	7615365	1649241799	387017
13994303443	667405	45	8	665932	9330591	1714409	7616182	1649290893	387017
13995710587	667405	36	8	665932	9331485	1714523	7616962	1649336974	387017
13996990377	667405	41	8	665932	9332416	1714659	7617757	1649385344	387017
13998319158	667405	45	8	665932	9333350	1714792	7618558	1649433590	387017
13999833217	667405	39	8	665932	9334296	1714914	7619382	1649482060	387017
14001454555	667405	44	8	665932	9335256	1715061	7620195	1649531851	387017
14003125214	667405	36	8	665932	9336189	1715196	7620993	1649579921	387017
14004503860	667405	46	8	665932	9337141	1715334	7621807	1649629220	387017
14005889810	667405	41	8	665932	9338060	1715464	7622596	1649676622	387017
14007378798	667405	42	8	665932	9338991	1715593	7623398	1649724682	387017
14008802542	667405	48	8	665932	9339891	1715712	7624179	1649771430	387017
14010272842	667405	37	8	665932	9340806	1715840	7624966	1649818529	387017
14011857536	667405	42	8	665932	9341760	1715977	7625783	1649867618	387017
14013200968	667405	48	8	665932	9342685	1716107	7626578	1649915267	387017
14015340339	667405	41	8	665932	9343607	1716230	7627377	1649962723	387017
14016855290	667405	43	8	665932	9344576	1716366	7628210	1650012308	387017
14018300566	667405	43	8	665932	9345529	1716513	7629016	1650061689	387017
14019839629	667405	47	8	665932	9346473	1716644	7629829	1650110324	387017
14021403928	667405	38	8	665932	9347401	1716784	7630617	1650158317	387017
14023206790	667405	45	8	665932	9348364	1716905	7631459	1650207482	387017
14024715891	667405	41	8	665932	9349287	1717036	7632251	1650255458	387017
14025956596	667405	44	8	665932	9350207	1717166	7633041	1650302741	387017
14027409769	667407	47	8	665934	9351159	1717321	7633838	1650375204	387019
14028870452	667407	36	8	665934	9352068	1717448	7634620	1650421987	387019
14030533678	667407	47	8	665934	9353002	1717570	7635432	1650470032	387019
14031776031	667407	40	8	665934	9353808	1717685	7636123	1650511721	387019
14033431173	667407	43	8	665934	9354754	1717816	7636938	1650560299	387019
14034932110	667407	38	8	665934	9355689	1717951	7637738	1650608620	387019
14036452503	667408	43	8	665935	9356654	1718084	7638570	1650658405	387018
14037754006	667408	43	8	665935	9357580	1718222	7639358	1650706246	387018
14039491857	667408	42	8	665935	9358509	1718351	7640158	1650754197	387018
14041244954	667408	44	8	665935	9359423	1718480	7640943	1650801537	387018
14042588006	667408	35	8	665935	9360317	1718593	7641724	1650847493	387018
14043604768	667408	42	8	665935	9361212	1718718	7642494	1650893816	387018
14045116722	667408	46	8	665935	9362132	1718843	7643289	1650941192	387018
14046861521	667408	40	8	665935	9363047	1718969	7644078	1650988446	387018
14048665059	667408	43	8	665935	9364019	1719119	7644900	1651038808	387018
14050114003	667408	41	8	665935	9364975	1719255	7645720	1651088002	387018
14051453740	667408	37	8	665935	9365893	1719379	7646514	1651135098	387018
14052864526	667408	42	8	665935	9366860	1719520	7647340	1651185043	387018
14054781853	667408	43	8	665935	9367797	1719658	7648139	1651233128	387018
14056287424	667408	40	8	665935	9368749	1719800	7648949	1651282533	387018
14057769603	667408	40	8	665935	9369685	1719934	7649751	1651330493	387018
14059034092	667408	43	8	665935	9370600	1720069	7650531	1651378225	387018
14060393999	667408	40	8	665935	9371547	1720208	7651339	1651426892	387018
14062029016	667408	43	8	665935	9372480	1720354	7652126	1651475220	387018
14063827698	667408	41	8	665935	9373407	1720475	7652932	1651522938	387018
14065444733	667408	39	8	665935	9374349	1720609	7653740	1651571661	387018
14066940129	667408	40	8	665935	9375257	1720739	7654518	1651618426	387018
14067952703	667408	40	8	665935	9376151	1720876	7655275	1651665256	387018
14069594714	667408	39	8	665935	9377094	1721016	7656078	1651713637	387018
14071231327	667408	45	8	665935	9378028	1721147	7656881	1651762038	387018
14072779933	667408	40	8	665935	9378981	1721280	7657701	1651810695	387018
14074542642	667408	38	8	665935	9379921	1721414	7658507	1651859214	387018
14076203562	667408	40	8	665935	9380863	1721546	7659317	1651907988	387018
14077570617	667408	38	8	665935	9381765	1721675	7660090	1651954812	387018
14078968114	667408	42	8	665935	9382724	1721816	7660908	1652004238	387018
14080547149	667408	39	8	665935	9383652	1721945	7661707	1652051955	387018
14082020625	667408	44	8	665935	9384599	1722076	7662523	1652100745	387018
14083472946	667408	34	8	665935	9385510	1722210	7663300	1652147920	387018
14084910746	667408	41	8	665935	9386431	1722328	7664103	1652195310	387018
14086362458	667408	45	8	665935	9387387	1722464	7664923	1652244483	387018
14088057571	667408	43	8	665935	9388335	1722612	7665723	1652293655	387018
14089753384	667408	40	8	665935	9389265	1722725	7666540	1652341523	387018
14091239062	667408	44	8	665935	9390209	1722859	7667350	1652389919	387018
14093089851	667408	41	8	665935	9391131	1722993	7668138	1652437530	387018
14094507030	667408	40	8	665935	9392016	1723118	7668898	1652483183	387018
14095642964	667408	41	8	665935	9392938	1723240	7669698	1652530876	387018
14097293334	667408	40	8	665935	9393867	1723364	7670503	1652578440	387018
14098848714	667408	42	8	665935	9394812	1723499	7671313	1652627362	387018
14100438226	667408	33	8	665935	9395728	1723616	7672112	1652674711	387018
14101997363	667408	45	8	665935	9396649	1723741	7672908	1652722224	387018
14103493990	667408	48	8	665935	9397581	1723858	7673723	1652770046	387017
14104895654	667412	37	8	665939	9398460	1723970	7674490	1652815810	387021
14106388394	667412	41	8	665939	9399411	1724098	7675313	1652864768	387021
14107752967	667412	38	8	665939	9400349	1724228	7676121	1652912926	387021
14109614671	667412	41	8	665939	9401282	1724357	7676925	1652961088	387021
14111226811	667412	40	8	665939	9402209	1724476	7677733	1653008907	387021
14112672803	667412	42	8	665939	9403134	1724601	7678533	1653056654	387021
14114266700	667412	39	8	665939	9404060	1724735	7679325	1653104495	387021
14115860369	667412	39	8	665939	9405007	1724857	7680150	1653153308	387021
14117300853	667412	48	8	665939	9405928	1724979	7680949	1653200665	387021
14118719407	667412	40	8	665939	9406850	1725111	7681739	1653248349	387021
14120257230	667412	44	8	665939	9407773	1725237	7682536	1653295842	387021
14121656645	667412	48	8	665939	9408681	1725359	7683322	1653342715	387021
14122869854	667412	37	8	665939	9409590	1725489	7684101	1653389368	387021
14124239761	667412	39	8	665939	9410498	1725611	7684887	1653436655	387021
14125486875	667412	38	8	665939	9411378	1725732	7685646	1653482000	387021
14126918653	667412	42	8	665939	9412305	1725864	7686441	1653530009	387021
14128303190	667412	35	8	665939	9413224	1725993	7687231	1653577341	387021
14129917983	667412	48	8	665939	9414161	1726108	7688053	1653625551	387021
14131474544	667412	37	8	665939	9415072	1726233	7688839	1653672369	387021
14133010027	667412	45	8	665939	9416011	1726360	7689651	1653720809	387021
14134781814	667412	47	8	665939	9416897	1726472	7690425	1653766309	387021
14136215168	667412	42	8	665939	9417778	1726594	7691184	1653811828	387021
14137616430	667412	38	8	665939	9418702	1726712	7691990	1653859272	387021
14139054579	667412	37	8	665939	9419648	1726850	7692798	1653908243	387021
14140586076	667412	45	8	665939	9420590	1726983	7693607	1653957013	387021
14142182674	667412	37	8	665939	9421502	1727120	7694382	1654003924	387021
14143601510	667412	43	8	665939	9422431	1727251	7695180	1654052227	387021
14144961866	667412	41	8	665939	9423337	1727373	7695964	1654098931	387021
14146474912	667412	44	8	665939	9424271	1727512	7696759	1654147048	387021
14148214147	667413	40	8	665940	9425186	1727639	7697547	1654209498	387020
14149571810	667414	36	8	665941	9426109	1727768	7698341	1654257417	387020
14151098024	667414	43	8	665941	9427034	1727891	7699143	1654305068	387020
14152614501	667414	36	8	665941	9427977	1728023	7699954	1654353569	387020
14154320875	667414	45	8	665941	9428918	1728163	7700755	1654401962	387020
14155663543	667414	48	8	665941	9429654	1728249	7701405	1654440100	387020
14156827506	667414	41	8	665941	9430514	1728364	7702150	1654484290	387020
14158334078	667414	44	8	665941	9431450	1728510	7702940	1654532508	387020
14160119213	667414	40	8	665941	9432368	1728636	7703732	1654579598	387020
14161464878	667414	40	8	665941	9433278	1728753	7704525	1654626477	387020
14163134429	667414	42	8	665941	9434224	1728887	7705337	1654675431	387020
14164452383	667414	39	8	665941	9435104	1729016	7706088	1654720867	387020
14166383056	667414	46	8	665941	9436044	1729124	7706920	1654768948	387020
14167634212	667414	40	8	665941	9436952	1729252	7707700	1654815746	387020
14168918464	667414	41	8	665941	9437852	1729384	7708468	1654862410	387020
14170440437	667414	44	8	665941	9438752	1729504	7709248	1654908985	387020
14171999616	667414	37	8	665941	9439652	1729619	7710033	1654955131	387020
14173422224	667414	44	8	665941	9440574	1729743	7710831	1655002743	387020
14175011776	667414	32	8	665941	9441480	1729887	7711593	1655049740	387020
14176463242	667415	44	8	665942	9442453	1730054	7712399	1655100269	387021
14178153564	667415	40	8	665942	9443368	1730171	7713197	1655147229	387021
14179757669	667415	43	8	665942	9444301	1730293	7714008	1655195228	387021
14181455635	667415	42	8	665942	9445226	1730413	7714813	1655242712	387021
14182812356	667415	42	8	665942	9446147	1730544	7715603	1655290334	387021
14184424780	667415	45	8	665942	9447097	1730681	7716416	1655339177	387021
14185983869	667415	36	8	665942	9448001	1730802	7717199	1655385581	387021
14187514106	667415	44	8	665942	9448959	1730939	7718020	1655435004	387021
14188989601	667415	40	8	665942	9449863	1731078	7718785	1655482099	387021
14190221030	667415	39	8	665942	9450796	1731208	7719588	1655529896	387021
14191873659	667415	39	8	665942	9451719	1731334	7720385	1655577707	387021
14193542042	667415	48	8	665942	9452689	1731480	7721209	1655627581	387021
14195232346	667415	37	8	665942	9453603	1731606	7721997	1655674463	387021
14196845696	667415	41	8	665942	9454538	1731733	7722805	1655722790	387021
14198223331	667415	42	8	665942	9455448	1731876	7723572	1655769434	387021
14199322891	667415	41	8	665942	9456341	1732006	7724335	1655816178	387021
14200960580	667415	40	8	665942	9457257	1732134	7725123	1655863422	387021
14202435601	667415	41	8	665942	9458154	1732260	7725894	1655909763	387021
14204152047	667415	42	8	665942	9459082	1732393	7726689	1655958000	387021
14205529766	667415	36	8	665942	9459950	1732504	7727446	1656002670	387021
14206625525	667415	45	8	665942	9460888	1732637	7728251	1656051260	387021
14208232893	667415	36	8	665942	9461792	1732773	7729019	1656097488	387021
14209816384	667415	38	8	665942	9462708	1732888	7729820	1656144912	387021
14211553423	667415	45	8	665942	9463677	1733023	7730654	1656194560	387021
14212962406	667417	39	8	665944	9464571	1733163	7731408	1656244290	387022
14214428578	667418	39	8	665945	9465495	1733287	7732208	1656297583	387022
14215983813	667418	38	8	665945	9466455	1733428	7733027	1656346773	387022
14217133871	667418	49	8	665945	9467356	1733541	7733815	1656393460	387022
14218355244	667418	41	8	665945	9468114	1733642	7734472	1656432232	387022
14219772103	667418	39	8	665945	9469028	1733762	7735266	1656479146	387022
14221376976	667418	41	8	665945	9469955	1733888	7736067	1656526728	387022
14222949855	667418	44	8	665945	9470885	1734017	7736868	1656574876	387022
14224553490	667418	35	8	665945	9471804	1734138	7737666	1656621931	387022
14226041224	667418	39	8	665945	9472745	1734265	7738480	1656670677	387022
14227882860	667418	41	8	665945	9473672	1734397	7739275	1656718339	387022
14229441048	667418	44	8	665945	9474600	1734516	7740084	1656765902	387022
14230929076	667418	37	8	665945	9475501	1734638	7740863	1656812380	387022
14232502279	667418	41	8	665945	9476447	1734774	7741673	1656861276	387022
14234080025	667418	43	8	665945	9477361	1734895	7742466	1656908267	387022
14235641370	667418	38	8	665945	9478265	1735034	7743231	1656955152	387022
14237151012	667418	42	8	665945	9479186	1735171	7744015	1657002892	387022
14238636425	667418	38	8	665945	9480089	1735277	7744812	1657048859	387022
14240029091	667418	37	8	665945	9480981	1735391	7745590	1657095201	387022
14241477853	667418	39	8	665945	9481893	1735500	7746393	1657141913	387022
14243064324	667418	37	8	665945	9482808	1735625	7747183	1657189119	387022
14244624271	667418	41	8	665945	9483716	1735747	7747969	1657236195	387022
14246447322	667418	41	8	665945	9484653	1735884	7748769	1657284631	387022
14247872950	667418	41	8	665945	9485587	1736015	7749572	1657333093	387022
14249137789	667418	36	8	665945	9486490	1736147	7750343	1657379860	387022
14250260449	667418	37	8	665945	9487346	1736269	7751077	1657424250	387022
14251708364	667418	41	8	665945	9488278	1736388	7751890	1657472082	387022
14253558802	667418	43	8	665945	9489212	1736506	7752706	1657520088	387022
14255064312	667418	32	8	665945	9490146	1736650	7753496	1657568254	387022
14256723206	667418	42	8	665945	9491064	1736759	7754305	1657615515	387022
14258265213	667418	39	8	665945	9491973	1736885	7755088	1657662204	387022
14259972343	667418	42	8	665945	9492907	1737025	7755882	1657710783	387022
14261626999	667418	44	8	665945	9493841	1737142	7756699	1657758736	387022
14263425984	667418	36	8	665945	9494730	1737256	7757474	1657804344	387022
14265053956	667418	42	8	665945	9495654	1737384	7758270	1657852186	387022
14266960434	667418	40	8	665945	9496617	1737520	7759097	1657901656	387022
14268132713	667418	36	8	665945	9497532	1737649	7759883	1657948771	387022
14269901085	667418	42	8	665945	9498481	1737781	7760700	1657997574	387022
14271200123	667418	38	8	665945	9499393	1737902	7761491	1658044295	387022
14272858233	667418	39	8	665945	9500353	1738055	7762298	1658093946	387022
14274240418	667418	40	8	665945	9501282	1738189	7763093	1658142182	387022
14275638700	667418	41	8	665945	9502218	1738318	7763900	1658190320	387022
14277038678	667418	43	8	665945	9503109	1738439	7764670	1658236139	387022
14278908558	667418	38	8	665945	9503974	1738550	7765424	1658280861	387022
14280490224	667418	49	8	665945	9504877	1738663	7766214	1658327428	387022
14281549486	667418	39	8	665945	9505553	1738757	7766796	1658362415	387022
14283165586	667418	38	8	665945	9506403	1738875	7767528	1658406397	387022
14284871429	667418	44	8	665945	9507330	1738998	7768332	1658454457	387022
14286514263	667418	42	8	665945	9508256	1739129	7769127	1658502192	387022
14287992841	667418	39	8	665945	9509188	1739267	7769921	1658550237	387022
14289736180	667418	45	8	665945	9510133	1739392	7770741	1658598887	387022
14291023858	667418	37	8	665945	9511046	1739516	7771530	1658645879	387022
14292518779	667418	42	8	665945	9511990	1739644	7772346	1658694477	387022
14294029072	667418	38	8	665945	9512927	1739773	7773154	1658742279	387022
14295724108	667418	38	8	665945	9513833	1739901	7773932	1658789398	387022
14297321787	667418	44	8	665945	9514785	1740036	7774749	1658838577	387022
14298465455	667418	38	8	665945	9515663	1740159	7775504	1658883896	387022
14299975191	667418	43	8	665945	9516591	1740272	7776319	1658931685	387022
14301777557	667418	40	8	665945	9517537	1740404	7777133	1658980325	387022
14303175063	667418	39	8	665945	9518473	1740542	7777931	1659028448	387022
14304641080	667418	42	8	665945	9519395	1740656	7778739	1659075817	387022
14306208433	667418	43	8	665945	9520324	1740780	7779544	1659123450	387022
14307763091	667418	39	8	665945	9521227	1740899	7780328	1659169929	387022
14309402212	667418	39	8	665945	9522169	1741031	7781138	1659218481	387022
14311006448	667418	41	8	665945	9523101	1741156	7781945	1659266369	387022
14312801480	667418	37	8	665945	9523992	1741282	7782710	1659312423	387022
14314149277	667418	41	8	665945	9524937	1741422	7783515	1659360884	387022
14315672887	667418	41	8	665945	9525849	1741546	7784303	1659408132	387022
14317043481	667418	47	8	665945	9526753	1741667	7785086	1659454664	387022
14318393994	667418	44	8	665945	9527634	1741786	7785848	1659500017	387022
14319692746	667418	37	8	665945	9528555	1741919	7786636	1659547972	387022
14321459663	667418	39	8	665945	9529467	1742040	7787427	1659594837	387022
14323225916	667418	45	8	665945	9530373	1742150	7788223	1659641380	387022
14324304549	667418	41	8	665945	9531287	1742288	7788999	1659688545	387022
14325654766	667418	39	8	665945	9532194	1742409	7789785	1659735469	387022
14326854849	667418	37	8	665945	9533099	1742548	7790551	1659782266	387022
14328278861	667418	39	8	665945	9534030	1742678	7791352	1659830520	387022
14329855223	667418	37	8	665945	9534942	1742796	7792146	1659876696	387022
14331441067	667418	42	8	665945	9535872	1742920	7792952	1659924920	387022
14333100333	667418	37	8	665945	9536777	1743045	7793732	1659971298	387022
14334723155	667418	40	8	665945	9537705	1743174	7794531	1660019484	387022
14336120920	667418	37	8	665945	9538615	1743310	7795305	1660066610	387022
14337981526	667418	43	8	665945	9539556	1743446	7796110	1660115142	387022
14339687505	667418	41	8	665945	9540454	1743567	7796887	1660161293	387022
14341415301	667418	37	8	665945	9541369	1743702	7797667	1660208766	387022
14343009499	667418	41	8	665945	9542289	1743832	7798457	1660256595	387022
14344413495	667418	44	8	665945	9543147	1743953	7799194	1660300990	387022
14345715494	667418	33	8	665945	9544006	1744085	7799921	1660345192	387022
14347361801	667418	42	8	665945	9544912	1744192	7800720	1660391692	387022
14348518781	667418	35	8	665945	9545797	1744312	7801485	1660437407	387022
14349674370	667418	35	8	665945	9546677	1744420	7802257	1660482907	387022
14351261343	667418	38	8	665945	9547588	1744537	7803051	1660529547	387022
14352593198	667418	38	8	665945	9548499	1744667	7803832	1660576630	387022
14354273085	667418	43	8	665945	9549431	1744795	7804636	1660624778	387022
14355597093	667418	39	8	665945	9550315	1744928	7805387	1660670593	387022
14357063096	667418	44	8	665945	9551248	1745055	7806193	1660718626	387022
14358533322	667418	41	8	665945	9552144	1745180	7806964	1660764659	387022
14359965130	667418	34	8	665945	9553012	1745298	7807714	1660809860	387022
14361655625	667418	43	8	665945	9553963	1745439	7808524	1660858940	387022
14363325034	667418	38	8	665945	9554887	1745559	7809328	1660906209	387022
14364961852	667418	41	8	665945	9555795	1745678	7810117	1660952951	387022
14366655258	667418	38	8	665945	9556704	1745793	7810911	1660999815	387022
14368545502	667418	44	8	665945	9557630	1745908	7811722	1661047338	387022
14370036745	667418	46	8	665945	9558540	1746025	7812515	1661094231	387022
14371965176	667418	36	8	665945	9559432	1746140	7813292	1661139730	387022
14373547696	667418	37	8	665945	9560326	1746251	7814075	1661185925	387022
14375388598	667418	41	8	665945	9561250	1746377	7814873	1661233510	387022
14376766685	667418	33	8	665945	9562163	1746503	7815660	1661280575	387022
14378190303	667418	35	8	665945	9563075	1746636	7816439	1661327842	387022
14379320979	667418	40	8	665945	9564007	1746775	7817232	1661376074	387022
14380727883	667418	41	8	665945	9564911	1746895	7818016	1661422206	387022
14382197859	667418	34	8	665945	9565828	1747032	7818796	1661469780	387022
14383581285	667418	42	8	665945	9566771	1747167	7819604	1661518273	387022
14385009515	667418	42	8	665945	9567725	1747316	7820409	1661567359	387022
14386426605	667418	39	8	665945	9568638	1747445	7821193	1661614528	387022
14387732907	667418	41	8	665945	9569538	1747573	7821965	1661660964	387022
14389549306	667418	39	8	665945	9570425	1747699	7822726	1661706899	387022
14390683543	667418	43	8	665945	9571360	1747826	7823534	1661754942	387022
14391995360	667418	40	8	665945	9572271	1747958	7824313	1661801937	387022
14393807594	667418	44	8	665945	9573199	1748071	7825128	1661849571	387022
14394960058	667418	38	8	665945	9574133	1748203	7825930	1661897657	387022
14396534233	667418	35	8	665945	9575029	1748326	7826703	1661943909	387022
14398229641	667418	40	8	665945	9575947	1748433	7827514	1661991010	387022
14399565393	667418	40	8	665945	9576845	1748549	7828296	1662037265	387022
14401051436	667420	38	8	665947	9577768	1748677	7829091	1662108786	387022
14402541812	667420	35	8	665947	9578682	1748802	7829880	1662155939	387022
14404054408	667420	45	8	665947	9579583	1748935	7830648	1662202603	387022
14405475581	667420	40	8	665947	9580475	1749058	7831417	1662248354	387022
14406529229	667420	33	8	665947	9581182	1749163	7832019	1662285252	387022
14407994314	667420	43	8	665947	9582054	1749265	7832789	1662330307	387022
14409179491	667420	41	8	665947	9582944	1749397	7833547	1662376351	387022
14410335997	667420	41	8	665947	9583852	1749547	7834305	1662423508	387022
14411928405	667420	43	8	665947	9584792	1749688	7835104	1662472237	387022
14413372050	667420	40	8	665947	9585705	1749818	7835887	1662519146	387022
14414932186	667420	37	8	665947	9586649	1749961	7836688	1662568042	387022
14416683128	667420	44	8	665947	9587573	1750094	7837479	1662615561	387022
14418091840	667420	36	8	665947	9588481	1750220	7838261	1662662208	387022
14419500012	667420	38	8	665947	9589368	1750335	7839033	1662708180	387022
14421052686	667420	43	8	665947	9590288	1750462	7839826	1662755644	387022
14422492820	667420	41	8	665947	9591185	1750583	7840602	1662801766	387022
14423857257	667424	36	8	665951	9592080	1750722	7841358	1662848201	387020
14425286165	667424	38	8	665951	9592980	1750843	7842137	1662894779	387020
14426687810	667424	43	8	665951	9593865	1750964	7842901	1662940450	387020
14428190569	667424	38	8	665951	9594752	1751079	7843673	1662985816	387020
14429374562	667424	37	8	665951	9595662	1751216	7844446	1663032832	387020
14430859436	667424	42	8	665951	9596545	1751319	7845226	1663078308	387020
14432319532	667424	37	8	665951	9597437	1751434	7846003	1663124312	387020
14434018736	667424	38	8	665951	9598352	1751560	7846792	1663171265	387020
14435360756	667424	33	8	665951	9599226	1751675	7847551	1663216366	387020
14436837223	667424	36	8	665951	9600111	1751796	7848315	1663262099	387020
14438475362	667424	41	8	665951	9601028	1751921	7849107	1663309439	387020
14439852512	667424	39	8	665951	9601930	1752055	7849875	1663355807	387020
14441108332	667424	32	8	665951	9602814	1752177	7850637	1663401408	387020
14442492537	667424	40	8	665951	9603721	1752295	7851426	1663448138	387020
14444414431	667424	41	8	665951	9604632	1752427	7852205	1663495425	387020
14445890692	667424	42	8	665951	9605517	1752550	7852967	1663540938	387020
14447694994	667424	44	8	665951	9606421	1752657	7853764	1663587336	387020
14449111198	667424	40	8	665951	9607328	1752771	7854557	1663633984	387020
14450817754	667424	36	8	665951	9608188	1752876	7855312	1663678408	387020
14452028204	667424	39	8	665951	9609089	1753000	7856089	1663724865	387020
14453538581	667424	39	8	665951	9609979	1753124	7856855	1663770935	387020
14455060332	667424	40	8	665951	9610878	1753250	7857628	1663817371	387020
14456705766	667424	37	8	665951	9611763	1753369	7858394	1663862829	387020
14458300021	667424	39	8	665951	9612629	1753488	7859141	1663907847	387020
14459671078	667424	42	8	665951	9613530	1753610	7859920	1663954088	387020
14461247960	667424	40	8	665951	9614442	1753740	7860702	1664001109	387020
14462694566	667426	34	8	665953	9615348	1753863	7861485	1664090356	387020
14464574057	667426	39	8	665953	9616289	1753988	7862301	1664138383	387020
14466005909	667426	34	8	665953	9617172	1754099	7863073	1664183987	387020
14467535067	667428	40	8	665955	9618082	1754223	7863859	1664231183	387019
14468672864	667428	43	8	665955	9618824	1754331	7864493	1664269233	387019
14470255051	667428	37	8	665955	9619694	1754445	7865249	1664314513	387019
14471691942	667429	39	8	665956	9620558	1754559	7865999	1664363492	387019
14473098635	667429	35	8	665956	9621455	1754676	7866779	1664409758	387019
14474630985	667430	45	8	665957	9622383	1754804	7867579	1664462005	387018
14476520350	667432	43	8	665959	9623277	1754922	7868355	1664511510	387018
14477838608	667434	32	8	665961	9624154	1755052	7869102	1664566557	387018
14479496832	667434	34	8	665961	9625061	1755174	7869887	1664613553	387018
14480933841	667435	47	8	665962	9625959	1755301	7870658	1664665980	387019
14482579856	667435	44	8	665962	9626855	1755429	7871426	1664711883	387019
14483959911	667435	36	8	665962	9627773	1755565	7872208	1664759363	387019
14485206316	667438	37	8	665965	9628682	1755699	7872983	1664806849	387018
14486948485	667438	44	8	665965	9629614	1755825	7873789	1664854630	387018
14488322594	667438	37	8	665965	9630491	1755958	7874533	1664899662	387018
14490117697	667438	39	8	665965	9631414	1756082	7875332	1664947360	387018
14491307723	667438	40	8	665965	9632322	1756218	7876104	1664994336	387018
14492945726	667438	42	8	665965	9633223	1756343	7876880	1665040589	387018
14494451268	667438	39	8	665965	9634119	1756473	7877646	1665087122	387018
14495948461	667440	35	8	665967	9635049	1756618	7878431	1665140087	387017
14497428218	667440	36	8	665967	9635966	1756746	7879220	1665187646	387017
14498641743	667443	35	8	665970	9636862	1756878	7879984	1665235440	387016
14500439185	667446	35	8	665973	9637738	1756995	7880743	1665289718	387015
14502063988	667446	40	8	665973	9638665	1757121	7881544	1665337414	387015
14503512817	667446	39	8	665973	9639552	1757244	7882308	1665382900	387015
14505335766	667447	29	8	665974	9640446	1757365	7883081	1665437634	387014
14506602360	667447	37	8	665974	9641322	1757475	7883847	1665483000	387014
14507915585	667451	38	8	665978	9642230	1757602	7884628	1665537505	387012
14509145919	667454	39	8	665981	9643105	1757734	7885371	1665612494	387010
14510771409	667455	38	8	665982	9643970	1757857	7886113	1665658815	387010
14512387814	667455	36	8	665982	9644885	1757980	7886905	1665705621	387010
14514166174	667456	39	8	665983	9645773	1758101	7887672	1665751781	387009
14515878166	667456	38	8	665983	9646668	1758218	7888450	1665797764	387009
14517256614	667460	38	8	665987	9647565	1758336	7889229	1665848081	387007
14518916404	667460	37	8	665987	9648482	1758476	7890006	1665895594	387007
14520571808	667460	34	8	665987	9649379	1758601	7890778	1665941984	387007
14522114073	667462	35	8	665989	9650288	1758714	7891574	1665988937	387007
14523414661	667462	39	8	665989	9651206	1758837	7892369	1666036038	387007
14524711332	667462	38	8	665989	9652082	1758970	7893112	1666081540	387007
14526269399	667462	40	8	665989	9652998	1759097	7893901	1666128819	387007
14527929816	667469	40	8	665996	9653917	1759229	7894688	1666188797	387006
14529403662	667469	40	8	665996	9654800	1759353	7895447	1666234120	387006
14530939083	667470	34	8	665997	9655708	1759486	7896222	1666284546	387006
14532199706	667470	47	8	665997	9656577	1759611	7896966	1666329728	387006
14533721910	667470	38	8	665997	9657390	1759725	7897665	1666371380	387006
14535535472	667473	41	8	666000	9658288	1759853	7898435	1666420635	387004
14537064749	667473	35	8	666000	9659170	1759974	7899196	1666466092	387004
14538712285	667473	35	8	666000	9660075	1760116	7899959	1666513391	387004
14540134820	667474	34	8	666001	9660940	1760231	7900709	1666560067	387004
14541581231	667481	36	8	666008	9661803	1760350	7901453	1666611893	387001
14543078244	667490	37	8	666017	9662710	1760473	7902237	1666659898	386999
14544512333	667490	35	8	666017	9663601	1760599	7903002	1666705794	386999
14546008987	667490	38	8	666017	9664534	1760738	7903796	1666753940	386999
14547438748	667491	39	8	666018	9665420	1760868	7904552	1666799722	386999
14548777457	667494	34	8	666021	9666284	1760987	7905297	1666846176	386998
14550356172	667496	38	8	666023	9667202	1761120	7906082	1666897918	386997
14551782693	667497	34	8	666024	9668096	1761245	7906851	1666944131	386996
14553222234	667498	40	8	666025	9668991	1761372	7907619	1666991957	386996
14554565932	667504	44	8	666031	9669905	1761508	7908397	1667045495	386993
14556475059	667504	38	8	666031	9670773	1761629	7909144	1667090071	386993
14557775635	667506	37	8	666033	9671646	1761750	7909896	1667137103	386992
14559196583	667510	31	8	666037	9672534	1761871	7910663	1667197317	386991
14560484836	667513	35	8	666040	9673423	1761991	7911432	1667251297	386990
14561727967	667515	33	8	666042	9674320	1762135	7912185	1667298303	386990
14563355417	667515	39	8	666042	9675257	1762270	7912987	1667346330	386990
14564691593	667519	38	8	666046	9676162	1762398	7913764	1667397565	386989
14566263848	667520	40	8	666047	9677069	1762530	7914539	1667445915	386989
14567638917	667520	43	8	666047	9677964	1762651	7915313	1667492089	386989
14569061957	667522	43	8	666049	9678852	1762766	7916086	1667543735	386987
14570226951	667525	44	8	666052	9679745	1762906	7916839	1667590226	386986
14571877215	667529	40	8	666056	9680674	1763040	7917634	1667646528	386985
14573407997	667534	41	8	666061	9681610	1763200	7918410	1667695828	386983
14574696683	667538	36	8	666065	9682472	1763333	7919139	1667747142	386982
14576206646	667538	41	8	666065	9683348	1763457	7919891	1667792508	386982
14577526635	667538	39	8	666065	9684217	1763575	7920642	1667837426	386982
14579081900	667539	40	8	666066	9685140	1763702	7921438	1667885236	386982
14580733876	667539	42	8	666066	9686051	1763834	7922217	1667932289	386982
14582038325	667541	43	8	666068	9686938	1763942	7922996	1667981077	386982
14583420435	667547	42	8	666074	9687836	1764078	7923758	1668029057	386982
14585088742	667547	38	8	666074	9688748	1764201	7924547	1668076117	386982
14587050222	667549	36	8	666076	9689660	1764336	7925324	1668124225	386982
14588796104	667549	44	8	666076	9690512	1764437	7926075	1668168138	386982
14589962188	667552	40	8	666079	9691409	1764572	7926837	1668224709	386979
14591616874	667555	40	8	666082	9692329	1764701	7927628	1668277485	386976
14593195746	667557	40	8	666084	9693215	1764824	7928391	1668327145	386974
14594575027	667558	34	8	666085	9694120	1764964	7929156	1668377604	386974
14595946604	667558	40	8	666085	9694994	1765084	7929910	1668422618	386974
14597253679	667561	39	8	666088	9695877	1765210	7930667	1668469925	386973
14598452858	667570	44	8	666097	9696776	1765341	7931435	1668523837	386970
14600021379	667573	44	8	666100	9697690	1765492	7932198	1668574805	386970
14601408032	667574	40	8	666101	9698554	1765610	7932944	1668619809	386969
14602781236	667575	38	8	666102	9699466	1765739	7933727	1668667065	386969
14604245294	667581	39	8	666108	9700351	1765856	7934495	1668713213	386967
14605572569	667590	39	8	666117	9701266	1765982	7935284	1668775298	386963
14606674361	667590	41	8	666117	9702149	1766105	7936044	1668820803	386963
14608156496	667606	35	8	666133	9703069	1766254	7936815	1668878068	386960
14609820059	667606	39	8	666133	9703960	1766383	7937577	1668924285	386960
14611249767	667610	38	8	666137	9704867	1766517	7938350	1668982460	386959
14612863354	667615	40	8	666142	9705753	1766629	7939124	1669034474	386958
14614402545	667618	37	8	666145	9706640	1766745	7939895	1669087351	386957
14616028602	667620	37	8	666147	9707529	1766862	7940667	1669134779	386956
14617334538	667628	35	8	666155	9708413	1766988	7941425	1669190235	386956
14618598379	667631	42	8	666158	9709269	1767109	7942160	1669234959	386955
14620273773	667634	39	8	666161	9710169	1767224	7942945	1669286600	386954
14621439317	667637	33	8	666164	9710999	1767357	7943642	1669337783	386954
14622780927	667642	34	8	666169	9711906	1767490	7944416	1669393440	386954
14624375608	667645	37	8	666172	9712818	1767616	7945202	1669445160	386954
14625841612	667645	35	8	666172	9713714	1767744	7945970	1669491443	386954
14627173746	667649	34	8	666176	9714606	1767876	7946730	1669547837	386952
14628631866	667658	35	8	666185	9715483	1767999	7947484	1669602916	386949
14629946407	667658	35	8	666185	9716383	1768121	7948262	1669649085	386949
14631631699	667658	33	8	666185	9717293	1768259	7949034	1669695875	386949
14633259684	667661	42	8	666188	9718147	1768372	7949775	1669744322	386947
14634480326	667662	41	8	666189	9719023	1768513	7950510	1669789970	386947
14635874890	667665	38	8	666192	9719891	1768635	7951256	1669835517	386946
14637082618	667671	41	8	666198	9720792	1768774	7952018	1669893621	386942
14638760931	667673	34	8	666200	9721686	1768895	7952791	1669951079	386941
14640330790	667677	35	8	666204	9722554	1769012	7953542	1670009522	386940
14642034255	667680	37	8	666207	9723444	1769133	7954311	1670057284	386939
14643353599	667682	36	8	666209	9724326	1769245	7955081	1670102942	386938
14644934150	667683	36	8	666210	9725227	1769359	7955868	1670152462	386938
14646156520	667689	41	8	666216	9726133	1769498	7956635	1670205227	386935
14647541917	667694	36	8	666221	9726995	1769618	7957377	1670265223	386933
14648888865	667696	37	8	666223	9727883	1769742	7958141	1670312996	386932
14650237777	667702	31	8	666229	9728746	1769856	7958890	1670363959	386931
14651625217	667708	39	8	666235	9729606	1769970	7959636	1670428580	386930
14653171314	667709	36	8	666236	9730499	1770089	7960410	1670474453	386929
14654560527	667713	35	8	666240	9731386	1770208	7961178	1670523870	386928
14655809567	667717	34	8	666244	9732280	1770327	7961953	1670576910	386927
14656998595	667717	37	8	666244	9733138	1770439	7962699	1670620921	386927
14658604957	667718	38	8	666245	9734028	1770570	7963458	1670667325	386927
14660051136	667724	34	8	666251	9734933	1770707	7964226	1670738494	386926
14661639742	667726	33	8	666253	9735832	1770825	7965007	1670791347	386925
14663017032	667730	39	8	666257	9736745	1770944	7965801	1670840466	386924
14664693865	667733	42	8	666260	9737649	1771072	7966577	1670892625	386923
14666138446	667739	41	8	666266	9738506	1771213	7967293	1670952061	386921
14667623054	667754	36	8	666281	9739394	1771344	7968050	1671020400	386916
14668963915	667764	38	8	666291	9740289	1771477	7968812	1671091397	386914
14670207619	667764	41	8	666291	9741169	1771590	7969579	1671136643	386914
14671558048	667770	36	8	666297	9742041	1771706	7970335	1671199524	386914
14673284086	667774	37	8	666301	9742962	1771833	7971129	1671254991	386912
14674802068	667774	34	8	666301	9743855	1771968	7971887	1671301261	386912
14675968333	667778	34	8	666305	9744723	1772080	7972643	1671352596	386910
14677453838	667783	31	8	666310	9745573	1772200	7973373	1671404942	386909
14678742891	667786	36	8	666313	9746429	1772315	7974114	1671460888	386907
14680198373	667804	34	8	666331	9747357	1772461	7974896	1671545077	386904
14681853771	667809	39	8	666336	9748241	1772592	7975649	1671601791	386903
14683320185	667814	39	8	666341	9749136	1772730	7976406	1671658092	386901
14685134582	667848	35	8	666375	9750068	1772884	7977184	1671721568	386888
14686340507	667852	40	8	666379	9750965	1773025	7977940	1671778505	386889
14687951822	667855	43	8	666382	9751850	1773135	7978715	1671831175	386888
14689552212	667856	41	8	666383	9752728	1773256	7979472	1671880501	386887
14690778116	667864	37	8	666391	9753576	1773380	7980196	1671940334	386887
14692133026	667872	34	8	666399	9754456	1773500	7980956	1671993357	386885
14693376709	667880	35	8	666407	9755323	1773629	7981694	1672045764	386883
14695318862	667884	39	8	666411	9756231	1773759	7982472	1672102624	386880
14696741836	667890	43	8	666417	9757109	1773881	7983228	1672156435	386880
14698154698	667908	42	8	666435	9757987	1774020	7983967	1672210474	386876
14699874854	667922	42	8	666449	9758889	1774149	7984740	1672267537	386872
14701564336	667924	36	8	666451	9759805	1774292	7985513	1672317618	386872
14703055666	667927	39	8	666454	9760630	1774420	7986210	1672366734	386872
14704323938	667937	39	8	666464	9761514	1774544	7986970	1672425009	386869
14705616479	667941	43	8	666468	9762387	1774668	7987719	1672483070	386866
14707261161	667950	36	8	666477	9763270	1774787	7988483	1672542092	386865
14708898796	667964	34	8	666491	9764177	1774924	7989253	1672595898	386862
14710325085	667974	40	8	666501	9765098	1775049	7990049	1672659426	386857
14711743174	667977	41	8	666504	9765996	1775180	7990816	1672716993	386856
14713115288	667991	39	8	666518	9766894	1775320	7991574	1672784375	386851
14714564726	668003	41	8	666530	9767770	1775439	7992331	1672850678	386848
14715945919	668013	32	8	666540	9768597	1775556	7993041	1672920806	386846
14717375107	668014	36	8	666541	9769460	1775674	7993786	1672967091	386846
