bytes_written	total_items	curr_connections	threads	cmd_set	cmd_get	get_misses	get_hits	bytes_read
13482625173	685315	27	8	687449	8527757	1711806	6815951	1986030491	366440
13484022295	685315	44	8	687449	8528598	1711938	6816660	1986112718	366440
13485621815	685315	45	8	687449	8529459	1712049	6817410	1986198723	366440
13487332168	685315	38	8	687449	8530334	1712190	6818144	1986286719	366440
13488899146	685315	42	8	687449	8531247	1712326	6818921	1986375631	366440
13490459525	685315	36	8	687449	8532103	1712449	6819654	1986461241	366440
13492351662	685315	35	8	687449	8532960	1712573	6820387	1986547627	366440
13494028101	685315	42	8	687449	8533864	1712716	6821148	1986636204	366440
13495483187	685315	39	8	687449	8534736	1712849	6821887	1986723803	366440
13496925753	685315	45	8	687449	8535642	1712976	6822666	1986812227	366440
13498227074	685315	34	8	687449	8536482	1713092	6823390	1986898363	366440
13499629121	685315	33	8	687449	8537342	1713216	6824126	1986983232	366440
13501158462	685315	41	8	687449	8538242	1713354	6824888	1987071403	366440
13502578057	685315	36	8	687449	8539092	1713481	6825611	1987157335	366440
13503763530	685315	40	8	687449	8539942	1713623	6826319	1987242307	366440
13505316042	685315	41	8	687449	8540832	1713758	6827074	1987330079	366440
13506885771	685315	36	8	687449	8541701	1713892	6827809	1987418311	366440
13508536799	685317	41	8	687451	8542570	1714026	6828544	1987508936	366441
13510146834	685317	41	8	687451	8543424	1714153	6829271	1987596004	366441
13511454256	685317	39	8	687451	8544261	1714280	6829981	1987680405	366441
13513062727	685317	43	8	687451	8545147	1714390	6830757	1987767137	366441
13514618788	685317	46	8	687451	8546029	1714507	6831522	1987854310	366441
13515791065	685317	41	8	687451	8546871	1714632	6832239	1987939942	366441
13517271511	685317	29	8	687451	8547745	1714765	6832980	1988025961	366441
13519010825	685317	42	8	687451	8548650	1714896	6833754	1988114231	366441
13520438322	685317	38	8	687451	8549520	1715034	6834486	1988201194	366441
13522213064	685317	38	8	687451	8550407	1715161	6835246	1988288781	366441
13524132801	685317	42	8	687451	8551314	1715291	6836023	1988377275	366441
13525571485	685318	34	8	687452	8552186	1715420	6836766	1988465156	366441
13527524400	685318	45	8	687452	8553121	1715566	6837555	1988554903	366441
13528951745	685318	39	8	687452	8553987	1715698	6838289	1988642046	366441
13530475330	685318	41	8	687452	8554857	1715821	6839036	1988727676	366441
13531722793	685318	42	8	687452	8555718	1715928	6839790	1988814067	366441
13533203455	685318	38	8	687452	8556594	1716069	6840525	1988902243	366441
13534740085	685318	42	8	687452	8557492	1716201	6841291	1988990737	366441
13536133235	685318	38	8	687452	8558383	1716331	6842052	1989078279	366441
13537521888	685318	41	8	687452	8559275	1716468	6842807	1989166357	366441
13539070278	685318	34	8	687452	8560146	1716607	6843539	1989254261	366441
13540578391	685318	40	8	687452	8561042	1716740	6844302	1989341842	366441
13541870091	685318	44	8	687452	8561881	1716858	6845023	1989426545	366441
13543422076	685318	39	8	687452	8562787	1716986	6845801	1989514474	366441
13545032837	685318	39	8	687452	8563676	1717122	6846554	1989604058	366441
13546423066	685318	42	8	687452	8564558	1717260	6847298	1989691417	366441
13547764520	685318	40	8	687452	8565432	1717394	6848038	1989779035	366441
13549544568	685318	41	8	687452	8566317	1717510	6848807	1989867251	366441
13550882689	685318	36	8	687452	8567180	1717633	6849547	1989953865	366441
13552391868	685318	43	8	687452	8568087	1717766	6850321	1990041919	366441
13553619024	685318	40	8	687452	8568958	1717904	6851054	1990129867	366441
13555352136	685318	40	8	687452	8569843	1718040	6851803	1990217279	366441
13556618639	685318	41	8	687452	8570710	1718168	6852542	1990305226	366441
13558221419	685318	42	8	687452	8571615	1718303	6853312	1990393407	366441
13559825562	685318	38	8	687452	8572480	1718431	6854049	1990479590	366441
13561290815	685318	32	8	687452	8573345	1718553	6854792	1990566926	366441
13562795234	685328	38	8	687462	8574238	1718686	6855552	1990663025	366445
13564146761	685328	42	8	687462	8575138	1718822	6856316	1990751571	366445
13565722850	685328	39	8	687462	8576030	1718954	6857076	1990839418	366445
13567143196	685328	40	8	687462	8576927	1719078	6857849	1990927359	366445
13568793521	685328	40	8	687462	8577760	1719211	6858549	1991011070	366445
13570169211	685328	31	8	687462	8578575	1719332	6859243	1991091102	366445
13571467669	685328	45	8	687462	8579403	1719455	6859948	1991171609	366445
13572621703	685328	40	8	687462	8580266	1719581	6860685	1991258993	366445
13574075876	685328	38	8	687462	8581153	1719718	6861435	1991346422	366445
13575668427	685328	44	8	687462	8582073	1719858	6862215	1991435388	366445
13577126372	685333	31	8	687467	8582932	1719998	6862934	1991557572	366447
13578516959	685333	40	8	687467	8583820	1720130	6863690	1991645136	366447
13580164508	685333	43	8	687467	8584714	1720261	6864453	1991733404	366447
13581346539	685333	35	8	687467	8585557	1720382	6865175	1991819256	366447
13583095350	685333	46	8	687467	8586475	1720520	6865955	1991908575	366447
13584309325	685333	33	8	687467	8587316	1720656	6866660	1991994209	366447
13586081373	685333	36	8	687467	8588250	1720809	6867441	1992083971	366447
13587616659	685333	40	8	687467	8589140	1720929	6868211	1992172537	366447
13589273922	685333	38	8	687467	8590037	1721062	6868975	1992260193	366447
13590564431	685333	37	8	687467	8590911	1721186	6869725	1992348642	366447
13592290655	685333	39	8	687467	8591788	1721301	6870487	1992435275	366447
13593920455	685333	32	8	687467	8592663	1721424	6871239	1992522951	366447
13595356548	685333	39	8	687467	8593543	1721550	6871993	1992609927	366447
13596804112	685333	37	8	687467	8594419	1721684	6872735	1992699094	366447
13598237651	685333	45	8	687467	8595272	1721814	6873458	1992784698	366447
13599596198	685333	38	8	687467	8596128	1721947	6874181	1992869675	366447
13601203874	685333	42	8	687467	8597040	1722084	6874956	1992958289	366447
13602477788	685333	32	8	687467	8597896	1722216	6875680	1993045504	366447
13603705009	685333	39	8	687467	8598795	1722356	6876439	1993134495	366447
13605530129	685333	38	8	687467	8599654	1722479	6877175	1993219464	366447
13606933245	685333	47	8	687467	8600539	1722614	6877925	1993307630	366447
13608422189	685333	35	8	687467	8601375	1722724	6878651	1993392341	366447
13610012711	685333	38	8	687467	8602273	1722858	6879415	1993479484	366447
13611392228	685333	44	8	687467	8603151	1722990	6880161	1993567373	366447
13612782011	685333	32	8	687467	8604002	1723130	6880872	1993652735	366447
13614450401	685333	36	8	687467	8604906	1723280	6881626	1993741488	366447
13615820539	685338	40	8	687472	8605792	1723401	6882391	1993830201	366447
13617165528	685338	38	8	687472	8606668	1723538	6883130	1993918078	366447
13618687153	685338	36	8	687472	8607573	1723690	6883883	1994006416	366447
13620198163	685338	38	8	687472	8608428	1723825	6884603	1994091749	366447
13621597906	685338	41	8	687472	8609308	1723946	6885362	1994179219	366447
13622975908	685338	34	8	687472	8610159	1724075	6886084	1994265719	366447
13624381075	685338	45	8	687472	8611058	1724202	6886856	1994352710	366447
13625772036	685338	41	8	687472	8611904	1724324	6887580	1994439494	366447
13627548900	685338	33	8	687472	8612757	1724446	6888311	1994523739	366447
13629115064	685338	39	8	687472	8613649	1724581	6889068	1994611095	366447
13630394173	685338	37	8	687472	8614476	1724702	6889774	1994693289	366447
13631897078	685338	32	8	687472	8615239	1724814	6890425	1994770909	366447
13633474569	685338	38	8	687472	8616123	1724952	6891171	1994857919	366447
13634736519	685338	38	8	687472	8616979	1725096	6891883	1994944531	366447
13636630990	685338	39	8	687472	8617872	1725235	6892637	1995031899	366447
13638389892	685338	45	8	687472	8618795	1725372	6893423	1995121062	366447
13640020910	685338	38	8	687472	8619634	1725483	6894151	1995206233	366447
13641435017	685338	36	8	687472	8620510	1725597	6894913	1995292801	366447
13643020827	685338	41	8	687472	8621380	1725717	6895663	1995379980	366447
13644678181	685338	43	8	687472	8622264	1725851	6896413	1995467794	366447
13646268042	685338	42	8	687472	8623153	1725992	6897161	1995556162	366447
13647832622	685338	37	8	687472	8624029	1726115	6897914	1995643113	366447
13649607115	685338	39	8	687472	8624927	1726258	6898669	1995730416	366447
13651047960	685338	45	8	687472	8625764	1726371	6899393	1995814809	366447
13652421791	685338	37	8	687472	8626640	1726516	6900124	1995902788	366447
13653833740	685338	38	8	687472	8627519	1726654	6900865	1995987863	366447
13655462623	685338	41	8	687472	8628387	1726787	6901600	1996072466	366447
13656830253	685338	38	8	687472	8629233	1726907	6902326	1996159167	366447
13658280526	685338	37	8	687472	8630095	1727038	6903057	1996244571	366447
13659524997	685338	41	8	687472	8630962	1727176	6903786	1996330335	366447
13660959841	685338	43	8	687472	8631790	1727293	6904497	1996413502	366447
13662689328	685338	41	8	687472	8632650	1727426	6905224	1996500731	366447
13663878678	685338	36	8	687472	8633511	1727552	6905959	1996586808	366447
13665444030	685339	40	8	687473	8634404	1727676	6906728	1996679533	366447
13667121109	685339	33	8	687473	8635301	1727818	6907483	1996766545	366447
13668599025	685339	44	8	687473	8636195	1727963	6908232	1996854838	366447
13670473203	685339	35	8	687473	8637053	1728093	6908960	1996941989	366447
13671786599	685346	38	8	687480	8637961	1728245	6909716	1997041019	366446
13673183759	685346	42	8	687480	8638860	1728376	6910484	1997129781	366446
13674951470	685346	41	8	687480	8639773	1728512	6911261	1997218847	366446
13676641934	685346	41	8	687480	8640655	1728655	6912000	1997307283	366446
13678442987	685346	40	8	687480	8641508	1728779	6912729	1997391465	366446
13679722914	685346	35	8	687480	8642384	1728919	6913465	1997478217	366446
13681044032	685346	49	8	687480	8643259	1729048	6914211	1997565611	366446
13682327016	685346	34	8	687480	8644089	1729174	6914915	1997650630	366446
13683730947	685346	41	8	687480	8644980	1729313	6915667	1997737355	366446
13685314374	685346	40	8	687480	8645839	1729442	6916397	1997824895	366446
13686950336	685346	39	8	687480	8646694	1729556	6917138	1997910298	366446
13688833409	685346	40	8	687480	8647598	1729690	6917908	1997999315	366446
13690747881	685346	46	8	687480	8648484	1729804	6918680	1998086831	366446
13692375022	685346	34	8	687480	8649361	1729944	6919417	1998173384	366446
13694103914	685346	38	8	687480	8650179	1730064	6920115	1998254794	366446
13695635414	685346	41	8	687480	8651041	1730184	6920857	1998339682	366446
13697500443	685346	39	8	687480	8651922	1730298	6921624	1998427281	366446
13698774331	685346	40	8	687480	8652794	1730425	6922369	1998514747	366446
13700250613	685346	47	8	687480	8653670	1730551	6923119	1998602608	366446
13701805993	685346	35	8	687480	8654515	1730673	6923842	1998686863	366446
13703291022	685346	43	8	687480	8655425	1730806	6924619	1998774862	366446
13704697244	685346	38	8	687480	8656286	1730934	6925352	1998862070	366446
13706022204	685346	40	8	687480	8657173	1731061	6926112	1998949122	366446
13707318407	685346	39	8	687480	8658044	1731184	6926860	1999036533	366446
13709121807	685346	35	8	687480	8658923	1731308	6927615	1999123622	366446
13710681977	685362	42	8	687496	8659790	1731445	6928345	1999268722	366456
13712296908	685362	38	8	687496	8660661	1731580	6929081	1999355890	366456
13713625913	685362	38	8	687496	8661554	1731708	6929846	1999444292	366456
13715293458	685362	40	8	687496	8662460	1731842	6930618	1999531815	366456
13716891765	685362	40	8	687496	8663349	1731966	6931383	1999620331	366456
13718552253	685362	35	8	687496	8664210	1732087	6932123	1999706960	366456
13720232001	685362	42	8	687496	8665095	1732209	6932886	1999794069	366456
13721790386	685362	38	8	687496	8665943	1732335	6933608	1999880505	366456
13723193608	685362	33	8	687496	8666786	1732458	6934328	1999963646	366456
13724982029	685362	39	8	687496	8667666	1732576	6935090	2000050437	366456
13726506408	685362	39	8	687496	8668544	1732715	6935829	2000138893	366456
13728186272	685362	38	8	687496	8669411	1732847	6936564	2000224868	366456
13729936175	685362	42	8	687496	8670273	1732978	6937295	2000311155	366456
13731482690	685362	39	8	687496	8671135	1733107	6938028	2000398305	366456
13733140744	685363	44	8	687497	8672045	1733242	6938803	2000485934	366456
13734941824	685363	36	8	687497	8672918	1733376	6939542	2000574353	366456
13736317628	685363	34	8	687497	8673760	1733513	6940247	2000658524	366456
13738157795	685363	41	8	687497	8674668	1733647	6941021	2000746758	366456
13739434317	685363	35	8	687497	8675537	1733777	6941760	2000834744	366456
13741129514	685363	34	8	687497	8676412	1733898	6942514	2000921512	366456
13742526941	685363	39	8	687497	8677296	1734023	6943273	2001009781	366456
13743770941	685363	38	8	687497	8678167	1734156	6944011	2001096997	366456
13744997681	685363	34	8	687497	8679036	1734284	6944752	2001184059	366456
13746606737	685363	38	8	687497	8679908	1734414	6945494	2001270091	366456
13748012471	685363	53	8	687497	8680795	1734540	6946255	2001355272	366456
13749452680	685363	43	8	687497	8681627	1734670	6946957	2001441061	366456
13750813263	685363	41	8	687497	8682501	1734801	6947700	2001527273	366456
13752747437	685363	38	8	687497	8683379	1734913	6948466	2001615113	366456
13754442598	685363	41	8	687497	8684282	1735039	6949243	2001703440	366456
13755951043	685363	35	8	687497	8685136	1735151	6949985	2001788803	366456
13757539214	685363	39	8	687497	8685900	1735258	6950642	2001866007	366456
13759217937	685363	35	8	687497	8686751	1735376	6951375	2001950615	366456
13760611379	685363	42	8	687497	8687672	1735530	6952142	2002040452	366456
13762147058	685363	38	8	687497	8688539	1735666	6952873	2002127040	366456
13764037030	685363	44	8	687497	8689438	1735792	6953646	2002215603	366456
13765530391	685363	35	8	687497	8690304	1735921	6954383	2002302658	366456
13767347112	685363	45	8	687497	8691203	1736054	6955149	2002390116	366456
13768868648	685363	39	8	687497	8692058	1736181	6955877	2002477504	366456
13770541818	685363	34	8	687497	8692943	1736318	6956625	2002564213	366456
13771954267	685363	39	8	687497	8693823	1736458	6957365	2002652095	366456
13773185407	685363	37	8	687497	8694700	1736600	6958100	2002739412	366456
13774436196	685363	40	8	687497	8695581	1736717	6958864	2002827576	366456
13775999357	685363	31	8	687497	8696470	1736846	6959624	2002915359	366456
13777258430	685363	47	8	687497	8697361	1736974	6960387	2003003358	366456
13778791538	685363	35	8	687497	8698235	1737111	6961124	2003090026	366456
13780166479	685363	37	8	687497	8699145	1737249	6961896	2003178127	366456
13781500724	685363	44	8	687497	8699997	1737365	6962632	2003263688	366456
13783305100	685363	41	8	687497	8700860	1737499	6963361	2003350201	366456
13784742325	685363	41	8	687497	8701743	1737636	6964107	2003437922	366456
13786209076	685363	40	8	687497	8702653	1737776	6964877	2003527712	366456
13787622896	685363	41	8	687497	8703544	1737914	6965630	2003614852	366456
13789574630	685366	41	8	687500	8704435	1738050	6966385	2003703531	366456
13791203822	685367	36	8	687501	8705318	1738189	6967129	2003791236	366456
13792826452	685367	35	8	687501	8706202	1738320	6967882	2003880176	366456
13794209990	685367	44	8	687501	8707104	1738454	6968650	2003968565	366456
13795755990	685367	41	8	687501	8707990	1738584	6969406	2004056656	366456
13797308392	685367	34	8	687501	8708833	1738698	6970135	2004141020	366456
13799259160	685367	41	8	687501	8709755	1738832	6970923	2004230259	366456
13800822863	685367	36	8	687501	8710620	1738961	6971659	2004316528	366456
13802274633	685367	38	8	687501	8711476	1739085	6972391	2004401977	366456
13803549830	685367	43	8	687501	8712365	1739222	6973143	2004489728	366456
13805371411	685367	42	8	687501	8713273	1739356	6973917	2004578247	366456
13806664530	685367	34	8	687501	8714105	1739469	6974636	2004663894	366456
13808115439	685367	37	8	687501	8714983	1739586	6975397	2004750211	366456
13809533481	685367	42	8	687501	8715864	1739732	6976132	2004837884	366456
13811196004	685367	38	8	687501	8716753	1739878	6976875	2004925261	366456
13812696784	685367	43	8	687501	8717656	1740009	6977647	2005013815	366456
13814210024	685367	34	8	687501	8718528	1740138	6978390	2005101552	366456
13815542225	685367	39	8	687501	8719409	1740272	6979137	2005188805	366456
13817102448	685367	39	8	687501	8720319	1740422	6979897	2005277191	366456
13818143140	685367	47	8	687501	8721144	1740553	6980591	2005357664	366456
13819521862	685367	40	8	687501	8721895	1740681	6981214	2005433387	366456
13821028186	685367	36	8	687501	8722785	1740817	6981968	2005521505	366456
13822584804	685367	42	8	687501	8723651	1740954	6982697	2005607489	366456
13823845091	685367	42	8	687501	8724533	1741078	6983455	2005694923	366456
13825455979	685367	37	8	687501	8725420	1741216	6984204	2005783337	366456
13827107895	685367	43	8	687501	8726316	1741355	6984961	2005871603	366456
13828919688	685367	38	8	687501	8727238	1741508	6985730	2005960955	366456
13830156329	685367	36	8	687501	8728114	1741633	6986481	2006048529	366456
13832051918	685367	39	8	687501	8729033	1741780	6987253	2006138247	366456
13833990047	685367	42	8	687501	8729935	1741932	6988003	2006228112	366456
13835448500	685367	34	8	687501	8730807	1742068	6988739	2006314365	366456
13837158141	685367	40	8	687501	8731711	1742192	6989519	2006403275	366456
13838449684	685367	33	8	687501	8732625	1742341	6990284	2006492645	366456
13839920390	685367	41	8	687501	8733505	1742465	6991040	2006579597	366456
13841272522	685367	40	8	687501	8734369	1742590	6991779	2006666169	366456
13842726664	685367	41	8	687501	8735278	1742729	6992549	2006754791	366456
13844142587	685367	34	8	687501	8736165	1742877	6993288	2006843854	366456
13845922193	685367	39	8	687501	8737069	1743015	6994054	2006931261	366456
13847653773	685367	39	8	687501	8737943	1743137	6994806	2007019107	366456
13848996741	685367	36	8	687501	8738813	1743277	6995536	2007105671	366456
13850516326	685367	41	8	687501	8739695	1743403	6996292	2007193833	366456
13851972320	685367	35	8	687501	8740556	1743544	6997012	2007280049	366456
13853461405	685367	45	8	687501	8741459	1743678	6997781	2007368479	366456
13854777299	685367	38	8	687501	8742335	1743802	6998533	2007456099	366456
13856289815	685367	37	8	687501	8743241	1743945	6999296	2007543961	366456
13857909947	685367	48	8	687501	8744126	1744075	7000051	2007632377	366456
13859100067	685367	37	8	687501	8744984	1744211	7000773	2007717575	366456
13860596246	685367	39	8	687501	8745876	1744342	7001534	2007804850	366456
13862244298	685367	47	8	687501	8746748	1744465	7002283	2007891984	366456
13863724023	685367	39	8	687501	8747628	1744613	7003015	2007978544	366456
13865602775	685367	39	8	687501	8748499	1744734	7003765	2008064518	366456
13866867663	685367	42	8	687501	8749341	1744850	7004491	2008150646	366456
13868516171	685367	45	8	687501	8750216	1744979	7005237	2008237477	366456
13869786341	685367	34	8	687501	8751077	1745113	7005964	2008324349	366456
13871546627	685367	40	8	687501	8751988	1745262	7006726	2008412048	366456
13872552132	685367	39	8	687501	8752834	1745385	7007449	2008498827	366456
13873885741	685367	39	8	687501	8753715	1745528	7008187	2008585842	366456
13875459649	685368	43	8	687502	8754636	1745649	7008987	2008719389	366456
13876969453	685368	32	8	687502	8755499	1745782	7009717	2008806379	366456
13878447330	685368	45	8	687502	8756376	1745899	7010477	2008892231	366456
13879487775	685368	27	8	687502	8757129	1746021	7011108	2008969707	366456
13880867934	685368	40	8	687502	8757989	1746136	7011853	2009054330	366456
13882544067	685368	33	8	687502	8758871	1746269	7012602	2009142196	366456
13883992137	685368	41	8	687502	8759761	1746400	7013361	2009229271	366456
13885231097	685368	40	8	687502	8760602	1746514	7014088	2009314803	366456
13886739631	685368	39	8	687502	8761468	1746636	7014832	2009401329	366456
13888027769	685368	42	8	687502	8762334	1746762	7015572	2009486307	366456
13889629153	685368	34	8	687502	8763186	1746894	7016292	2009572581	366456
13891087394	685368	41	8	687502	8764074	1747019	7017055	2009660438	366456
13892357415	685368	43	8	687502	8764935	1747143	7017792	2009745367	366456
13893860103	685368	32	8	687502	8765782	1747264	7018518	2009830752	366456
13895358087	685368	38	8	687502	8766655	1747394	7019261	2009917384	366456
13896921699	685368	39	8	687502	8767566	1747552	7020014	2010007080	366456
13898259306	685368	40	8	687502	8768418	1747690	7020728	2010093002	366456
13899553076	685368	42	8	687502	8769300	1747831	7021469	2010180866	366456
13900986030	685368	36	8	687502	8770154	1747959	7022195	2010266265	366456
13902465428	685368	40	8	687502	8771015	1748065	7022950	2010352871	366456
13904099864	685368	37	8	687502	8771907	1748214	7023693	2010440063	366456
13905634925	685368	42	8	687502	8772772	1748342	7024430	2010527420	366456
13907408764	685368	40	8	687502	8773680	1748477	7025203	2010615222	366456
13908888261	685368	42	8	687502	8774552	1748592	7025960	2010701609	366456
13910271540	685368	36	8	687502	8775401	1748709	7026692	2010786945	366456
13911857215	685368	39	8	687502	8776273	1748839	7027434	2010873634	366456
13913114744	685368	35	8	687502	8777144	1748970	7028174	2010960228	366456
13914940657	685368	36	8	687502	8778052	1749106	7028946	2011048194	366456
13916585026	685368	36	8	687502	8778905	1749232	7029673	2011132850	366456
13918565755	685368	43	8	687502	8779816	1749371	7030445	2011222264	366456
13920119176	685368	38	8	687502	8780682	1749504	7031178	2011308931	366456
13921451835	685368	32	8	687502	8781551	1749626	7031925	2011396293	366456
13923082071	685368	37	8	687502	8782453	1749759	7032694	2011483871	366456
13924947969	685368	33	8	687502	8783339	1749879	7033460	2011571704	366456
13926241545	685368	38	8	687502	8784218	1750016	7034202	2011658821	366456
13927837416	685368	35	8	687502	8785081	1750136	7034945	2011745129	366456
13929604889	685368	41	8	687502	8785960	1750263	7035697	2011831387	366456
13931106659	685368	33	8	687502	8786836	1750406	7036430	2011919170	366456
13932517691	685368	38	8	687502	8787743	1750547	7037196	2012007480	366456
13934217687	685368	39	8	687502	8788629	1750690	7037939	2012095257	366456
13935771138	685368	38	8	687502	8789514	1750807	7038707	2012182311	366456
13937073931	685368	38	8	687502	8790386	1750944	7039442	2012270497	366456
13938519823	685368	44	8	687502	8791273	1751078	7040195	2012357380	366456
13940108939	685368	36	8	687502	8792107	1751191	7040916	2012442945	366456
13941857295	685368	35	8	687502	8792936	1751302	7041634	2012525058	366456
13943356012	685368	40	8	687502	8793854	1751445	7042409	2012614066	366456
13944827124	685368	38	8	687502	8794732	1751595	7043137	2012701495	366456
13946272904	685368	39	8	687502	8795619	1751729	7043890	2012788673	366456
13947708489	685368	29	8	687502	8796490	1751857	7044633	2012876534	366456
13949259072	685368	43	8	687502	8797373	1751989	7045384	2012962649	366456
13950705373	685368	40	8	687502	8798247	1752122	7046125	2013050158	366456
13952120194	685378	32	8	687512	8799094	1752260	7046834	2013242706	366465
13953685544	685378	42	8	687512	8800002	1752401	7047601	2013331047	366465
13955294321	685378	38	8	687512	8800893	1752527	7048366	2013417925	366465
13956557854	685378	35	8	687512	8801741	1752648	7049093	2013504465	366465
13958308217	685378	37	8	687512	8802645	1752784	7049861	2013592770	366465
13960081881	685378	41	8	687512	8803552	1752933	7050619	2013681646	366465
13961647948	685378	36	8	687512	8804413	1753056	7051357	2013767774	366465
13963020134	685378	38	8	687512	8805308	1753204	7052104	2013856840	366465
13964423812	685378	44	8	687512	8806190	1753328	7052862	2013943864	366465
13966086568	685378	38	8	687512	8807054	1753455	7053599	2014030835	366465
13967449451	685378	42	8	687512	8807937	1753589	7054348	2014117173	366465
13968695933	685378	45	8	687512	8808792	1753720	7055072	2014203192	366465
13970293221	685378	34	8	687512	8809648	1753845	7055803	2014288741	366465
13971676622	685378	41	8	687512	8810527	1753961	7056566	2014375155	366465
13973021791	685378	37	8	687512	8811369	1754088	7057281	2014460577	366465
13975035415	685378	39	8	687512	8812263	1754209	7058054	2014547800	366465
13976680479	685378	32	8	687512	8813128	1754332	7058796	2014634132	366465
13977945343	685378	46	8	687512	8814021	1754458	7059563	2014720844	366465
13979164489	685378	33	8	687512	8814869	1754599	7060270	2014807183	366465
13980586177	685378	44	8	687512	8815748	1754723	7061025	2014892772	366465
13981868860	685378	45	8	687512	8816571	1754852	7061719	2014974937	366465
13983042917	685378	36	8	687512	8817396	1754969	7062427	2015059252	366465
13984530198	685378	34	8	687512	8818269	1755109	7063160	2015146510	366465
13986414701	685378	38	8	687512	8819189	1755242	7063947	2015235431	366465
13987908873	685378	44	8	687512	8820087	1755375	7064712	2015323012	366465
13989381090	685378	36	8	687512	8820926	1755485	7065441	2015407684	366465
13990724551	685378	42	8	687512	8821828	1755619	7066209	2015495851	366465
13992151013	685378	39	8	687512	8822701	1755755	7066946	2015583042	366465
13993458267	685378	42	8	687512	8823588	1755898	7067690	2015669674	366465
13994723802	685378	40	8	687512	8824467	1756028	7068439	2015755926	366465
13996145987	685379	35	8	687513	8825353	1756175	7069178	2015843924	366466
13997631856	685379	39	8	687513	8826248	1756325	7069923	2015931696	366466
13998950995	685379	34	8	687513	8827081	1756444	7070637	2016017009	366466
14000334015	685379	41	8	687513	8827956	1756577	7071379	2016102742	366466
14001489244	685379	47	8	687513	8828665	1756693	7071972	2016175070	366466
14003026517	685379	39	8	687513	8829476	1756826	7072650	2016255236	366466
14004536133	685379	41	8	687513	8830376	1756962	7073414	2016340780	366466
14006136497	685379	35	8	687513	8831230	1757110	7074120	2016427183	366466
14007950605	685379	38	8	687513	8832101	1757230	7074871	2016512823	366466
14009316365	685379	43	8	687513	8832998	1757366	7075632	2016600947	366466
14010824326	685379	37	8	687513	8833837	1757498	7076339	2016685451	366466
14012267519	685379	46	8	687513	8834742	1757643	7077099	2016773270	366466
14013912988	685379	37	8	687513	8835622	1757768	7077854	2016859750	366466
14015728814	685379	37	8	687513	8836498	1757895	7078603	2016946907	366466
14017281670	685379	44	8	687513	8837399	1758047	7079352	2017033417	366466
14018653201	685379	34	8	687513	8838251	1758187	7080064	2017119525	366466
14020445378	685379	42	8	687513	8839142	1758333	7080809	2017206146	366466
14022057112	685381	31	8	687515	8840003	1758460	7081543	2017295450	366467
14023487755	685382	43	8	687516	8840861	1758564	7082297	2017380331	366467
14024723340	685382	40	8	687516	8841729	1758700	7083029	2017466694	366467
14025980459	685382	39	8	687516	8842591	1758837	7083754	2017553873	366467
14027664327	685382	37	8	687516	8843469	1758960	7084509	2017640319	366467
14029290677	685382	36	8	687516	8844326	1759091	7085235	2017725964	366467
14030939639	685382	41	8	687516	8845179	1759226	7085953	2017811217	366467
14032034105	685382	32	8	687516	8845988	1759338	7086650	2017894960	366467
14033386118	685382	39	8	687516	8846876	1759462	7087414	2017982039	366467
14034673218	685384	36	8	687518	8847731	1759600	7088131	2018101669	366467
14036243206	685384	35	8	687518	8848590	1759725	7088865	2018187944	366467
14037729851	685384	40	8	687518	8849471	1759855	7089616	2018275756	366467
14039440604	685384	45	8	687518	8850349	1759979	7090370	2018361320	366467
14040553545	685384	35	8	687518	8851184	1760118	7091066	2018446461	366467
14042199322	685384	38	8	687518	8852041	1760239	7091802	2018533023	366467
14043525775	685384	38	8	687518	8852874	1760359	7092515	2018615103	366467
14045080207	685384	41	8	687518	8853747	1760495	7093252	2018701959	366467
14046602154	685384	37	8	687518	8854621	1760626	7093995	2018787111	366467
14048097317	685384	33	8	687518	8855491	1760754	7094737	2018873223	366467
14049293097	685384	43	8	687518	8856341	1760892	7095449	2018957807	366467
14050606585	685384	33	8	687518	8857189	1761013	7096176	2019043430	366467
14052494094	685384	44	8	687518	8858070	1761142	7096928	2019129966	366467
14053801488	685384	32	8	687518	8858907	1761276	7097631	2019213634	366467
14055023185	685384	34	8	687518	8859772	1761406	7098366	2019300905	366467
14056647919	685384	43	8	687518	8860651	1761535	7099116	2019386329	366467
14058160925	685384	38	8	687518	8861502	1761673	7099829	2019471346	366466
14059857591	685385	36	8	687519	8862401	1761819	7100582	2019559339	366467
14061735047	685385	31	8	687519	8863252	1761945	7101307	2019645516	366467
14063284894	685385	49	8	687519	8864135	1762084	7102051	2019729550	366467
14064467735	685385	38	8	687519	8864832	1762199	7102633	2019802486	366467
14065881788	685385	36	8	687519	8865698	1762333	7103365	2019887180	366467
14067413539	685385	40	8	687519	8866559	1762457	7104102	2019973628	366467
14068931135	685385	45	8	687519	8867442	1762581	7104861	2020059899	366467
14070384966	685385	27	8	687519	8868280	1762714	7105566	2020145757	366467
14071570926	685385	37	8	687519	8869170	1762851	7106319	2020233739	366467
14072970692	685385	38	8	687519	8870035	1762983	7107052	2020318246	366467
14074663649	685385	42	8	687519	8870917	1763124	7107793	2020405634	366467
14076134832	685385	36	8	687519	8871771	1763249	7108522	2020490701	366467
14077554508	685385	38	8	687519	8872651	1763381	7109270	2020578120	366467
14079140946	685385	41	8	687519	8873518	1763508	7110010	2020663490	366467
14080628008	685385	37	8	687519	8874372	1763637	7110735	2020748868	366467
14082088176	685385	40	8	687519	8875245	1763763	7111482	2020835340	366467
14083715065	685385	34	8	687519	8876114	1763909	7112205	2020921560	366467
14085067339	685385	37	8	687519	8876992	1764051	7112941	2021009328	366467
14086413889	685385	38	8	687519	8877873	1764201	7113672	2021095357	366467
14087683379	685385	35	8	687519	8878753	1764330	7114423	2021182562	366467
14089094323	685385	40	8	687519	8879637	1764465	7115172	2021270337	366467
14090835499	685385	39	8	687519	8880549	1764598	7115951	2021358537	366467
14092306545	685385	40	8	687519	8881418	1764723	7116695	2021444774	366467
14093841428	685385	36	8	687519	8882302	1764868	7117434	2021532818	366467
14095417137	685385	35	8	687519	8883139	1764989	7118150	2021615428	366467
14097053828	685385	38	8	687519	8883999	1765112	7118887	2021701588	366467
14098558320	685385	43	8	687519	8884896	1765254	7119642	2021789880	366467
14099870216	685385	35	8	687519	8885750	1765397	7120353	2021876451	366467
14101120848	685385	42	8	687519	8886624	1765529	7121095	2021963638	366467
14102374866	685385	38	8	687519	8887484	1765658	7121826	2022048319	366467
14103869012	685385	42	8	687519	8888342	1765787	7122555	2022134650	366467
14105102776	685385	45	8	687519	8889206	1765919	7123287	2022220610	366467
14106635617	685385	35	8	687519	8890043	1766061	7123982	2022305424	366467
14108344896	685385	41	8	687519	8890935	1766193	7124742	2022391851	366467
14109815901	685385	36	8	687519	8891788	1766316	7125472	2022478006	366467
14111525204	685385	35	8	687519	8892656	1766444	7126212	2022564701	366467
14113012247	685385	41	8	687519	8893520	1766582	7126938	2022651258	366467
14114809650	685385	36	8	687519	8894388	1766706	7127682	2022737127	366467
14116311788	685385	35	8	687519	8895260	1766830	7128430	2022824269	366467
14117960612	685385	37	8	687519	8896163	1766961	7129202	2022912365	366467
14119415410	685385	39	8	687519	8897047	1767090	7129957	2022999020	366467
14121191380	685385	37	8	687519	8897915	1767230	7130685	2023086277	366467
14122375394	685385	34	8	687519	8898735	1767352	7131383	2023167366	366467
14124114848	685385	44	8	687519	8899597	1767473	7132124	2023252134	366467
14125485480	685385	35	8	687519	8900271	1767567	7132704	2023318337	366467
14126890178	685385	35	8	687519	8901083	1767697	7133386	2023399142	366467
14128614639	685385	42	8	687519	8901959	1767822	7134137	2023486379	366467
14130275106	685385	42	8	687519	8902865	1767963	7134902	2023574041	366467
14131782820	685385	33	8	687519	8903693	1768087	7135606	2023659132	366467
14133321752	685385	42	8	687519	8904576	1768226	7136350	2023746082	366467
14134545483	685385	35	8	687519	8905423	1768367	7137056	2023832113	366467
14135884014	685385	43	8	687519	8906314	1768498	7137816	2023920021	366467
14137319870	685385	36	8	687519	8907170	1768637	7138533	2024004807	366467
14138714248	685385	36	8	687519	8908028	1768760	7139268	2024091669	366467
14140099107	685385	41	8	687519	8908904	1768885	7140019	2024177308	366467
14141688474	685385	35	8	687519	8909768	1769034	7140734	2024263759	366467
14143520383	685385	42	8	687519	8910661	1769167	7141494	2024351405	366467
14144884970	685385	35	8	687519	8911539	1769301	7142238	2024437543	366467
14146271164	685385	32	8	687519	8912395	1769433	7142962	2024524002	366467
14147818349	685385	40	8	687519	8913262	1769557	7143705	2024610615	366467
14149493813	685385	41	8	687519	8914150	1769700	7144450	2024696855	366467
14150861547	685385	37	8	687519	8915008	1769834	7145174	2024783444	366467
14152197885	685385	36	8	687519	8915865	1769961	7145904	2024868712	366467
14153792882	685385	40	8	687519	8916746	1770084	7146662	2024955130	366467
14155401007	685385	37	8	687519	8917588	1770217	7147371	2025039743	366467
14157022182	685385	38	8	687519	8918450	1770343	7148107	2025124959	366467
14158641942	685385	39	8	687519	8919304	1770463	7148841	2025211407	366467
14160500482	685385	44	8	687519	8920200	1770609	7149591	2025297159	366467
14161709161	685385	40	8	687519	8920995	1770710	7150285	2025378731	366467
14163329161	685385	37	8	687519	8921876	1770825	7151051	2025465660	366467
14164964376	685385	33	8	687519	8922748	1770961	7151787	2025552308	366467
14166336675	685385	42	8	687519	8923609	1771097	7152512	2025637593	366467
14167685270	685385	38	8	687519	8924475	1771235	7153240	2025722481	366467
14169452213	685385	39	8	687519	8925346	1771360	7153986	2025809767	366467
14171136496	685385	35	8	687519	8926221	1771485	7154736	2025895612	366467
14172797019	685385	35	8	687519	8927088	1771610	7155478	2025982755	366467
14174488319	685385	36	8	687519	8927926	1771751	7156175	2026065222	366467
14175597001	685385	38	8	687519	8928784	1771872	7156912	2026152114	366467
14177031811	685385	34	8	687519	8929644	1772017	7157627	2026236539	366467
14178617990	685385	39	8	687519	8930540	1772152	7158388	2026324496	366467
14180041938	685385	34	8	687519	8931383	1772271	7159112	2026409255	366467
14181600376	685385	40	8	687519	8932255	1772398	7159857	2026495200	366467
14182999555	685385	41	8	687519	8933108	1772524	7160584	2026580065	366467
14184364522	685385	31	8	687519	8933977	1772664	7161313	2026665949	366467
14185886056	685385	41	8	687519	8934840	1772779	7162061	2026750703	366467
14187273426	685385	44	8	687519	8935672	1772905	7162767	2026831425	366467
14188577831	685385	35	8	687519	8936437	1773016	7163421	2026910213	366467
14190039729	685385	40	8	687519	8937302	1773142	7164160	2026995451	366467
14191737346	685385	31	8	687519	8938175	1773272	7164903	2027082589	366467
14193232979	685385	34	8	687519	8939022	1773396	7165626	2027167461	366467
14194615931	685385	34	8	687519	8939862	1773528	7166334	2027251823	366467
14196066308	685385	33	8	687519	8940712	1773666	7167046	2027337659	366467
14197600614	685385	41	8	687519	8941584	1773798	7167786	2027422557	366467
14198767153	685385	33	8	687519	8942395	1773908	7168487	2027505156	366467
14199928138	685385	43	8	687519	8943253	1774043	7169210	2027590610	366467
14201356769	685385	39	8	687519	8944100	1774188	7169912	2027674113	366467
14202896138	685385	30	8	687519	8944957	1774314	7170643	2027760064	366467
14204385936	685385	42	8	687519	8945839	1774445	7171394	2027845951	366467
14206214142	685385	39	8	687519	8946717	1774581	7172136	2027931516	366467
14207538727	685385	37	8	687519	8947582	1774722	7172860	2028017520	366467
14208783908	685385	36	8	687519	8948445	1774863	7173582	2028104711	366467
14210069941	685385	43	8	687519	8949315	1775018	7174297	2028190470	366467
14211570066	685385	47	8	687519	8950197	1775157	7175040	2028276898	366467
14212925697	685385	31	8	687519	8951030	1775300	7175730	2028361312	366467
14214419438	685385	33	8	687519	8951900	1775418	7176482	2028447457	366467
14215871123	685385	38	8	687519	8952763	1775555	7177208	2028532198	366467
14217341098	685385	33	8	687519	8953616	1775701	7177915	2028617961	366467
14218738280	685385	34	8	687519	8954503	1775824	7178679	2028704888	366467
14220285933	685385	36	8	687519	8955372	1775949	7179423	2028791146	366467
14221609393	685385	36	8	687519	8956215	1776088	7180127	2028874932	366467
14222944920	685385	31	8	687519	8957059	1776225	7180834	2028960380	366467
14224641314	685385	40	8	687519	8957901	1776340	7181561	2029044501	366467
14226085483	685385	40	8	687519	8958745	1776472	7182273	2029129732	366467
14227485209	685385	38	8	687519	8959626	1776613	7183013	2029216598	366467
14229415036	685385	39	8	687519	8960512	1776740	7183772	2029303538	366467
14230631929	685385	34	8	687519	8961333	1776864	7184469	2029386244	366467
14231992532	685385	42	8	687519	8962197	1776990	7185207	2029471665	366467
14233280998	685385	36	8	687519	8963039	1777116	7185923	2029556945	366467
14234704508	685385	37	8	687519	8963894	1777251	7186643	2029642614	366467
14236285464	685385	33	8	687519	8964744	1777376	7187368	2029728197	366467
14237921792	685385	35	8	687519	8965588	1777505	7188083	2029812877	366467
14239202812	685385	39	8	687519	8966471	1777630	7188841	2029899604	366467
14241215546	685385	39	8	687519	8967354	1777755	7189599	2029986454	366467
14243017647	685385	34	8	687519	8968206	1777874	7190332	2030071704	366467
14244350689	685385	34	8	687519	8969073	1778015	7191058	2030157930	366467
14245651226	685385	41	8	687519	8969929	1778138	7191791	2030241106	366467
14247172978	685385	35	8	687519	8970774	1778276	7192498	2030325989	366467
14248533573	685385	29	8	687519	8971450	1778380	7193070	2030395040	366467
14249959751	685389	42	8	687523	8972319	1778516	7193803	2030478887	366465
14251518290	685389	39	8	687523	8973191	1778650	7194541	2030564400	366465
14253226238	685389	38	8	687523	8974049	1778778	7195271	2030650090	366465
14254776861	685389	42	8	687523	8974909	1778897	7196012	2030736052	366465
14256345796	685389	37	8	687523	8975770	1779038	7196732	2030821893	366465
14257634353	685389	38	8	687523	8976635	1779170	7197465	2030908101	366465
14258807254	685389	39	8	687523	8977472	1779299	7198173	2030991681	366465
14260307289	685389	34	8	687523	8978307	1779423	7198884	2031076170	366465
14262036766	685389	37	8	687523	8979194	1779561	7199633	2031163336	366465
14263692292	685389	42	8	687523	8980059	1779696	7200363	2031247725	366465
14264966785	685389	39	8	687523	8980897	1779815	7201082	2031330839	366465
14266057312	685391	30	8	687525	8981719	1779952	7201767	2031414400	366463
14267620075	685391	34	8	687525	8982552	1780071	7202481	2031498974	366463
14269233953	685391	42	8	687525	8983419	1780201	7203218	2031582599	366463
14271084053	685391	37	8	687525	8984268	1780327	7203941	2031666570	366463
14272470726	685391	33	8	687525	8985097	1780445	7204652	2031750390	366463
14274194789	685391	42	8	687525	8985961	1780569	7205392	2031835602	366463
14275623958	685391	38	8	687525	8986825	1780699	7206126	2031920188	366463
14277354504	685391	38	8	687525	8987668	1780815	7206853	2032004068	366463
14279091693	685391	31	8	687525	8988524	1780945	7207579	2032089185	366463
14280759399	685394	34	8	687528	8989366	1781079	7208287	2032177098	366463
14282197505	685394	39	8	687528	8990234	1781213	7209021	2032262351	366463
14283494096	685394	35	8	687528	8991040	1781325	7209715	2032343738	366463
14284831635	685394	32	8	687528	8991887	1781462	7210425	2032428855	366463
14286187827	685394	37	8	687528	8992725	1781596	7211129	2032513149	366463
14287363268	685394	39	8	687528	8993578	1781720	7211858	2032597398	366463
14289046859	685394	38	8	687528	8994401	1781843	7212558	2032680148	366463
14290617735	685394	42	8	687528	8995266	1781972	7213294	2032765781	366463
14292139843	685394	36	8	687528	8996123	1782108	7214015	2032851849	366463
14293522459	685396	36	8	687530	8996985	1782250	7214735	2032940162	366463
14294994087	685396	35	8	687530	8997838	1782368	7215470	2033024863	366463
14296697235	685396	36	8	687530	8998700	1782488	7216212	2033109541	366463
14298163013	685396	39	8	687530	8999566	1782629	7216937	2033195094	366463
14299606771	685396	32	8	687530	9000397	1782756	7217641	2033278711	366463
14301025332	685396	40	8	687530	9001203	1782874	7218329	2033360022	366463
14302502087	685396	41	8	687530	9002045	1782999	7219046	2033442852	366463
14304275159	685396	40	8	687530	9002915	1783132	7219783	2033528913	366463
14305701694	685398	35	8	687532	9003782	1783261	7220521	2033617793	366463
14307086042	685398	35	8	687532	9004600	1783381	7221219	2033701438	366463
14308463566	685398	34	8	687532	9005453	1783505	7221948	2033786592	366463
14309821868	685401	39	8	687535	9006303	1783636	7222667	2033871102	366461
14310877711	685401	36	8	687535	9007003	1783736	7223267	2033938712	366461
14312445682	685401	38	8	687535	9007844	1783859	7223985	2034022759	366461
14314200746	685402	36	8	687536	9008663	1783978	7224685	2034110447	366460
14315397986	685403	34	8	687537	9009499	1784110	7225389	2034195604	366460
14316979537	685405	45	8	687539	9010373	1784246	7226127	2034284141	366460
14318331231	685405	42	8	687539	9011232	1784382	7226850	2034368427	366460
14319667099	685406	30	8	687540	9012054	1784519	7227535	2034451768	366460
14321152632	685406	33	8	687540	9012899	1784649	7228250	2034536847	366460
14322715671	685407	45	8	687541	9013786	1784786	7229000	2034620865	366460
14324047115	685407	40	8	687541	9014612	1784929	7229683	2034704533	366460
14325644447	685410	32	8	687544	9015434	1785045	7230389	2034788346	366457
14327226091	685410	35	8	687544	9016282	1785173	7231109	2034872808	366457
14328603666	685415	43	8	687549	9017127	1785295	7231832	2034960161	366454
14330109164	685415	31	8	687549	9017930	1785422	7232508	2035042102	366454
14331404164	685421	37	8	687555	9018788	1785557	7233231	2035138565	366453
14332649657	685421	40	8	687555	9019630	1785678	7233952	2035221709	366453
14333984891	685421	38	8	687555	9020464	1785794	7234670	2035305214	366453
14335344614	685421	34	8	687555	9021296	1785921	7235375	2035388902	366453
14336833967	685424	31	8	687558	9022143	1786049	7236094	2035480719	366452
14338399242	685424	37	8	687558	9023019	1786182	7236837	2035567638	366452
14340056737	685431	34	8	687565	9023894	1786329	7237565	2035670247	366449
14341389063	685433	36	8	687567	9024738	1786472	7238266	2035754946	366448
14343030060	685433	40	8	687567	9025565	1786600	7238965	2035837150	366448
14344402423	685433	36	8	687567	9026398	1786723	7239675	2035920536	366448
14345756840	685433	28	8	687567	9027244	1786860	7240384	2036005379	366448
14347402794	685433	36	8	687567	9028091	1786970	7241121	2036089163	366448
14348899176	685439	39	8	687573	9028942	1787090	7241852	2036173995	366447
14350239582	685444	35	8	687578	9029759	1787220	7242539	2036256762	366445
14351592903	685447	35	8	687581	9030550	1787348	7243202	2036347126	366443
14353223926	685447	32	8	687581	9031374	1787473	7243901	2036430625	366443
14354677200	685449	36	8	687583	9032216	1787602	7244614	2036518466	366442
14355945082	685452	32	8	687586	9033070	1787741	7245329	2036606079	366441
14357409617	685455	36	8	687589	9033932	1787894	7246038	2036700324	366439
14358975024	685457	33	8	687591	9034788	1788029	7246759	2036786507	366439
14360286917	685457	35	8	687591	9035625	1788156	7247469	2036870850	366439
14361474722	685459	38	8	687593	9036453	1788296	7248157	2036958228	366438
14363331692	685459	37	8	687593	9037297	1788401	7248896	2037042386	366438
14364473967	685459	35	8	687593	9038123	1788541	7249582	2037124113	366438
14366100770	685460	37	8	687594	9038998	1788679	7250319	2037211417	366438
14367422410	685463	37	8	687597	9039846	1788803	7251043	2037306676	366437
14368775319	685469	34	8	687603	9040676	1788937	7251739	2037396409	366434
14370149266	685472	32	8	687606	9041481	1789057	7252424	2037480871	366433
14371899262	685473	48	8	687607	9042287	1789166	7253121	2037561232	366432
14373242419	685474	31	8	687608	9043037	1789286	7253751	2037641757	366432
14374511430	685477	38	8	687611	9043852	1789404	7254448	2037741979	366431
14375932950	685480	28	8	687614	9044681	1789519	7255162	2037839572	366430
14377459380	685480	34	8	687614	9045549	1789648	7255901	2037924488	366430
14379183807	685482	35	8	687616	9046388	1789770	7256618	2038009150	366430
14380590215	685489	34	8	687623	9047226	1789913	7257313	2038101616	366429
14381652002	685497	35	8	687631	9048098	1790065	7258033	2038209374	366426
14383383685	685499	33	8	687633	9048954	1790194	7258760	2038299550	366425
14384870251	685501	37	8	687635	9049807	1790324	7259483	2038385821	366425
14386640847	685506	36	8	687640	9050653	1790453	7260200	2038480343	366425
14388313345	685514	32	8	687648	9051501	1790573	7260928	2038572478	366422
14389943199	685517	34	8	687651	9052358	1790696	7261662	2038674451	366420
14391513816	685517	30	8	687651	9053192	1790825	7262367	2038758960	366420
14392958702	685519	40	8	687653	9054033	1790936	7263097	2038845755	366420
14394587718	685520	44	8	687654	9054863	1791046	7263817	2038927315	366420
14395794367	685521	33	8	687655	9055686	1791184	7264502	2039010382	366420
14397242101	685522	33	8	687656	9056513	1791309	7265204	2039094635	366420
14398592260	685528	27	8	687662	9057362	1791455	7265907	2039199638	366419
14400125731	685531	27	8	687665	9058223	1791594	7266629	2039285222	366417
14401746948	685533	33	8	687667	9059053	1791711	7267342	2039377777	366416
14402887574	685533	38	8	687667	9059882	1791818	7268064	2039459184	366416
14404140560	685537	36	8	687671	9060723	1791956	7268767	2039545998	366416
14405641535	685538	37	8	687672	9061568	1792074	7269494	2039630577	366415
14407148100	685540	41	8	687674	9062412	1792203	7270209	2039715356	366414
14408521775	685541	40	8	687675	9063257	1792335	7270922	2039799937	366414
14409874402	685546	38	8	687680	9064090	1792468	7271622	2039892671	366411
14411188199	685554	38	8	687688	9064944	1792603	7272341	2039991428	366410
14412649245	685562	39	8	687696	9065775	1792725	7273050	2040092211	366406
14413968005	685571	34	8	687705	9066582	1792849	7273733	2040192067	366406
14415404522	685571	40	8	687705	9067400	1792971	7274429	2040273176	366406
14417255184	685571	38	8	687705	9068253	1793092	7275161	2040357549	366406
14418789985	685574	40	8	687708	9069112	1793231	7275881	2040448578	366405
14420127733	685574	42	8	687708	9069946	1793362	7276584	2040532289	366405
14421626427	685576	41	8	687710	9070828	1793514	7277314	2040620922	366404
14422842818	685584	36	8	687718	9071683	1793652	7278031	2040713211	366398
14424092350	685584	36	8	687718	9072528	1793776	7278752	2040797415	366398
14425610670	685585	33	8	687719	9073366	1793908	7279458	2040884058	366397
14426802940	685586	41	8	687720	9074198	1794052	7280146	2040969263	366396
14428159071	685591	38	8	687725	9075040	1794173	7280867	2041063157	366395
14429288244	685593	36	8	687727	9075870	1794313	7281557	2041150172	366395
14430731171	685595	37	8	687729	9076682	1794439	7282243	2041240198	366396
14432358807	685597	31	8	687731	9077511	1794553	7282958	2041323775	366396
14433890397	685597	39	8	687731	9078317	1794688	7283629	2041405078	366396
14435351939	685600	35	8	687734	9079183	1794827	7284356	2041496807	366397
14436698239	685608	37	8	687742	9080024	1794966	7285058	2041591379	366395
14438001614	685615	43	8	687749	9080868	1795084	7285784	2041690193	366393
14439311142	685619	38	8	687753	9081697	1795222	7286475	2041781708	366392
14441109568	685621	38	8	687755	9082574	1795355	7287219	2041876030	366392
14442813817	685631	37	8	687765	9083436	1795505	7287931	2041971960	366387
14444102875	685640	37	8	687774	9084313	1795651	7288662	2042074856	366385
14445382987	685640	35	8	687774	9085142	1795765	7289377	2042157800	366385
14446576848	685652	29	8	687786	9085943	1795883	7290060	2042256033	366383
14447930755	685652	39	8	687786	9086744	1796000	7290744	2042337978	366383
14449038598	685659	36	8	687793	9087574	1796124	7291450	2042434155	366381
14450209956	685661	37	8	687795	9088408	1796255	7292153	2042525082	366381
14451354198	685665	36	8	687799	9089263	1796403	7292860	2042615024	366379
14452559612	685666	37	8	687800	9090063	1796529	7293534	2042699499	366378
14454102302	685676	33	8	687810	9090949	1796670	7294279	2042803052	366376
14455377030	685679	44	8	687813	9091742	1796794	7294948	2042891608	366374
14456862610	685682	37	8	687816	9092578	1796930	7295648	2042975019	366371
14458588663	685683	27	8	687817	9093362	1797043	7296319	2043064240	366371
14460032194	685685	31	8	687819	9094188	1797160	7297028	2043150304	366370
14461427613	685689	38	8	687823	9095031	1797292	7297739	2043239983	366368
14462852916	685689	32	8	687823	9095851	1797408	7298443	2043323504	366368
14464451102	685689	31	8	687823	9096722	1797533	7299189	2043408545	366368
14466150367	685694	36	8	687828	9097580	1797672	7299908	2043493637	366368
14467372071	685695	31	8	687829	9098379	1797780	7300599	2043577635	366368
14468804829	685695	29	8	687829	9099192	1797895	7301297	2043659163	366368
14470380285	685698	40	8	687832	9100019	1798036	7301983	2043753705	366368
14471700611	685698	42	8	687832	9100831	1798156	7302675	2043834443	366368
14473154522	685699	37	8	687833	9101641	1798274	7303367	2043919144	366368
14474755298	685703	37	8	687837	9102473	1798399	7304074	2044006489	366368
14476368725	685706	35	8	687840	9103302	1798524	7304778	2044101458	366366
14477749444	685711	34	8	687845	9104104	1798647	7305457	2044192137	366366
14479166704	685712	38	8	687846	9104951	1798773	7306178	2044277949	366365
14480764155	685714	37	8	687848	9105794	1798916	7306878	2044364721	366365
14482272668	685717	36	8	687851	9106653	1799056	7307597	2044453597	366364
14483922243	685721	40	8	687855	9107492	1799174	7308318	2044541602	366363
14485285570	685726	36	8	687860	9108341	1799304	7309037	2044628826	366360
14486871675	685726	36	8	687860	9109190	1799422	7309768	2044712421	366360
14488252733	685728	27	8	687862	9110015	1799549	7310466	2044794466	366360
14489489213	685730	39	8	687864	9110844	1799692	7311152	2044877087	366360
14490786636	685732	36	8	687866	9111676	1799810	7311866	2044971278	366359
14492263339	685739	29	8	687873	9112518	1799950	7312568	2045061368	366356
14493744224	685746	28	8	687880	9113355	1800072	7313283	2045161695	366353
14494999218	685747	32	8	687881	9114144	1800175	7313969	2045240642	366352
14496355872	685752	34	8	687886	9114986	1800306	7314680	2045330781	366351
14497927091	685758	36	8	687892	9115838	1800447	7315391	2045417525	366348
14499011624	685760	31	8	687894	9116677	1800580	7316097	2045504829	366348
14500302586	685761	35	8	687895	9117535	1800716	7316819	2045592781	366348
14501668074	685764	40	8	687898	9118372	1800861	7317511	2045679062	366345
14502980221	685769	38	8	687903	9119154	1800985	7318169	2045764782	366344
14504573618	685787	29	8	687921	9120012	1801130	7318882	2045856441	366340
14505949648	685799	37	8	687933	9120854	1801270	7319584	2045940682	366337
14507362228	685800	39	8	687934	9121704	1801405	7320299	2046026943	366336
14508888747	685801	35	8	687935	9122558	1801548	7321010	2046111985	366335
14510041240	685803	37	8	687937	9123377	1801685	7321692	2046202369	366334
14511732492	685803	34	8	687937	9124202	1801796	7322406	2046284793	366334
14513108033	685805	33	8	687939	9125035	1801932	7323103	2046373464	366333
14514673652	685811	30	8	687945	9125887	1802077	7323810	2046475449	366329
14516351501	685811	34	8	687945	9126718	1802216	7324502	2046557736	366329
14518119738	685832	35	8	687966	9127568	1802342	7325226	2046692059	366326
14519335554	685838	33	8	687972	9128370	1802472	7325898	2046778299	366323
14520856765	685851	39	8	687985	9129202	1802587	7326615	2046906848	366316
14521890751	685890	34	8	688024	9130073	1802768	7327305	2047011965	366308
14523380323	685896	36	8	688030	9130912	1802888	7328024	2047107939	366306
14524761980	685898	41	8	688032	9131746	1803017	7328729	2047197381	366305
14525882706	685903	40	8	688037	9132566	1803144	7329422	2047292034	366304
14527716888	685906	34	8	688040	9133395	1803268	7330127	2047379074	366304
14528909436	685911	33	8	688045	9134251	1803427	7330824	2047467803	366303
14530508030	685917	32	8	688051	9135069	1803548	7331521	2047554563	366303
14532071596	685928	35	8	688062	9135896	1803680	7332216	2047650624	366299
14533290243	685932	37	8	688066	9136724	1803809	7332915	2047741039	366298
14534638518	685949	37	8	688083	9137557	1803959	7333598	2047858530	366296
14536055815	685955	38	8	688089	9138383	1804079	7334304	2047956357	366294
14537555062	685961	35	8	688095	9139237	1804211	7335026	2048050315	366291
14538870342	685965	35	8	688099	9140050	1804340	7335710	2048135532	366290
14540140841	685974	37	8	688108	9140888	1804472	7336416	2048233910	366288
14541856899	685977	42	8	688111	9141720	1804590	7337130	2048329560	366287
14543355517	685985	35	8	688119	9142578	1804745	7337833	2048424334	366286
14544882110	685999	35	8	688133	9143422	1804887	7338535	2048513526	366285
14546497565	686008	36	8	688142	9144267	1805029	7339238	2048607629	366284
14547747932	686013	40	8	688147	9145113	1805160	7339953	2048706684	366284
14548918023	686022	37	8	688156	9145930	1805283	7340647	2048793326	366282
14550600166	686034	40	8	688168	9146808	1805429	7341379	2048908404	366282
14552045207	686046	31	8	688180	9147650	1805567	7342083	2049021717	366280
14553539332	686048	37	8	688182	9148489	1805707	7342782	2049104424	366279
