bytes_written	total_items	curr_connections	threads	cmd_set	cmd_get	get_misses	get_hits	bytes_read
18353897588	672931	15	8	671458	11994041	2088883	9905158	1796148424	386270
18354438232	672931	19	8	671458	11994424	2088936	9905488	1796168344	386270
18355226859	672931	20	8	671458	11994836	2088984	9905852	1796189286	386270
18355955076	672931	22	8	671458	11995235	2089040	9906195	1796209910	386270
18356619892	672931	19	8	671458	11995632	2089092	9906540	1796230344	386270
18357303003	672931	19	8	671458	11996032	2089148	9906884	1796251036	386270
18358064047	672931	18	8	671458	11996462	2089213	9907249	1796273106	386270
18358651674	672931	17	8	671458	11996849	2089261	9907588	1796292960	386270
18359366453	672932	18	8	671459	11997235	2089308	9907927	1796312944	386269
18360202962	672932	20	8	671459	11997636	2089366	9908270	1796333790	386269
18360810831	672932	18	8	671459	11998038	2089426	9908612	1796354472	386269
18361354257	672932	17	8	671459	11998430	2089476	9908954	1796374738	386269
18361917810	672932	19	8	671459	11998813	2089529	9909284	1796394666	386269
18362582817	672932	20	8	671459	11999218	2089576	9909642	1796415319	386269
18363188063	672932	19	8	671459	11999623	2089634	9909989	1796436207	386269
18363805500	672932	17	8	671459	11999992	2089679	9910313	1796455330	386269
18364568028	672932	20	8	671459	12000388	2089730	9910658	1796475767	386269
18365073919	672932	21	8	671459	12000792	2089789	9911003	1796496573	386269
18365789959	672932	21	8	671459	12001196	2089855	9911341	1796517589	386269
18366369669	672932	17	8	671459	12001585	2089901	9911684	1796537538	386269
18366917412	672932	19	8	671459	12001992	2089964	9912028	1796558628	386269
18367705390	672933	20	8	671460	12002419	2090023	9912396	1796641383	386268
18368368734	672933	19	8	671460	12002823	2090083	9912740	1796661968	386268
18369152694	672933	19	8	671460	12003225	2090137	9913088	1796682841	386268
18369721735	672933	19	8	671460	12003628	2090192	9913436	1796703575	386268
18370487747	672933	18	8	671460	12004032	2090253	9913779	1796724535	386268
18370939288	672933	20	8	671460	12004434	2090313	9914121	1796745417	386268
18371423708	672933	20	8	671460	12004804	2090366	9914438	1796764460	386268
18372078863	672933	20	8	671460	12005216	2090429	9914787	1796785905	386268
18372619522	672933	17	8	671460	12005624	2090501	9915123	1796807197	386268
18373170524	672933	17	8	671460	12006012	2090552	9915460	1796827324	386268
18373729295	672933	19	8	671460	12006418	2090606	9915812	1796848140	386268
18374446298	672933	21	8	671460	12006821	2090664	9916157	1796869074	386268
18375120257	672933	16	8	671460	12007207	2090710	9916497	1796889007	386268
18375881733	672934	17	8	671461	12007606	2090754	9916852	1796909226	386267
18376663012	672934	19	8	671461	12008015	2090807	9917208	1796930317	386267
18377225091	672934	18	8	671461	12008419	2090865	9917554	1796951130	386267
18377873273	672934	18	8	671461	12008816	2090923	9917893	1796971545	386267
18378433457	672934	18	8	671461	12009221	2090978	9918243	1796992413	386267
18379080963	672934	18	8	671461	12009618	2091029	9918589	1797012818	386267
18379594664	672934	21	8	671461	12009997	2091076	9918921	1797032548	386267
18380203377	672934	18	8	671461	12010413	2091147	9919266	1797054041	386267
18380728901	672934	16	8	671461	12010812	2091208	9919604	1797074731	386267
18381401023	672934	20	8	671461	12011218	2091258	9919960	1797095580	386267
18381895121	672935	18	8	671462	12011616	2091323	9920293	1797116343	386266
18382613066	672935	20	8	671462	12012034	2091372	9920662	1797137565	386266
18383106140	672935	19	8	671462	12012400	2091412	9920988	1797156463	386266
18383779938	672935	17	8	671462	12012797	2091468	9921329	1797176896	386266
18384590003	672935	18	8	671462	12013200	2091531	9921669	1797197731	386266
18385136991	672935	19	8	671462	12013593	2091584	9922009	1797218017	386266
18385739019	672935	17	8	671462	12013974	2091633	9922341	1797237689	386266
18386332991	672935	17	8	671462	12014365	2091683	9922682	1797257832	386266
18387207045	672935	19	8	671462	12014771	2091733	9923038	1797278631	386266
18387966917	672935	21	8	671462	12015161	2091790	9923371	1797298914	386266
18388524180	672935	21	8	671462	12015557	2091846	9923711	1797319431	386266
18389155950	672936	16	8	671463	12015962	2091908	9924054	1797340171	386265
18389880408	672936	19	8	671463	12016363	2091958	9924405	1797360910	386265
18390608755	672936	20	8	671463	12016769	2092021	9924748	1797381864	386265
18391267829	672937	19	8	671464	12017167	2092075	9925092	1797402331	386264
18391940443	672937	16	8	671464	12017574	2092131	9925443	1797423434	386264
18392424652	672937	15	8	671464	12017969	2092181	9925788	1797443706	386264
18393194044	672937	21	8	671464	12018384	2092242	9926142	1797465172	386264
18393863578	672937	19	8	671464	12018777	2092299	9926478	1797485578	386264
18394504556	672937	18	8	671464	12019172	2092348	9926824	1797505765	386264
18395219117	672937	18	8	671464	12019571	2092412	9927159	1797526565	386264
18395876734	672937	19	8	671464	12019975	2092463	9927512	1797547372	386264
18396571120	672938	20	8	671465	12020383	2092527	9927856	1797568631	386263
18397227364	672938	19	8	671465	12020787	2092591	9928196	1797589498	386263
18397729798	672938	20	8	671465	12021164	2092640	9928524	1797608975	386263
18398357016	672938	19	8	671465	12021577	2092700	9928877	1797630431	386263
18399016259	672938	18	8	671465	12021984	2092764	9929220	1797651474	386263
18399579538	672938	21	8	671465	12022371	2092822	9929549	1797671643	386263
18400186864	672938	19	8	671465	12022772	2092883	9929889	1797692333	386263
18400895073	672938	17	8	671465	12023201	2092945	9930256	1797714284	386263
18401628510	672938	16	8	671465	12023602	2093006	9930596	1797734970	386263
18402115786	672938	17	8	671465	12024003	2093059	9930944	1797755643	386263
18402811574	672938	22	8	671465	12024417	2093131	9931286	1797777314	386263
18403601279	672938	18	8	671465	12024826	2093184	9931642	1797798359	386263
18404603629	672938	17	8	671465	12025218	2093228	9931990	1797818511	386263
18405156028	672938	19	8	671465	12025625	2093280	9932345	1797839374	386263
18405897812	672938	22	8	671465	12026042	2093329	9932713	1797860706	386263
18406735055	672938	18	8	671465	12026414	2093378	9933036	1797879928	386263
18407468376	672938	18	8	671465	12026824	2093443	9933381	1797901139	386263
18408277781	672938	19	8	671465	12027227	2093500	9933727	1797921944	386263
18408765655	672938	20	8	671465	12027647	2093558	9934089	1797943537	386263
18409400585	672938	16	8	671465	12028029	2093613	9934416	1797963286	386263
18410057221	672938	21	8	671465	12028442	2093675	9934767	1797984544	386263
18410674903	672938	18	8	671465	12028844	2093728	9935116	1798005408	386263
18411192125	672938	18	8	671465	12029253	2093790	9935463	1798026465	386263
18411675611	672938	18	8	671465	12029635	2093842	9935793	1798046246	386263
18412419882	672938	20	8	671465	12030045	2093893	9936152	1798067187	386263
18413086799	672938	19	8	671465	12030420	2093935	9936485	1798086602	386263
18413967130	672938	19	8	671465	12030827	2093989	9936838	1798107402	386263
18414756401	672938	20	8	671465	12031214	2094032	9937182	1798127285	386263
18415311178	672938	20	8	671465	12031607	2094088	9937519	1798147572	386263
18415951643	672938	19	8	671465	12032001	2094145	9937856	1798168105	386263
18416462094	672938	18	8	671465	12032386	2094200	9938186	1798188000	386263
18417178969	672938	18	8	671465	12032807	2094267	9938540	1798209722	386263
18418011424	672938	16	8	671465	12033210	2094316	9938894	1798230366	386263
18418615533	672938	19	8	671465	12033616	2094375	9939241	1798251352	386263
18419312325	672938	21	8	671465	12034024	2094439	9939585	1798272386	386263
18419990311	672938	17	8	671465	12034410	2094489	9939921	1798292393	386263
18420598211	672938	15	8	671465	12034796	2094542	9940254	1798312427	386263
18421254599	672939	15	8	671466	12035175	2094598	9940577	1798332032	386262
18422034063	672939	22	8	671466	12035593	2094645	9940948	1798353334	386262
18422772768	672939	19	8	671466	12036018	2094713	9941305	1798375207	386262
18423503703	672939	18	8	671466	12036419	2094768	9941651	1798395957	386262
18424207107	672939	18	8	671466	12036803	2094813	9941990	1798415719	386262
18424864282	672939	20	8	671466	12037209	2094874	9942335	1798436802	386262
18425601148	672939	19	8	671466	12037603	2094928	9942675	1798456910	386262
18426237018	672939	19	8	671466	12038013	2094990	9943023	1798478179	386262
18426813726	672939	19	8	671466	12038411	2095048	9943363	1798498854	386262
18427300408	672939	20	8	671466	12038802	2095095	9943707	1798518863	386262
18427875135	672939	21	8	671466	12039209	2095155	9944054	1798539999	386262
18428537906	672939	18	8	671466	12039607	2095215	9944392	1798560516	386262
18429335959	672939	19	8	671466	12039997	2095262	9944735	1798580711	386262
18429958964	672939	20	8	671466	12040396	2095330	9945066	1798601531	386262
18430463729	672939	20	8	671466	12040792	2095387	9945405	1798621902	386262
18430929971	672939	14	8	671466	12041180	2095438	9945742	1798641958	386262
18431662907	672939	18	8	671466	12041586	2095496	9946090	1798662886	386262
18432246285	672939	19	8	671466	12041987	2095548	9946439	1798683584	386262
18433205602	672939	18	8	671466	12042393	2095604	9946789	1798704401	386262
18433806126	672939	17	8	671466	12042776	2095652	9947124	1798724180	386262
18434556445	672939	19	8	671466	12043179	2095716	9947463	1798745084	386262
18435241346	672939	19	8	671466	12043590	2095770	9947820	1798766152	386262
18435885794	672939	17	8	671466	12043994	2095833	9948161	1798787156	386262
18436563025	672939	14	8	671466	12044366	2095879	9948487	1798806446	386262
18437403860	672939	19	8	671466	12044781	2095939	9948842	1798827734	386262
18438289321	672939	16	8	671466	12045178	2095981	9949197	1798848135	386262
18438863213	672939	22	8	671466	12045560	2096031	9949529	1798867835	386262
18439300328	672939	21	8	671466	12045954	2096082	9949872	1798888042	386262
18439868648	672940	19	8	671467	12046341	2096133	9950208	1798908096	386261
18440353039	672940	18	8	671467	12046726	2096183	9950543	1798928061	386261
18440961174	672940	19	8	671467	12047103	2096227	9950876	1798947510	386261
18441830461	672940	22	8	671467	12047509	2096280	9951229	1798968224	386261
18442361082	672940	18	8	671467	12047897	2096330	9951567	1798988378	386261
18443040190	672940	21	8	671467	12048298	2096383	9951915	1799008911	386261
18443703523	672940	21	8	671467	12048702	2096435	9952267	1799029826	386261
18444118440	672940	17	8	671467	12049097	2096491	9952606	1799050260	386261
18444829196	672941	16	8	671468	12049494	2096547	9952947	1799070627	386260
18445664166	672941	21	8	671468	12049903	2096601	9953302	1799091787	386260
18446383709	672941	16	8	671468	12050301	2096651	9953650	1799112369	386260
18446956208	672941	16	8	671468	12050701	2096720	9953981	1799133107	386260
18447717398	672941	18	8	671468	12051090	2096770	9954320	1799153228	386260
18448453164	672941	20	8	671468	12051518	2096839	9954679	1799175235	386260
18449172677	672941	16	8	671468	12051909	2096891	9955018	1799195493	386260
18449689468	672941	18	8	671468	12052312	2096945	9955367	1799216223	386260
18450405855	672941	20	8	671468	12052730	2097014	9955716	1799238022	386260
18451024555	672941	20	8	671468	12053131	2097069	9956062	1799258662	386260
18451490662	672941	18	8	671468	12053527	2097128	9956399	1799279211	386260
18452264467	672941	16	8	671468	12053929	2097180	9956749	1799299819	386260
18452833020	672941	20	8	671468	12054322	2097230	9957092	1799320125	386260
18453260622	672941	18	8	671468	12054725	2097284	9957441	1799340828	386260
18453681750	672942	17	8	671469	12055108	2097338	9957770	1799360754	386259
18454260990	672942	16	8	671469	12055505	2097399	9958106	1799381360	386259
18454968983	672942	17	8	671469	12055917	2097450	9958467	1799402548	386259
18455677922	672942	17	8	671469	12056322	2097505	9958817	1799423462	386259
18456375997	672942	16	8	671469	12056717	2097562	9959155	1799443970	386259
18456889684	672942	20	8	671469	12057115	2097615	9959500	1799464599	386259
18457436844	672942	16	8	671469	12057508	2097674	9959834	1799484906	386259
18458181870	672942	19	8	671469	12057906	2097723	9960183	1799505396	386259
18458852523	672942	21	8	671469	12058312	2097784	9960528	1799526325	386259
18459316005	672942	18	8	671469	12058713	2097836	9960877	1799547085	386259
18460111331	672943	15	8	671470	12059097	2097889	9961208	1799566905	386258
18460851059	672943	20	8	671470	12059526	2097956	9961570	1799589020	386258
18461560759	672943	19	8	671470	12059916	2098003	9961913	1799608965	386258
18462519435	672943	20	8	671470	12060325	2098055	9962270	1799629910	386258
18463285051	672943	18	8	671470	12060714	2098111	9962603	1799650192	386258
18464124482	672943	18	8	671470	12061130	2098166	9962964	1799671609	386258
18464953195	672943	16	8	671470	12061559	2098237	9963322	1799693808	386258
18465512745	672943	17	8	671470	12061954	2098293	9963661	1799714046	386258
18466386961	672943	22	8	671470	12062363	2098347	9964016	1799735032	386258
18466986604	672943	15	8	671470	12062770	2098399	9964371	1799755939	386258
18467756960	672943	17	8	671470	12063178	2098448	9964730	1799776827	386258
18468511085	672943	19	8	671470	12063574	2098508	9965066	1799797293	386258
18469154823	672943	23	8	671470	12064003	2098572	9965431	1799819376	386258
18469858734	672943	15	8	671470	12064390	2098626	9965764	1799839437	386258
18470382224	672943	17	8	671470	12064785	2098683	9966102	1799859770	386258
18470929326	672943	21	8	671470	12065199	2098749	9966450	1799881130	386258
18471683946	672943	20	8	671470	12065607	2098798	9966809	1799902194	386258
18472360389	672943	16	8	671470	12066006	2098860	9967146	1799922828	386258
18472868534	672943	22	8	671470	12066414	2098919	9967495	1799943668	386258
18473546506	672943	20	8	671470	12066817	2098979	9967838	1799964731	386258
18474116751	672943	16	8	671470	12067208	2099037	9968171	1799984988	386258
18474625528	672943	18	8	671470	12067574	2099091	9968483	1800004060	386258
18475129620	672943	19	8	671470	12067950	2099145	9968805	1800023425	386258
18475725829	672943	15	8	671470	12068345	2099200	9969145	1800043769	386258
18476443611	672943	19	8	671470	12068727	2099252	9969475	1800063344	386258
18477176208	672943	20	8	671470	12069116	2099309	9969807	1800083503	386258
18477852437	672943	18	8	671470	12069486	2099339	9970147	1800102272	386258
18478582494	672943	18	8	671470	12069875	2099394	9970481	1800122389	386258
18479108449	672943	20	8	671470	12070259	2099448	9970811	1800142157	386258
18479725014	672943	18	8	671470	12070630	2099508	9971122	1800161382	386258
18480000068	672943	17	8	671470	12071000	2099567	9971433	1800180497	386258
18480592605	672943	19	8	671470	12071378	2099617	9971761	1800200149	386258
18481065064	672943	18	8	671470	12071737	2099657	9972080	1800218709	386258
18481644805	672943	18	8	671470	12072105	2099705	9972400	1800237662	386258
18482398371	672943	21	8	671470	12072488	2099760	9972728	1800257508	386258
18483153950	672943	14	8	671470	12072864	2099800	9973064	1800276740	386258
18483875755	672943	16	8	671470	12073257	2099852	9973405	1800296843	386258
18484416504	672943	18	8	671470	12073646	2099908	9973738	1800316846	386258
18484891218	672943	21	8	671470	12074039	2099964	9974075	1800337186	386258
18485394088	672943	17	8	671470	12074399	2100007	9974392	1800355494	386258
18486013441	672943	20	8	671470	12074783	2100063	9974720	1800375365	386258
18486582252	672943	20	8	671470	12075176	2100116	9975060	1800395529	386258
18487305273	672943	19	8	671470	12075565	2100172	9975393	1800415669	386258
18487907370	672943	17	8	671470	12075925	2100214	9975711	1800434103	386258
18488434807	672943	21	8	671470	12076310	2100268	9976042	1800453915	386258
18489159102	672943	17	8	671470	12076712	2100314	9976398	1800474237	386258
18489733207	672943	16	8	671470	12077106	2100377	9976729	1800494543	386258
18490251050	672943	16	8	671470	12077483	2100425	9977058	1800513929	386258
18491003525	672943	20	8	671470	12077873	2100473	9977400	1800533849	386258
18491493066	672943	18	8	671470	12078245	2100531	9977714	1800553165	386258
18492247564	672943	18	8	671470	12078628	2100581	9978047	1800572894	386258
18493218085	672943	17	8	671470	12079013	2100631	9978382	1800592669	386258
18493839897	672943	18	8	671470	12079394	2100684	9978710	1800612431	386258
18494390708	672943	19	8	671470	12079773	2100727	9979046	1800631650	386258
18494936176	672943	21	8	671470	12080141	2100774	9979367	1800650586	386258
18495651391	672943	20	8	671470	12080529	2100823	9979706	1800670660	386258
18496398070	672943	16	8	671470	12080916	2100868	9980048	1800690411	386258
18496988917	672943	20	8	671470	12081302	2100931	9980371	1800710506	386258
18497587802	672943	22	8	671470	12081681	2100978	9980703	1800730031	386258
18498200265	672943	18	8	671470	12082031	2101023	9981008	1800748207	386258
18498807030	672943	16	8	671470	12082402	2101073	9981329	1800767264	386258
18499574771	672943	16	8	671470	12082757	2101124	9981633	1800785744	386258
18500287815	672943	24	8	671470	12083166	2101189	9981977	1800806960	386258
18500962247	672943	17	8	671470	12083540	2101239	9982301	1800826220	386258
18501601375	672943	15	8	671470	12083892	2101278	9982614	1800844381	386258
18502251620	672943	19	8	671470	12084282	2101325	9982957	1800864368	386258
18502830515	672943	19	8	671470	12084660	2101374	9983286	1800883805	386258
18503387739	672943	16	8	671470	12085029	2101430	9983599	1800902947	386258
18503928881	672943	17	8	671470	12085391	2101481	9983910	1800921630	386258
18504517070	672943	18	8	671470	12085786	2101544	9984242	1800942177	386258
18504925891	672943	16	8	671470	12086169	2101599	9984570	1800961988	386258
18505534434	672943	16	8	671470	12086529	2101647	9984882	1800980423	386258
18506078839	672943	20	8	671470	12086912	2101704	9985208	1801000292	386258
18506616644	672943	19	8	671470	12087298	2101756	9985542	1801020217	386258
18507082642	672943	17	8	671470	12087667	2101796	9985871	1801039184	386258
18507574085	672943	16	8	671470	12088021	2101848	9986173	1801057588	386258
18508153486	672943	21	8	671470	12088402	2101910	9986492	1801077236	386258
18508819242	672943	19	8	671470	12088783	2101966	9986817	1801097139	386258
18509644823	672943	15	8	671470	12089159	2102018	9987141	1801116577	386258
18510359674	672943	18	8	671470	12089537	2102073	9987464	1801135993	386258
18511167857	672943	20	8	671470	12089939	2102123	9987816	1801156485	386258
18511870709	672943	16	8	671470	12090315	2102170	9988145	1801176018	386258
18512480684	672943	15	8	671470	12090686	2102210	9988476	1801195119	386258
18513384989	672943	19	8	671470	12091068	2102261	9988807	1801214756	386258
18513973013	672943	22	8	671470	12091457	2102319	9989138	1801234932	386258
18514405575	672943	18	8	671470	12091816	2102368	9989448	1801253510	386258
18514997449	672943	15	8	671470	12092178	2102421	9989757	1801272381	386258
18515397325	672943	17	8	671470	12092549	2102476	9990073	1801291578	386258
18516017175	672943	21	8	671470	12092933	2102528	9990405	1801311496	386258
18516573633	672943	18	8	671470	12093297	2102573	9990724	1801330226	386258
18517216069	672943	16	8	671470	12093670	2102633	9991037	1801349697	386258
18518032858	672943	19	8	671470	12094051	2102683	9991368	1801369410	386258
18518753783	672943	18	8	671470	12094434	2102738	9991696	1801389190	386258
18519194127	672943	15	8	671470	12094799	2102790	9992009	1801408143	386258
18519672547	672943	17	8	671470	12095175	2102834	9992341	1801427476	386258
18520269733	672943	19	8	671470	12095564	2102892	9992672	1801447428	386258
18520976183	672943	21	8	671470	12095956	2102951	9993005	1801467851	386258
18521422099	672943	21	8	671470	12096331	2103010	9993321	1801486986	386258
18521895121	672943	19	8	671470	12096704	2103067	9993637	1801506488	386258
18522388660	672943	19	8	671470	12097099	2103137	9993962	1801527103	386258
18523072773	672943	19	8	671470	12097500	2103196	9994304	1801547558	386258
18523798351	672943	21	8	671470	12097880	2103254	9994626	1801567276	386258
18524326348	672943	18	8	671470	12098260	2103306	9994954	1801586833	386258
18524937022	672943	15	8	671470	12098631	2103348	9995283	1801605889	386258
18525668568	672943	16	8	671470	12099003	2103398	9995605	1801624986	386258
18526438005	672943	23	8	671470	12099408	2103455	9995953	1801645804	386258
18527126637	672943	19	8	671470	12099790	2103505	9996285	1801665470	386258
18527566300	672943	15	8	671470	12100164	2103565	9996599	1801684930	386258
18528175718	672943	17	8	671470	12100541	2103609	9996932	1801704304	386258
18528865451	672943	18	8	671470	12100938	2103665	9997273	1801724771	386258
18529353813	672943	17	8	671470	12101318	2103717	9997601	1801744269	386258
18530127324	672943	20	8	671470	12101711	2103777	9997934	1801764641	386258
18530811795	672943	19	8	671470	12102111	2103833	9998278	1801785193	386258
18531343747	672943	17	8	671470	12102483	2103886	9998597	1801804332	386258
18531891608	672943	19	8	671470	12102874	2103944	9998930	1801824484	386258
18532540906	672943	18	8	671470	12103250	2103999	9999251	1801843986	386258
18533149094	672943	17	8	671470	12103621	2104044	9999577	1801863026	386258
18533697464	672943	21	8	671470	12104009	2104102	9999907	1801883121	386258
18534348799	672943	17	8	671470	12104402	2104160	10000242	1801903470	386258
18535097847	672943	17	8	671470	12104798	2104214	10000584	1801923700	386258
18535832392	672943	20	8	671470	12105160	2104258	10000902	1801942422	386258
18536718219	672943	19	8	671470	12105549	2104312	10001237	1801962399	386258
18537324951	672943	15	8	671470	12105901	2104361	10001540	1801980844	386258
18538138201	672943	19	8	671470	12106297	2104400	10001897	1802000878	386258
18538890631	672943	20	8	671470	12106691	2104455	10002236	1802021231	386258
18539471378	672943	16	8	671470	12107047	2104499	10002548	1802039600	386258
18539937568	672943	20	8	671470	12107416	2104548	10002868	1802058533	386258
18540560263	672943	21	8	671470	12107802	2104600	10003202	1802078520	386258
18541275169	672943	18	8	671470	12108180	2104649	10003531	1802098058	386258
18541843407	672943	18	8	671470	12108547	2104689	10003858	1802116718	386258
18542485055	672943	22	8	671470	12108937	2104740	10004197	1802136767	386258
18543168615	672943	17	8	671470	12109315	2104788	10004527	1802156215	386258
18543803946	672943	17	8	671470	12109688	2104837	10004851	1802175437	386258
18544327573	672943	17	8	671470	12110048	2104888	10005160	1802194218	386258
18544897771	672943	21	8	671470	12110435	2104932	10005503	1802213965	386258
18545521654	672943	16	8	671470	12110815	2104988	10005827	1802233634	386258
18546098310	672943	15	8	671470	12111206	2105051	10006155	1802253845	386258
18546833553	672943	19	8	671470	12111599	2105107	10006492	1802274020	386258
18547498397	672943	19	8	671470	12112007	2105161	10006846	1802294896	386258
18548009716	672943	18	8	671470	12112370	2105207	10007163	1802313580	386258
18548472860	672943	21	8	671470	12112742	2105260	10007482	1802332836	386258
18549162941	672943	21	8	671470	12113123	2105309	10007814	1802352544	386258
18549993279	672943	16	8	671470	12113525	2105360	10008165	1802372996	386258
18550643280	672943	18	8	671470	12113904	2105408	10008496	1802392382	386258
18551177885	672943	20	8	671470	12114274	2105454	10008820	1802411483	386258
18551772986	672943	21	8	671470	12114664	2105509	10009155	1802431595	386258
18552164187	672943	16	8	671470	12115024	2105556	10009468	1802450204	386258
18552678043	672943	18	8	671470	12115399	2105610	10009789	1802469541	386258
18553111670	672943	20	8	671470	12115798	2105674	10010124	1802490073	386258
18553775999	672943	20	8	671470	12116182	2105732	10010450	1802510006	386258
18554545339	672943	17	8	671470	12116568	2105793	10010775	1802529978	386258
18555282307	672943	18	8	671470	12116951	2105845	10011106	1802549656	386258
18555869005	672943	21	8	671470	12117332	2105898	10011434	1802569210	386258
18556275785	672943	20	8	671470	12117695	2105945	10011750	1802588083	386258
18556929872	672943	17	8	671470	12118076	2105990	10012086	1802607522	386258
18557553175	672943	18	8	671470	12118444	2106037	10012407	1802626546	386258
18558301795	672943	16	8	671470	12118845	2106089	10012756	1802647014	386258
18558917528	672943	20	8	671470	12119211	2106129	10013082	1802665813	386258
18559500961	672943	20	8	671470	12119586	2106183	10013403	1802685165	386258
18560364138	672943	19	8	671470	12119964	2106240	10013724	1802704811	386258
18560883121	672943	17	8	671470	12120325	2106286	10014039	1802723502	386258
18561586472	672943	19	8	671470	12120723	2106338	10014385	1802743887	386258
18562287904	672943	16	8	671470	12121099	2106391	10014708	1802763339	386258
18562781338	672943	19	8	671470	12121470	2106433	10015037	1802782358	386258
18563381985	672943	20	8	671470	12121872	2106494	10015378	1802802992	386258
18563865084	672943	19	8	671470	12122246	2106545	10015701	1802822321	386258
18564335996	672943	20	8	671470	12122635	2106601	10016034	1802842327	386258
18564848246	672943	21	8	671470	12123016	2106662	10016354	1802862143	386258
18565810188	672943	17	8	671470	12123420	2106718	10016702	1802882847	386258
18566197812	672943	18	8	671470	12123798	2106771	10017027	1802902284	386258
18567030786	672943	22	8	671470	12124205	2106827	10017378	1802923033	386258
18567874024	672943	19	8	671470	12124587	2106874	10017713	1802942767	386258
18568445184	672943	16	8	671470	12124956	2106928	10018028	1802961847	386258
18569082212	672943	19	8	671470	12125354	2106992	10018362	1802982461	386258
18569795042	672943	19	8	671470	12125743	2107042	10018701	1803002464	386258
18570496069	672943	18	8	671470	12126127	2107099	10019028	1803022256	386258
18571217602	672943	17	8	671470	12126497	2107147	10019350	1803041258	386258
18571881906	672943	19	8	671470	12126870	2107202	10019668	1803060667	386258
18572344227	672943	18	8	671470	12127245	2107253	10019992	1803080038	386258
18573009524	672943	17	8	671470	12127633	2107316	10020317	1803100182	386258
18573549305	672943	18	8	671470	12128006	2107365	10020641	1803119495	386258
18574320626	672943	18	8	671470	12128393	2107426	10020967	1803139609	386258
18574678002	672943	16	8	671470	12128754	2107480	10021274	1803158141	386258
18575265195	672943	21	8	671470	12129122	2107520	10021602	1803177171	386258
18575781090	672943	17	8	671470	12129494	2107575	10021919	1803196407	386258
18576395863	672943	16	8	671470	12129877	2107635	10022242	1803216188	386258
18577156873	672943	20	8	671470	12130263	2107695	10022568	1803236240	386258
18577839172	672943	21	8	671470	12130671	2107748	10022923	1803257076	386258
18578496907	672943	18	8	671470	12131045	2107805	10023240	1803276433	386258
18579122635	672943	17	8	671470	12131419	2107849	10023570	1803295727	386258
18579743981	672943	21	8	671470	12131801	2107901	10023900	1803315253	386258
18580311118	672943	21	8	671470	12132180	2107948	10024232	1803334789	386258
18581041075	672943	14	8	671470	12132543	2108001	10024542	1803353606	386258
18581567568	672943	16	8	671470	12132915	2108048	10024867	1803372835	386258
18582106236	672943	19	8	671470	12133286	2108099	10025187	1803391987	386258
18582818682	672943	20	8	671470	12133679	2108148	10025531	1803412117	386258
18583407946	672943	15	8	671470	12134045	2108199	10025846	1803431134	386258
18584075250	672943	16	8	671470	12134406	2108239	10026167	1803449701	386258
18584730901	672943	18	8	671470	12134801	2108299	10026502	1803470097	386258
18585460027	672943	18	8	671470	12135170	2108344	10026826	1803489217	386258
18586047861	672943	20	8	671470	12135537	2108389	10027148	1803508162	386258
18586643639	672943	19	8	671470	12135914	2108439	10027475	1803527488	386258
18587298797	672943	22	8	671470	12136285	2108487	10027798	1803546614	386258
18587858354	672943	18	8	671470	12136683	2108547	10028136	1803567208	386258
18588425551	672943	17	8	671470	12137059	2108596	10028463	1803586473	386258
18589138737	672943	21	8	671470	12137431	2108643	10028788	1803605624	386258
18589798713	672943	18	8	671470	12137826	2108705	10029121	1803626133	386258
18590417416	672944	18	8	671471	12138203	2108754	10029449	1803645409	386257
18591308672	672944	21	8	671471	12138589	2108812	10029777	1803665276	386257
18592000229	672944	18	8	671471	12138984	2108865	10030119	1803685711	386257
18592570501	672944	16	8	671471	12139358	2108914	10030444	1803704967	386257
18593126578	672944	18	8	671471	12139742	2108966	10030776	1803724666	386257
18593841015	672944	21	8	671471	12140131	2109019	10031112	1803744693	386257
18594352915	672944	17	8	671471	12140502	2109071	10031431	1803763984	386257
18594970695	672944	16	8	671471	12140875	2109119	10031756	1803783096	386257
18595729247	672944	16	8	671471	12141257	2109169	10032088	1803802817	386257
18596200412	672944	19	8	671471	12141655	2109234	10032421	1803823461	386257
18596888482	672944	16	8	671471	12142030	2109285	10032745	1803842782	386257
18597534771	672944	15	8	671471	12142402	2109338	10033064	1803862117	386257
18597935286	672944	18	8	671471	12142780	2109391	10033389	1803881594	386257
18598473540	672944	18	8	671471	12143156	2109445	10033711	1803901037	386257
18599094123	672944	17	8	671471	12143527	2109496	10034031	1803920160	386257
18599791021	672944	20	8	671471	12143910	2109549	10034361	1803939934	386257
18600221046	672944	18	8	671471	12144288	2109594	10034694	1803959353	386257
18600836113	672944	18	8	671471	12144675	2109652	10035023	1803979295	386257
18601339079	672944	20	8	671471	12145046	2109701	10035345	1803998388	386257
18602052899	672944	21	8	671471	12145433	2109762	10035671	1804018485	386257
18602624282	672944	19	8	671471	12145810	2109814	10035996	1804037947	386257
18603186522	672944	17	8	671471	12146176	2109861	10036315	1804056788	386257
18603858070	672944	18	8	671471	12146575	2109909	10036666	1804077247	386257
18604707665	672944	18	8	671471	12146961	2109957	10037004	1804096979	386257
18605251386	672944	17	8	671471	12147330	2110009	10037321	1804115990	386257
18605864501	672944	18	8	671471	12147706	2110065	10037641	1804135633	386257
18606681290	672944	22	8	671471	12148095	2110119	10037976	1804155529	386257
18607216555	672944	18	8	671471	12148466	2110160	10038306	1804174655	386257
18607885095	672944	16	8	671471	12148836	2110214	10038622	1804193839	386257
18608393709	672944	19	8	671471	12149209	2110266	10038943	1804213006	386257
18608769377	672944	18	8	671471	12149599	2110328	10039271	1804233263	386257
18609363612	672944	15	8	671471	12149969	2110375	10039594	1804252276	386257
18609894712	672944	17	8	671471	12150339	2110428	10039911	1804271423	386257
18610543428	672944	17	8	671471	12150713	2110477	10040236	1804290572	386257
18611107016	672944	18	8	671471	12151087	2110532	10040555	1804310051	386257
18611696893	672944	18	8	671471	12151468	2110592	10040876	1804329898	386257
18612313837	672944	20	8	671471	12151856	2110642	10041214	1804349820	386257
18612815911	672944	22	8	671471	12152232	2110691	10041541	1804368989	386257
18613506825	672944	17	8	671471	12152618	2110745	10041873	1804388910	386257
18614168106	672944	17	8	671471	12152991	2110800	10042191	1804408149	386257
18614959326	672944	19	8	671471	12153378	2110851	10042527	1804427996	386257
18615613923	672944	21	8	671471	12153782	2110909	10042873	1804448611	386257
18616142422	672944	15	8	671471	12154142	2110953	10043189	1804467309	386257
18616540867	672944	20	8	671471	12154513	2111010	10043503	1804486553	386257
18616999408	672945	19	8	671472	12154896	2111067	10043829	1804506641	386256
18617584870	672945	17	8	671472	12155289	2111127	10044162	1804526872	386256
18618068477	672945	15	8	671472	12155684	2111198	10044486	1804547470	386256
18618668719	672945	18	8	671472	12156074	2111252	10044822	1804567608	386256
18619215830	672945	18	8	671472	12156454	2111303	10045151	1804587335	386256
18620014829	672945	16	8	671472	12156831	2111353	10045478	1804606647	386256
18620762773	672945	14	8	671472	12157215	2111412	10045803	1804626440	386256
18621263612	672945	18	8	671472	12157575	2111453	10046122	1804645122	386256
18621995334	672945	20	8	671472	12157966	2111507	10046459	1804665104	386256
18622611855	672945	18	8	671472	12158350	2111548	10046802	1804684820	386256
18623300724	672945	17	8	671472	12158726	2111602	10047124	1804704129	386256
18623935240	672945	20	8	671472	12159131	2111660	10047471	1804724930	386256
18624674161	672945	18	8	671472	12159512	2111711	10047801	1804744551	386256
18625204817	672945	16	8	671472	12159870	2111766	10048104	1804763188	386256
18626092829	672945	17	8	671472	12160240	2111815	10048425	1804782276	386256
18626778315	672945	19	8	671472	12160630	2111872	10048758	1804802383	386256
18627283497	672945	15	8	671472	12161002	2111920	10049082	1804821545	386256
18627934538	672945	19	8	671472	12161396	2111982	10049414	1804841830	386256
18628462971	672945	19	8	671472	12161764	2112031	10049733	1804860813	386256
18629078597	672945	18	8	671472	12162155	2112085	10050070	1804880882	386256
18629623393	672945	19	8	671472	12162537	2112141	10050396	1804900699	386256
18630300088	672945	18	8	671472	12162935	2112195	10050740	1804920957	386256
18630894759	672945	19	8	671472	12163312	2112248	10051064	1804940411	386256
18631752918	672945	21	8	671472	12163692	2112301	10051391	1804959905	386256
18632275194	672945	18	8	671472	12164049	2112341	10051708	1804978400	386256
18632812226	672945	18	8	671472	12164422	2112389	10052033	1804997692	386256
18633512902	672945	18	8	671472	12164814	2112442	10052372	1805017719	386256
18634115445	672945	18	8	671472	12165195	2112493	10052702	1805037443	386256
18634674226	672945	18	8	671472	12165564	2112543	10053021	1805056538	386256
18635175124	672947	16	8	671474	12165939	2112596	10053343	1805099955	386254
18635743216	672947	19	8	671474	12166320	2112642	10053678	1805119504	386254
18636763199	672947	17	8	671474	12166719	2112700	10054019	1805139930	386254
18637249040	672949	19	8	671476	12167106	2112754	10054352	1805159847	386252
18638083691	672949	18	8	671476	12167501	2112814	10054687	1805180127	386252
18638686765	672949	19	8	671476	12167870	2112865	10055005	1805199231	386252
18639205957	672949	18	8	671476	12168247	2112916	10055331	1805218769	386252
18639958266	672949	16	8	671476	12168637	2112957	10055680	1805238660	386252
18640730400	672949	16	8	671476	12169012	2113009	10056003	1805257925	386252
18641569834	672949	20	8	671476	12169417	2113066	10056351	1805278767	386252
18642152486	672949	18	8	671476	12169792	2113110	10056682	1805298124	386252
18642593559	672949	16	8	671476	12170152	2113158	10056994	1805316739	386252
18643216134	672949	13	8	671476	12170519	2113205	10057314	1805335627	386252
18643949209	672949	18	8	671476	12170932	2113272	10057660	1805357069	386252
18644529587	672949	19	8	671476	12171307	2113323	10057984	1805376289	386252
18645057300	672949	19	8	671476	12171681	2113374	10058307	1805395603	386252
18645498591	672949	16	8	671476	12172040	2113425	10058615	1805414033	386252
18646032593	672949	19	8	671476	12172422	2113473	10058949	1805433822	386252
18646754030	672949	17	8	671476	12172804	2113524	10059280	1805453501	386252
18647404715	672949	16	8	671476	12173158	2113577	10059581	1805472066	386252
18648095157	672949	16	8	671476	12173538	2113628	10059910	1805491541	386252
18648782293	672949	18	8	671476	12173932	2113685	10060247	1805511865	386252
18649524658	672949	18	8	671476	12174312	2113740	10060572	1805531503	386252
18650317511	672949	19	8	671476	12174711	2113802	10060909	1805552085	386252
18650962209	672949	16	8	671476	12175076	2113858	10061218	1805571057	386252
18651453769	672949	21	8	671476	12175461	2113909	10061552	1805590834	386252
18652069468	672949	18	8	671476	12175844	2113963	10061881	1805610776	386252
18652663825	672949	16	8	671476	12176213	2114009	10062204	1805629739	386252
18653244695	672949	16	8	671476	12176602	2114069	10062533	1805649683	386252
18653837281	672949	20	8	671476	12177003	2114130	10062873	1805670374	386252
18654686912	672949	20	8	671476	12177384	2114176	10063208	1805690002	386252
18655461367	672949	14	8	671476	12177755	2114236	10063519	1805709260	386252
18656130343	672949	16	8	671476	12178128	2114284	10063844	1805728423	386252
18656765510	672949	21	8	671476	12178531	2114340	10064191	1805749060	386252
18657574378	672949	19	8	671476	12178925	2114391	10064534	1805769328	386252
18658274621	672949	16	8	671476	12179297	2114444	10064853	1805788509	386252
18658887016	672949	18	8	671476	12179669	2114481	10065188	1805807541	386252
18659417290	672949	18	8	671476	12180031	2114536	10065495	1805826490	386252
18660098625	672949	15	8	671476	12180400	2114583	10065817	1805845424	386252
18660878285	672949	22	8	671476	12180776	2114625	10066151	1805864741	386252
18661711794	672949	19	8	671476	12181167	2114680	10066487	1805884906	386252
18662567112	672949	18	8	671476	12181557	2114738	10066819	1805905115	386252
18663199087	672949	17	8	671476	12181914	2114783	10067131	1805923441	386252
18663904459	672949	18	8	671476	12182288	2114831	10067457	1805942831	386252
18664456938	672949	16	8	671476	12182665	2114891	10067774	1805962444	386252
18665136168	672949	18	8	671476	12183034	2114933	10068101	1805981371	386252
18665832960	672949	21	8	671476	12183430	2114994	10068436	1806001888	386252
18666604034	672949	19	8	671476	12183814	2115042	10068772	1806021599	386252
18667183749	672949	14	8	671476	12184197	2115110	10069087	1806041527	386252
18667744490	672949	17	8	671476	12184575	2115173	10069402	1806061141	386252
18668373448	672949	21	8	671476	12184965	2115224	10069741	1806081194	386252
18669228775	672949	18	8	671476	12185353	2115278	10070075	1806101057	386252
18669903022	672949	17	8	671476	12185759	2115341	10070418	1806121858	386252
18670638960	672950	20	8	671477	12186159	2115399	10070760	1806142447	386251
18671330655	672950	21	8	671477	12186558	2115467	10071091	1806163228	386251
18671789364	672950	17	8	671477	12186927	2115522	10071405	1806182187	386251
18672435644	672950	18	8	671477	12187312	2115565	10071747	1806201965	386251
18673079596	672950	18	8	671477	12187690	2115615	10072075	1806221423	386251
18673823051	672950	19	8	671477	12188083	2115671	10072412	1806241585	386251
18674214493	672950	19	8	671477	12188459	2115730	10072729	1806261139	386251
18674904702	672950	17	8	671477	12188834	2115784	10073050	1806280579	386251
18675590537	672950	17	8	671477	12189235	2115841	10073394	1806301142	386251
18676131311	672950	19	8	671477	12189623	2115897	10073726	1806321303	386251
18676993532	672950	19	8	671477	12190002	2115949	10074053	1806340813	386251
18677449716	672950	19	8	671477	12190371	2116009	10074362	1806360198	386251
18678142971	672950	19	8	671477	12190738	2116062	10074676	1806379100	386251
18678586712	672950	15	8	671477	12191088	2116104	10074984	1806397165	386251
18679011775	672950	17	8	671477	12191439	2116145	10075294	1806415018	386251
18679600596	672950	21	8	671477	12191795	2116186	10075609	1806433345	386251
18680065722	672950	19	8	671477	12192135	2116227	10075908	1806450838	386251
18680687560	672950	15	8	671477	12192501	2116277	10076224	1806469638	386251
18681219786	672950	16	8	671477	12192858	2116331	10076527	1806488208	386251
18681795757	672950	18	8	671477	12193231	2116384	10076847	1806507234	386251
18682593493	672950	21	8	671477	12193582	2116429	10077153	1806525369	386251
18683258970	672950	14	8	671477	12193926	2116468	10077458	1806543194	386251
18683963800	672950	15	8	671477	12194289	2116519	10077770	1806561907	386251
18684564808	672950	19	8	671477	12194646	2116560	10078086	1806580168	386251
18684986030	672950	19	8	671477	12195003	2116608	10078395	1806598500	386251
18685513392	672950	17	8	671477	12195344	2116659	10078685	1806616217	386251
18685983761	672950	16	8	671477	12195679	2116706	10078973	1806633590	386251
18686687847	672950	19	8	671477	12196083	2116759	10079324	1806654339	386251
18687202758	672950	19	8	671477	12196445	2116822	10079623	1806673302	386251
18687835597	672950	15	8	671477	12196802	2116868	10079934	1806691558	386251
18688328861	672950	21	8	671477	12197167	2116919	10080248	1806710295	386251
18688670696	672950	19	8	671477	12197517	2116968	10080549	1806728420	386251
18689164239	672950	17	8	671477	12197869	2117010	10080859	1806746559	386251
18689706003	672951	16	8	671478	12198245	2117067	10081178	1806765876	386250
18690225091	672951	20	8	671478	12198605	2117123	10081482	1806784641	386250
18690751146	672951	17	8	671478	12198938	2117162	10081776	1806801780	386250
18691401740	672951	16	8	671478	12199293	2117209	10082084	1806820156	386250
18692127873	672951	18	8	671478	12199668	2117260	10082408	1806839424	386250
18692720585	672951	19	8	671478	12200023	2117306	10082717	1806857861	386250
18693284208	672951	18	8	671478	12200375	2117356	10083019	1806875928	386250
18693823284	672951	21	8	671478	12200743	2117409	10083334	1806894987	386250
18694425228	672951	17	8	671478	12201096	2117457	10083639	1806913132	386250
18695308901	672951	17	8	671478	12201485	2117517	10083968	1806933250	386250
18695876089	672951	16	8	671478	12201843	2117571	10084272	1806951791	386250
18696408711	672951	20	8	671478	12202200	2117609	10084591	1806970049	386250
18697132578	672951	18	8	671478	12202574	2117659	10084915	1806989068	386250
18697608181	672951	15	8	671478	12202924	2117704	10085220	1807007113	386250
18698402772	672951	19	8	671478	12203287	2117749	10085538	1807025791	386250
18699021113	672953	20	8	671480	12203650	2117805	10085845	1807075433	386249
18699629951	672954	20	8	671481	12204023	2117862	10086161	1807094697	386248
18700050837	672954	16	8	671481	12204371	2117912	10086459	1807112535	386248
18700639546	672954	16	8	671481	12204724	2117960	10086764	1807130911	386248
18701103531	672954	19	8	671481	12205088	2118007	10087081	1807149485	386248
18701637496	672954	18	8	671481	12205437	2118067	10087370	1807167768	386248
18702124961	672954	17	8	671481	12205788	2118118	10087670	1807185993	386248
18702686607	672954	15	8	671481	12206151	2118170	10087981	1807204808	386248
18703129598	672954	16	8	671481	12206492	2118225	10088267	1807222604	386248
18703746813	672954	21	8	671481	12206842	2118272	10088570	1807240657	386248
18704366815	672954	18	8	671481	12207198	2118312	10088886	1807258832	386248
18704885763	672954	14	8	671481	12207545	2118365	10089180	1807276909	386248
18705423701	672954	17	8	671481	12207918	2118420	10089498	1807295993	386248
18705930107	672954	22	8	671481	12208294	2118464	10089830	1807315088	386248
18706369632	672954	17	8	671481	12208648	2118508	10090140	1807333263	386248
18706995760	672954	18	8	671481	12209000	2118565	10090435	1807351656	386248
18707552371	672954	20	8	671481	12209372	2118619	10090753	1807370719	386248
18708182406	672954	16	8	671481	12209726	2118665	10091061	1807389026	386248
18708663320	672954	16	8	671481	12210082	2118710	10091372	1807407370	386248
18709311494	672954	22	8	671481	12210446	2118764	10091682	1807426188	386248
18709832725	672954	15	8	671481	12210788	2118804	10091984	1807443773	386248
18710440308	672954	15	8	671481	12211139	2118851	10092288	1807461811	386248
18710922513	672954	19	8	671481	12211488	2118896	10092592	1807479777	386248
18711407787	672954	19	8	671481	12211848	2118945	10092903	1807498471	386248
18711964498	672954	16	8	671481	12212197	2118993	10093204	1807516449	386248
18712736986	672954	18	8	671481	12212555	2119038	10093517	1807534767	386248
18713289497	672954	16	8	671481	12212920	2119093	10093827	1807553684	386248
18713858408	672954	18	8	671481	12213294	2119149	10094145	1807572838	386248
18714283125	672954	19	8	671481	12213657	2119202	10094455	1807591646	386248
18714857591	672954	17	8	671481	12214018	2119246	10094772	1807610114	386248
18715503083	672954	15	8	671481	12214364	2119290	10095074	1807627935	386248
18716176441	672954	18	8	671481	12214732	2119337	10095395	1807646797	386248
18716628492	672954	18	8	671481	12215091	2119391	10095700	1807665348	386248
18717224843	672954	16	8	671481	12215457	2119443	10096014	1807684329	386248
18717926392	672954	18	8	671481	12215810	2119493	10096317	1807702566	386248
18718560468	672954	19	8	671481	12216157	2119533	10096624	1807720483	386248
18719075806	672954	15	8	671481	12216516	2119599	10096917	1807739274	386248
18719817598	672954	16	8	671481	12216871	2119646	10097225	1807757507	386248
18720496506	672954	16	8	671481	12217228	2119697	10097531	1807776201	386248
18721155865	672954	16	8	671481	12217598	2119744	10097854	1807795159	386248
18721549426	672954	16	8	671481	12217939	2119798	10098141	1807812815	386248
18722175130	672954	18	8	671481	12218299	2119848	10098451	1807831408	386248
18722790123	672954	21	8	671481	12218674	2119901	10098773	1807850806	386248
18723303184	672954	17	8	671481	12219022	2119950	10099072	1807868778	386248
18723875634	672954	17	8	671481	12219371	2120000	10099371	1807886854	386248
18724520344	672954	20	8	671481	12219746	2120050	10099696	1807906135	386248
18725045758	672954	16	8	671481	12220099	2120098	10100001	1807924478	386248
18725633787	672954	17	8	671481	12220460	2120153	10100307	1807943092	386248
18726207469	672954	16	8	671481	12220814	2120208	10100606	1807961440	386248
18726962113	672954	19	8	671481	12221181	2120258	10100923	1807980534	386248
18727643834	672954	20	8	671481	12221543	2120304	10101239	1807999131	386248
18728295216	672954	15	8	671481	12221895	2120350	10101545	1808017246	386248
18728888164	672954	16	8	671481	12222267	2120403	10101864	1808036274	386248
18729430297	672954	18	8	671481	12222648	2120463	10102185	1808055930	386248
18730005192	672954	19	8	671481	12223010	2120514	10102496	1808074578	386248
18730704929	672954	18	8	671481	12223382	2120574	10102808	1808093863	386248
18731230108	672954	16	8	671481	12223751	2120628	10103123	1808112924	386248
18731889903	672954	18	8	671481	12224112	2120669	10103443	1808131430	386248
18732573457	672954	18	8	671481	12224464	2120714	10103750	1808149545	386248
18732969172	672954	17	8	671481	12224815	2120770	10104045	1808167856	386248
18733412429	672954	17	8	671481	12225172	2120828	10104344	1808186518	386248
18733897283	672954	18	8	671481	12225549	2120878	10104671	1808205833	386248
18734570613	672954	16	8	671481	12225935	2120933	10105002	1808225627	386248
18735283024	672954	18	8	671481	12226299	2120983	10105316	1808244381	386248
18735848194	672954	20	8	671481	12226657	2121036	10105621	1808262931	386248
18736268926	672954	18	8	671481	12227019	2121087	10105932	1808281556	386248
18737033414	672954	15	8	671481	12227397	2121146	10106251	1808301002	386248
18737670016	672954	18	8	671481	12227765	2121198	10106567	1808319952	386248
18738479968	672954	18	8	671481	12228126	2121244	10106882	1808338471	386248
18738903196	672954	19	8	671481	12228480	2121299	10107181	1808356898	386248
18739581300	672954	14	8	671481	12228838	2121350	10107488	1808375450	386248
18740341003	672954	17	8	671481	12229188	2121401	10107787	1808393610	386248
18741132888	672954	18	8	671481	12229556	2121456	10108100	1808412751	386248
18741555486	672954	19	8	671481	12229894	2121508	10108386	1808430488	386248
18742146465	672954	17	8	671481	12230256	2121563	10108693	1808449041	386248
18742787592	672954	14	8	671481	12230621	2121614	10109007	1808467867	386248
18743223888	672954	16	8	671481	12230984	2121662	10109322	1808486531	386248
18743678138	672954	18	8	671481	12231342	2121718	10109624	1808504984	386248
18744371397	672954	19	8	671481	12231694	2121767	10109927	1808523162	386248
18745053842	672954	19	8	671481	12232067	2121813	10110254	1808542145	386248
18745706656	672954	13	8	671481	12232413	2121859	10110554	1808560193	386248
18746425290	672954	19	8	671481	12232801	2121921	10110880	1808580124	386248
18746995693	672954	20	8	671481	12233164	2121966	10111198	1808598795	386248
18747628585	672954	17	8	671481	12233512	2122009	10111503	1808616751	386248
18748294401	672954	16	8	671481	12233870	2122058	10111812	1808635184	386248
18748758313	672954	15	8	671481	12234232	2122110	10112122	1808653875	386248
18749317433	672954	17	8	671481	12234602	2122155	10112447	1808672946	386248
18749951242	672954	16	8	671481	12234951	2122201	10112750	1808690961	386248
18750490736	672954	18	8	671481	12235314	2122249	10113065	1808709598	386248
18750979013	672954	19	8	671481	12235675	2122293	10113382	1808728188	386248
18751367870	672954	15	8	671481	12236028	2122346	10113682	1808746533	386248
18751999824	672954	14	8	671481	12236374	2122396	10113978	1808764395	386248
18752604146	672954	19	8	671481	12236734	2122451	10114283	1808782989	386248
18753281998	672954	19	8	671481	12237096	2122500	10114596	1808801856	386248
18753998181	672954	16	8	671481	12237461	2122556	10114905	1808820685	386248
18754545566	672954	16	8	671481	12237815	2122603	10115212	1808838754	386248
18755046337	672954	19	8	671481	12238181	2122653	10115528	1808857655	386248
18755660628	672954	18	8	671481	12238555	2122707	10115848	1808876739	386248
18756076118	672954	17	8	671481	12238901	2122755	10116146	1808894616	386248
18756433793	672954	18	8	671481	12239251	2122805	10116446	1808912802	386248
18756877015	672954	20	8	671481	12239610	2122855	10116755	1808931433	386248
18757333407	672954	14	8	671481	12239974	2122911	10117063	1808950126	386248
18758015860	672954	20	8	671481	12240334	2122958	10117376	1808968646	386248
18758450965	672954	18	8	671481	12240700	2123013	10117687	1808987546	386248
18758880654	672954	16	8	671481	12241049	2123066	10117983	1809005713	386248
18759635449	672954	15	8	671481	12241391	2123103	10118288	1809023349	386248
18760295302	672954	21	8	671481	12241775	2123169	10118606	1809043315	386248
18760906637	672954	21	8	671481	12242130	2123215	10118915	1809061648	386248
18761523434	672954	17	8	671481	12242499	2123271	10119228	1809080596	386248
18762287371	672954	17	8	671481	12242849	2123313	10119536	1809098746	386248
18762989610	672954	19	8	671481	12243221	2123372	10119849	1809117860	386248
18763650106	672954	20	8	671481	12243591	2123427	10120164	1809136861	386248
18764145023	672954	16	8	671481	12243932	2123467	10120465	1809154554	386248
18764819890	672954	18	8	671481	12244293	2123521	10120772	1809173265	386248
18765318837	672954	21	8	671481	12244650	2123575	10121075	1809191660	386248
18765912582	672954	18	8	671481	12245003	2123614	10121389	1809209784	386248
18766372524	672954	17	8	671481	12245353	2123665	10121688	1809227937	386248
18766816533	672954	20	8	671481	12245708	2123709	10121999	1809246182	386248
18767322800	672954	22	8	671481	12246054	2123759	10122295	1809264049	386248
18767792118	672954	18	8	671481	12246415	2123808	10122607	1809282694	386248
18768537396	672954	16	8	671481	12246777	2123854	10122923	1809301277	386248
18769196288	672954	19	8	671481	12247156	2123907	10123249	1809320678	386248
18769898056	672954	19	8	671481	12247525	2123959	10123566	1809339827	386248
18770626461	672954	17	8	671481	12247871	2124011	10123860	1809357784	386248
18771164328	672954	16	8	671481	12248227	2124067	10124160	1809376347	386248
18771847773	672954	17	8	671481	12248603	2124122	10124481	1809395756	386248
18772388802	672954	18	8	671481	12248978	2124175	10124803	1809414992	386248
18773019297	672954	19	8	671481	12249334	2124224	10125110	1809433230	386248
18773495743	672954	17	8	671481	12249680	2124271	10125409	1809451229	386248
18774137289	672954	18	8	671481	12250048	2124320	10125728	1809470113	386248
18774583102	672954	13	8	671481	12250396	2124370	10126026	1809488133	386248
18775170939	672955	18	8	671482	12250750	2124421	10126329	1809506404	386247
18775723828	672955	22	8	671482	12251126	2124476	10126650	1809525831	386247
18776409051	672955	19	8	671482	12251498	2124523	10126975	1809544998	386247
18776955559	672955	14	8	671482	12251840	2124574	10127266	1809562765	386247
18777579487	672955	18	8	671482	12252210	2124626	10127584	1809581943	386247
18778215253	672955	17	8	671482	12252569	2124672	10127897	1809600264	386247
18778652019	672955	18	8	671482	12252929	2124722	10128207	1809618765	386247
18779171196	672955	16	8	671482	12253281	2124775	10128506	1809637017	386247
18779722473	672955	20	8	671482	12253633	2124830	10128803	1809655285	386247
18780550621	672955	19	8	671482	12254012	2124884	10129128	1809674991	386247
18781065666	672955	17	8	671482	12254368	2124934	10129434	1809693356	386247
18781735101	672955	19	8	671482	12254715	2124984	10129731	1809711113	386247
18782204279	672955	18	8	671482	12255087	2125028	10130059	1809730258	386247
18782827772	672955	17	8	671482	12255443	2125081	10130362	1809748787	386247
18783481712	672955	18	8	671482	12255791	2125126	10130665	1809766775	386247
18784093989	672955	21	8	671482	12256139	2125173	10130966	1809784685	386247
18784588004	672955	21	8	671482	12256500	2125225	10131275	1809803497	386247
18785146542	672955	15	8	671482	12256849	2125273	10131576	1809821441	386247
18785779490	672955	19	8	671482	12257205	2125316	10131889	1809839856	386247
18786336037	672955	18	8	671482	12257566	2125368	10132198	1809858632	386247
18786927799	672955	19	8	671482	12257923	2125415	10132508	1809877052	386247
18787515486	672955	16	8	671482	12258287	2125470	10132817	1809895700	386247
18787940090	672955	18	8	671482	12258652	2125523	10133129	1809914597	386247
18788344227	672955	17	8	671482	12259009	2125583	10133426	1809933177	386247
18788701226	672955	15	8	671482	12259368	2125641	10133727	1809951838	386247
18789488975	672955	16	8	671482	12259741	2125687	10134054	1809970873	386247
18790294536	672955	18	8	671482	12260119	2125740	10134379	1809990322	386247
18790842867	672955	18	8	671482	12260479	2125793	10134686	1810008875	386247
18791380022	672955	16	8	671482	12260830	2125846	10134984	1810027112	386247
18791908361	672955	16	8	671482	12261189	2125897	10135292	1810045647	386247
18792487394	672955	16	8	671482	12261552	2125946	10135606	1810064186	386247
18793024429	672955	18	8	671482	12261913	2126000	10135913	1810082931	386247
18793709425	672955	22	8	671482	12262276	2126049	10136227	1810101556	386247
18794302231	672955	19	8	671482	12262640	2126101	10136539	1810120423	386247
18794957002	672955	16	8	671482	12262981	2126139	10136842	1810137855	386247
18795626172	672955	17	8	671482	12263354	2126184	10137170	1810157119	386247
18796210014	672955	15	8	671482	12263718	2126234	10137484	1810175639	386247
18796624167	672955	21	8	671482	12264058	2126275	10137783	1810193261	386247
18797186489	672955	19	8	671482	12264408	2126324	10138084	1810211369	386247
18797712288	672955	17	8	671482	12264745	2126370	10138375	1810228879	386247
18798399767	672955	16	8	671482	12265092	2126407	10138685	1810246772	386247
18798906568	672955	17	8	671482	12265458	2126466	10138992	1810265697	386247
18799508911	672955	16	8	671482	12265818	2126516	10139302	1810284319	386247
18800057853	672955	19	8	671482	12266195	2126564	10139631	1810303632	386247
18800625974	672955	17	8	671482	12266554	2126608	10139946	1810321978	386247
18801115965	672955	15	8	671482	12266872	2126657	10140215	1810338364	386247
