bytes_written	total_items	curr_connections	threads	cmd_set	cmd_get	get_misses	get_hits	bytes_read
21127702069	4333402	14	8	4736716	16987131	2148091	14839040	2305693193	481777
21128429162	4333524	19	8	4736856	16987675	2148143	14839532	2305729295	481777
21129181975	4333659	19	8	4737007	16988285	2148219	14840066	2305769335	481777
21129892515	4333784	24	8	4737146	16988850	2148272	14840578	2305806391	481777
21130660155	4333920	17	8	4737293	16989432	2148332	14841100	2305844560	481777
21131604521	4334052	17	8	4737444	16990023	2148390	14841633	2305883604	481777
21132281395	4334188	16	8	4737590	16990593	2148440	14842153	2305921341	481777
21132970647	4334321	15	8	4737743	16991176	2148500	14842676	2305960092	481777
21133606192	4334447	17	8	4737878	16991731	2148556	14843175	2305996466	481777
21134328965	4334578	19	8	4738028	16992315	2148625	14843690	2306035322	481777
21135194939	4334715	17	8	4738190	16992909	2148674	14844235	2306074737	481777
21135855789	4334848	15	8	4738342	16993498	2148735	14844763	2306113790	481777
21136648485	4334978	18	8	4738484	16994066	2148789	14845277	2306151124	481777
21137069450	4335110	20	8	4738625	16994631	2148848	14845783	2306188394	481777
21137710885	4335243	18	8	4738773	16995217	2148907	14846310	2306227050	481777
21138432254	4335372	17	8	4738911	16995787	2148969	14846818	2306264297	481777
21139145781	4335503	19	8	4739060	16996369	2149024	14847345	2306302661	481777
21140039357	4335636	20	8	4739205	16996959	2149087	14847872	2306341353	481777
21140583961	4335768	20	8	4739351	16997517	2149138	14848379	2306378462	481777
21141071284	4335900	17	8	4739496	16998079	2149198	14848881	2306415845	481777
21141905238	4336032	20	8	4739649	16998679	2149253	14849426	2306455282	481777
21142555705	4336165	23	8	4739807	16999278	2149315	14849963	2306495135	481777
21143455482	4336298	17	8	4739952	16999847	2149367	14850480	2306532544	481777
21144151554	4336427	18	8	4740107	17000422	2149424	14850998	2306571159	481777
21145045731	4336562	17	8	4740254	17001023	2149485	14851538	2306610281	481777
21145774300	4336697	18	8	4740407	17001618	2149544	14852074	2306649693	481777
21146461404	4336825	19	8	4740542	17002169	2149599	14852570	2306686049	481777
21147322002	4336953	16	8	4740680	17002729	2149662	14853067	2306722757	481777
21148137169	4337085	20	8	4740832	17003316	2149718	14853598	2306761775	481777
21148774846	4337223	14	8	4740992	17003910	2149773	14854137	2306801212	481777
21149637183	4337355	17	8	4741143	17004494	2149824	14854670	2306839827	481777
21150403184	4337481	18	8	4741290	17005053	2149878	14855175	2306877132	481777
21150959435	4337616	20	8	4741447	17005655	2149938	14855717	2306917008	481777
21151604671	4337751	17	8	4741597	17006237	2150002	14856235	2306955520	481777
21152312707	4337880	15	8	4741735	17006805	2150063	14856742	2306992725	481777
21153186072	4338013	18	8	4741892	17007401	2150116	14857285	2307032231	481777
21153800971	4338147	18	8	4742042	17008000	2150179	14857821	2307071510	481777
21154464536	4338276	17	8	4742204	17008569	2150230	14858339	2307109906	481777
21155427827	4338406	17	8	4742350	17009147	2150288	14858859	2307148081	481777
21156173076	4338542	15	8	4742505	17009746	2150348	14859398	2307187652	481777
21156891536	4338668	18	8	4742646	17010321	2150410	14859911	2307225494	481777
21157711028	4338804	19	8	4742794	17010905	2150460	14860445	2307263803	481777
21158670210	4338936	16	8	4742943	17011484	2150509	14860975	2307301993	481777
21159454205	4339067	18	8	4743094	17012062	2150564	14861498	2307340489	481777
21160111009	4339197	17	8	4743241	17012627	2150618	14862009	2307377931	481777
21160738521	4339329	19	8	4743386	17013201	2150673	14862528	2307415949	481777
21161358354	4339459	19	8	4743539	17013786	2150732	14863054	2307454664	481777
21162081566	4339595	17	8	4743690	17014369	2150783	14863586	2307493015	481777
21162693920	4339723	16	8	4743850	17014933	2150828	14864105	2307531002	481777
21163321902	4339851	19	8	4743995	17015507	2150889	14864618	2307568991	481777
21164146797	4339989	16	8	4744149	17016105	2150945	14865160	2307608242	481777
21164970668	4340120	16	8	4744300	17016699	2151004	14865695	2307647404	481777
21165757679	4340246	18	8	4744443	17017245	2151061	14866184	2307683855	481777
21166408200	4340377	20	8	4744586	17017800	2151106	14866694	2307720614	481777
21167422441	4340509	22	8	4744744	17018410	2151166	14867244	2307761012	481777
21168202842	4340643	16	8	4744895	17018972	2151209	14867763	2307798223	481777
21168801159	4340770	19	8	4745040	17019537	2151262	14868275	2307835607	481777
21169880647	4340904	18	8	4745192	17020126	2151319	14868807	2307874481	481777
21170596272	4341037	17	8	4745339	17020695	2151383	14869312	2307912282	481777
21171376999	4341169	17	8	4745489	17021284	2151439	14869845	2307951179	481777
21172039206	4341301	15	8	4745632	17021844	2151490	14870354	2307988322	481777
21172616554	4341430	20	8	4745780	17022413	2151543	14870870	2308026207	481777
21173585218	4341561	19	8	4745934	17023000	2151601	14871399	2308065150	481777
21174493925	4341697	18	8	4746090	17023579	2151652	14871927	2308103639	481777
21175291632	4341830	16	8	4746243	17024165	2151702	14872463	2308142334	481777
21176114427	4341962	17	8	4746403	17024746	2151758	14872988	2308181366	481777
21176647808	4342096	19	8	4746542	17025321	2151818	14873503	2308219026	481777
21177322509	4342226	19	8	4746687	17025879	2151872	14874007	2308256227	481777
21178214979	4342356	18	8	4746841	17026454	2151920	14874534	2308294305	481777
21179189487	4342490	19	8	4746988	17027047	2151979	14875068	2308333234	481777
21179967349	4342626	17	8	4747136	17027643	2152035	14875608	2308372239	481777
21180704687	4342751	21	8	4747286	17028228	2152094	14876134	2308410953	481777
21181317106	4342882	19	8	4747431	17028780	2152150	14876630	2308447708	481777
21182106992	4343021	17	8	4747581	17029372	2152207	14877165	2308486755	481777
21183040513	4343153	14	8	4747724	17029940	2152256	14877684	2308524085	481777
21183774995	4343283	16	8	4747868	17030500	2152308	14878192	2308561317	481777
21184617796	4343415	19	8	4748014	17031091	2152360	14878731	2308599992	481777
21185392101	4343549	17	8	4748159	17031646	2152407	14879239	2308636851	481777
21185959554	4343679	18	8	4748303	17032208	2152463	14879745	2308673995	481777
21186640660	4343811	18	8	4748445	17032786	2152528	14880258	2308712078	481777
21187471417	4343946	21	8	4748597	17033372	2152585	14880787	2308750855	481777
21188119453	4344073	17	8	4748738	17033905	2152625	14881280	2308786384	481777
21188967488	4344203	18	8	4748894	17034463	2152672	14881791	2308824035	481777
21189731919	4344333	18	8	4749049	17035055	2152740	14882315	2308863458	481777
21190502851	4344468	19	8	4749214	17035657	2152800	14882857	2308903736	481777
21191206320	4344599	16	8	4749370	17036227	2152854	14883373	2308941814	481777
21191952996	4344729	20	8	4749514	17036802	2152909	14883893	2308979651	481777
21192789039	4344863	19	8	4749667	17037383	2152962	14884421	2309018351	481777
21193519585	4344999	16	8	4749827	17037979	2153016	14884963	2309057931	481777
21194082731	4345128	17	8	4749978	17038556	2153074	14885482	2309096125	481777
21194848886	4345261	20	8	4750133	17039152	2153140	14886012	2309135784	481777
21195680922	4345390	19	8	4750276	17039730	2153203	14886527	2309173980	481777
21196500923	4345525	18	8	4750427	17040321	2153260	14887061	2309212853	481777
21197269606	4345654	20	8	4750592	17040904	2153320	14887584	2309252237	481777
21197999786	4345787	18	8	4750742	17041474	2153372	14888102	2309290207	481777
21198990156	4345916	19	8	4750887	17042056	2153427	14888629	2309328489	481777
21199799716	4346050	18	8	4751042	17042648	2153485	14889163	2309367632	481777
21200685258	4346184	18	8	4751185	17043220	2153539	14889681	2309405282	481777
21201458067	4346316	15	8	4751329	17043790	2153596	14890194	2309442869	481777
21202185889	4346447	19	8	4751472	17044373	2153658	14890715	2309481040	481777
21203103914	4346580	19	8	4751632	17044961	2153706	14891255	2309520276	481777
21203869397	4346712	17	8	4751783	17045541	2153769	14891772	2309558880	481777
21204370447	4346842	15	8	4751930	17046109	2153831	14892278	2309596672	481777
21205190329	4346967	15	8	4752082	17046663	2153888	14892775	2309633898	481777
21205844255	4347098	21	8	4752231	17047251	2153951	14893300	2309672859	481777
21206650226	4347235	15	8	4752380	17047835	2154003	14893832	2309711315	481777
21207367127	4347365	18	8	4752526	17048407	2154063	14894344	2309749260	481777
21208203470	4347496	20	8	4752670	17048991	2154129	14894862	2309787624	481777
21209211825	4347626	19	8	4752809	17049572	2154192	14895380	2309825582	481777
21209915480	4347757	17	8	4752969	17050135	2154241	14895894	2309863526	481777
21210619919	4347891	18	8	4753111	17050710	2154287	14896423	2309901190	481777
21211576741	4348024	20	8	4753257	17051293	2154340	14896953	2309939414	481777
21212573904	4348156	17	8	4753406	17051892	2154398	14897494	2309978606	481777
21213387134	4348289	20	8	4753557	17052476	2154447	14898029	2310017274	481777
21214188188	4348422	18	8	4753704	17053057	2154504	14898553	2310055460	481777
21214968151	4348552	19	8	4753858	17053647	2154553	14899094	2310094532	481777
21215592433	4348682	22	8	4754008	17054214	2154602	14899612	2310132197	481777
21216504746	4348816	17	8	4754177	17054812	2154667	14900145	2310172571	481777
21217291253	4348950	15	8	4754328	17055402	2154729	14900673	2310211636	481777
21217959039	4349081	17	8	4754481	17055983	2154793	14901190	2310250390	481777
21218749876	4349211	18	8	4754623	17056553	2154848	14901705	2310287994	481777
21219427487	4349346	18	8	4754778	17057143	2154908	14902235	2310327134	481777
21220224551	4349476	16	8	4754921	17057711	2154967	14902744	2310364593	481777
21220885200	4349607	19	8	4755066	17058286	2155022	14903264	2310402481	481777
21221650931	4349741	21	8	4755211	17058870	2155089	14903781	2310441103	481777
21222518540	4349875	19	8	4755364	17059449	2155134	14904315	2310479478	481777
21223284805	4350003	14	8	4755507	17059994	2155184	14904810	2310515766	481777
21224072396	4350135	18	8	4755670	17060586	2155242	14905344	2310555457	481777
21224990684	4350270	16	8	4755817	17061179	2155301	14905878	2310594346	481777
21225749951	4350399	22	8	4755958	17061753	2155354	14906399	2310631862	481777
21226476044	4350530	23	8	4756111	17062332	2155417	14906915	2310670521	481777
21227267774	4350661	19	8	4756254	17062907	2155472	14907435	2310708375	481777
21228020115	4350795	17	8	4756401	17063495	2155526	14907969	2310746898	481777
21228854304	4350924	18	8	4756541	17064071	2155584	14908487	2310784536	481777
21229607953	4351059	22	8	4756690	17064663	2155651	14909012	2310823473	481777
21230597392	4351188	18	8	4756870	17065285	2155704	14909581	2310865360	481777
21231287100	4351314	22	8	4757011	17065843	2155759	14910084	2310902141	481777
21231983275	4351449	22	8	4757160	17066426	2155827	14910599	2310941060	481777
21232602155	4351587	15	8	4757319	17067024	2155888	14911136	2310980809	481777
21233402664	4351718	18	8	4757463	17067599	2155945	14911654	2311018427	481777
21234081330	4351849	19	8	4757606	17068191	2156008	14912183	2311057178	481777
21234835519	4351984	16	8	4757750	17068761	2156067	14912694	2311094892	481777
21235577858	4352114	15	8	4757899	17069317	2156114	14913203	2311131927	481777
21236508495	4352244	16	8	4758040	17069888	2156176	14913712	2311169491	481777
21237308430	4352377	19	8	4758198	17070478	2156226	14914252	2311208675	481777
21237886812	4352510	14	8	4758356	17071050	2156278	14914772	2311247141	481777
21238509229	4352640	18	8	4758508	17071622	2156333	14915289	2311285330	481777
21239192242	4352770	20	8	4758655	17072184	2156381	14915803	2311322591	481777
21240010559	4352906	19	8	4758802	17072778	2156439	14916339	2311361450	481777
21240777191	4353038	22	8	4758963	17073377	2156495	14916882	2311401282	481777
21241425357	4353169	14	8	4759106	17073939	2156545	14917394	2311438296	481777
21242071720	4353298	20	8	4759254	17074507	2156601	14917906	2311476167	481777
21242840231	4353437	18	8	4759404	17075122	2156671	14918451	2311516336	481777
21243617735	4353567	16	8	4759554	17075703	2156734	14918969	2311554969	481777
21244258703	4353699	15	8	4759706	17076274	2156791	14919483	2311593093	481777
21244996850	4353831	19	8	4759857	17076861	2156854	14920007	2311632126	481777
21245767976	4353966	17	8	4760012	17077467	2156916	14920551	2311671984	481777
21246527057	4354094	18	8	4760170	17078037	2156960	14921077	2311710082	481777
21247267039	4354228	20	8	4760324	17078638	2157024	14921614	2311749923	481777
21248062988	4354366	15	8	4760481	17079231	2157087	14922144	2311789323	481777
21248940580	4354493	19	8	4760624	17079810	2157140	14922670	2311827223	481777
21249565627	4354624	19	8	4760771	17080374	2157185	14923189	2311864503	481777
21250311454	4354760	18	8	4760933	17080963	2157234	14923729	2311903952	481777
21251212506	4354894	14	8	4761081	17081557	2157298	14924259	2311942868	481777
21251804290	4355022	19	8	4761225	17082117	2157353	14924764	2311980066	481777
21252545181	4355155	17	8	4761379	17082701	2157409	14925292	2312018827	481777
21253153120	4355288	18	8	4761528	17083276	2157467	14925809	2312056991	481777
21253869724	4355419	18	8	4761677	17083851	2157520	14926331	2312095146	481777
21254480157	4355554	19	8	4761828	17084435	2157577	14926858	2312133826	481777
21255058573	4355688	15	8	4761983	17085006	2157625	14927381	2312172004	481777
21255987790	4355817	16	8	4762126	17085579	2157675	14927904	2312209539	481777
21256778614	4355949	21	8	4762272	17086164	2157734	14928430	2312248034	481777
21257556973	4356082	16	8	4762421	17086742	2157788	14928954	2312286349	481777
21258300126	4356213	17	8	4762568	17087304	2157831	14929473	2312323611	481777
21259120404	4356345	17	8	4762712	17087892	2157890	14930002	2312362038	481777
21259865028	4356479	21	8	4762855	17088471	2157944	14930527	2312400118	481777
21260669625	4356611	15	8	4763002	17089038	2158001	14931037	2312437802	481777
21261625348	4356740	16	8	4763141	17089589	2158052	14931537	2312474282	481777
21262429171	4356876	15	8	4763298	17090176	2158104	14932072	2312513267	481777
21262953296	4357007	18	8	4763450	17090749	2158167	14932582	2312551755	481777
21263704817	4357137	16	8	4763592	17091320	2158218	14933102	2312589020	481777
21264645178	4357266	19	8	4763734	17091897	2158283	14933614	2312626897	481777
21265383515	4357399	19	8	4763892	17092480	2158337	14934143	2312666031	481777
21266349475	4357535	17	8	4764068	17093103	2158396	14934707	2312707757	481777
21267174001	4357661	19	8	4764215	17093658	2158444	14935214	2312744587	481777
21267774632	4357789	17	8	4764362	17094230	2158505	14935725	2312782264	481777
21268359769	4357916	17	8	4764510	17094793	2158560	14936233	2312819683	481777
21269133906	4358038	19	8	4764644	17095338	2158619	14936719	2312855288	481777
21269663678	4358161	20	8	4764786	17095883	2158676	14937207	2312891594	481777
21270326324	4358291	18	8	4764926	17096443	2158737	14937706	2312928449	481777
21271086409	4358418	24	8	4765073	17097017	2158792	14938225	2312966244	481777
21271831016	4358541	17	8	4765232	17097582	2158850	14938732	2313004431	481777
21272453076	4358662	16	8	4765378	17098118	2158898	14939220	2313040213	481777
21273303389	4358788	20	8	4765522	17098685	2158964	14939721	2313077664	481777
21274276109	4358913	18	8	4765670	17099268	2159026	14940242	2313116285	481777
21275067814	4359044	17	8	4765818	17099848	2159083	14940765	2313154470	481777
21275611761	4359166	16	8	4765954	17100379	2159132	14941247	2313189575	481777
21276466582	4359288	21	8	4766083	17100928	2159192	14941736	2313225375	481777
21277202040	4359420	18	8	4766249	17101511	2159249	14942262	2313264496	481777
21277909847	4359543	17	8	4766391	17102058	2159297	14942761	2313300722	481777
21278676037	4359669	19	8	4766535	17102616	2159346	14943270	2313337493	481777
21279567842	4359795	23	8	4766675	17103178	2159403	14943775	2313374416	481777
21280285124	4359923	15	8	4766816	17103734	2159462	14944272	2313410966	481777
21280996937	4360043	19	8	4766949	17104260	2159506	14944754	2313445842	481777
21281738388	4360172	17	8	4767095	17104820	2159566	14945254	2313483059	481777
21282420952	4360297	19	8	4767241	17105376	2159615	14945761	2313519988	481777
21283029778	4360421	20	8	4767381	17105912	2159671	14946241	2313555581	481777
21283545940	4360544	19	8	4767520	17106442	2159723	14946719	2313590997	481777
21284362727	4360675	16	8	4767659	17107004	2159785	14947219	2313627957	481777
21285096403	4360799	16	8	4767798	17107552	2159834	14947718	2313663991	481777
21285596575	4360924	16	8	4767936	17108124	2159904	14948220	2313701372	481777
21286471401	4361050	19	8	4768070	17108694	2159971	14948723	2313738447	481777
21287340269	4361177	15	8	4768227	17109262	2160021	14949241	2313776327	481777
21288018154	4361299	17	8	4768360	17109803	2160076	14949727	2313811790	481777
21288699415	4361428	18	8	4768510	17110370	2160129	14950241	2313849304	481777
21289307616	4361552	17	8	4768654	17110931	2160192	14950739	2313886591	481777
21289861457	4361679	20	8	4768790	17111466	2160247	14951219	2313921911	481777
21290432670	4361800	21	8	4768926	17112013	2160308	14951705	2313957886	481777
21291020085	4361928	21	8	4769074	17112583	2160376	14952207	2313995850	481777
21291610375	4362054	16	8	4769206	17113120	2160434	14952686	2314031212	481777
21292420617	4362175	18	8	4769343	17113663	2160488	14953175	2314067071	481777
21293089228	4362304	21	8	4769490	17114227	2160541	14953686	2314104384	481777
21293728593	4362430	20	8	4769631	17114775	2160598	14954177	2314140622	481777
21294504251	4362553	15	8	4769764	17115314	2160655	14954659	2314175980	481777
21295205069	4362674	17	8	4769902	17115857	2160713	14955144	2314211744	481777
21296073390	4362799	22	8	4770038	17116420	2160766	14955654	2314248587	481777
21296792878	4362928	16	8	4770173	17116949	2160821	14956128	2314283611	481777
21297436402	4363047	15	8	4770302	17117472	2160871	14956601	2314317825	481777
21298309571	4363173	20	8	4770438	17118038	2160937	14957101	2314355010	481777
21299359606	4363302	20	8	4770577	17118613	2160994	14957619	2314392481	481777
21300163778	4363425	15	8	4770710	17119142	2161047	14958095	2314427396	481777
21300753152	4363547	17	8	4770842	17119674	2161099	14958575	2314462265	481777
21301464533	4363675	19	8	4770983	17120242	2161152	14959090	2314499482	481777
21302242951	4363805	14	8	4771126	17120802	2161207	14959595	2314536453	481777
21303045456	4363926	13	8	4771274	17121345	2161256	14960089	2314572616	481777
21303632641	4364048	21	8	4771409	17121874	2161316	14960558	2314607846	481777
21304271035	4364175	18	8	4771558	17122438	2161367	14961071	2314645331	481777
21305039599	4364301	17	8	4771702	17123006	2161427	14961579	2314682841	481777
21305634363	4364422	16	8	4771830	17123533	2161488	14962045	2314717371	481777
21306524837	4364544	18	8	4771970	17124064	2161532	14962532	2314752561	481777
21307455258	4364672	22	8	4772111	17124619	2161584	14963035	2314789226	481777
21308077501	4364799	15	8	4772246	17125184	2161651	14963533	2314826024	481777
21309049386	4364919	16	8	4772379	17125705	2161695	14964010	2314860432	481777
21309654402	4365047	17	8	4772514	17126248	2161745	14964503	2314896164	481777
21310354754	4365176	18	8	4772649	17126811	2161801	14965010	2314932834	481777
21311263207	4365300	15	8	4772785	17127372	2161867	14965505	2314969667	481777
21311825811	4365423	18	8	4772917	17127920	2161932	14965988	2315005557	481777
21312346395	4365547	22	8	4773050	17128452	2161978	14966474	2315040776	481777
21313151622	4365674	17	8	4773190	17129001	2162036	14966965	2315076976	481777
21313935471	4365798	14	8	4773331	17129559	2162091	14967468	2315113512	481777
21314715793	4365923	19	8	4773470	17130113	2162146	14967967	2315149966	481777
21315378943	4366047	21	8	4773609	17130673	2162205	14968468	2315186860	481777
21316258330	4366175	15	8	4773748	17131231	2162254	14968977	2315223311	481777
21316856832	4366297	17	8	4773875	17131758	2162302	14969456	2315257775	481777
21317623213	4366422	16	8	4774012	17132319	2162361	14969958	2315294354	481777
21318509938	4366549	17	8	4774157	17132883	2162419	14970464	2315331692	481777
21319207245	4366673	14	8	4774301	17133435	2162469	14970966	2315368184	481777
21319990544	4366798	16	8	4774444	17133995	2162525	14971470	2315405228	481777
21320606243	4366924	16	8	4774581	17134534	2162580	14971954	2315440905	481777
21321393788	4367049	23	8	4774718	17135075	2162627	14972448	2315476654	481777
21321981736	4367173	18	8	4774854	17135608	2162681	14972927	2315511701	481777
21322790379	4367297	17	8	4774990	17136153	2162735	14973418	2315547618	481777
21323616502	4367422	18	8	4775126	17136692	2162785	14973907	2315583255	481777
21324329210	4367549	16	8	4775271	17137239	2162836	14974403	2315619613	481777
21324977810	4367670	21	8	4775419	17137790	2162886	14974904	2315656365	481777
21325669582	4367799	19	8	4775570	17138353	2162937	14975416	2315693703	481777
21326459937	4367924	15	8	4775704	17138898	2162998	14975900	2315729610	481777
21327213056	4368047	14	8	4775841	17139429	2163044	14976385	2315764649	481777
21327802818	4368168	23	8	4775977	17139975	2163101	14976874	2315800774	481777
21328527733	4368295	19	8	4776111	17140519	2163157	14977362	2315836398	481777
21329359059	4368423	13	8	4776250	17141062	2163207	14977855	2315872182	481777
21330258728	4368546	16	8	4776384	17141603	2163259	14978344	2315907824	481777
21330980168	4368676	17	8	4776528	17142181	2163315	14978866	2315945723	481777
21331544297	4368803	12	8	4776668	17142714	2163359	14979355	2315981002	481777
21332379578	4368922	19	8	4776807	17143258	2163406	14979852	2316016883	481777
21333060571	4369051	17	8	4776952	17143819	2163461	14980358	2316054090	481777
21333702412	4369181	12	8	4777099	17144367	2163510	14980857	2316090476	481777
21334564830	4369304	17	8	4777239	17144896	2163560	14981336	2316125835	481777
21335346730	4369428	19	8	4777381	17145463	2163614	14981849	2316162972	481777
21335842686	4369551	17	8	4777518	17145999	2163666	14982333	2316198245	481777
21336524252	4369675	19	8	4777662	17146543	2163716	14982827	2316234551	481777
21337096241	4369804	17	8	4777799	17147100	2163773	14983327	2316271063	481777
21337609659	4369927	17	8	4777934	17147628	2163826	14983802	2316306016	481777
21338530977	4370051	21	8	4778068	17148177	2163881	14984296	2316341977	481777
21339323319	4370179	18	8	4778212	17148742	2163942	14984800	2316379265	481777
21340034950	4370302	14	8	4778349	17149274	2163987	14985287	2316414290	481777
21340832481	4370427	18	8	4778495	17149832	2164044	14985788	2316451536	481777
21341438846	4370556	20	8	4778635	17150383	2164093	14986290	2316487941	481777
21342093172	4370678	16	8	4778770	17150933	2164157	14986776	2316523951	481777
21342970341	4370801	18	8	4778904	17151488	2164220	14987268	2316560201	481777
21343804666	4370926	21	8	4779048	17152054	2164280	14987774	2316597774	481777
21344333648	4371056	17	8	4779200	17152618	2164334	14988284	2316635314	481777
21345010352	4371178	16	8	4779337	17153153	2164388	14988765	2316670692	481777
21345763896	4371299	21	8	4779475	17153693	2164439	14989254	2316706540	481777
21346461088	4371430	16	8	4779616	17154261	2164499	14989762	2316743772	481777
21347222672	4371553	17	8	4779745	17154795	2164552	14990243	2316778741	481777
21347909112	4371677	20	8	4779891	17155373	2164620	14990753	2316816753	481777
21348649394	4371803	20	8	4780027	17155939	2164691	14991248	2316854011	481777
21349241146	4371932	15	8	4780167	17156492	2164745	14991747	2316890306	481777
21349934189	4372055	15	8	4780304	17157032	2164803	14992229	2316925987	481777
21350610525	4372178	21	8	4780441	17157569	2164856	14992713	2316961623	481777
21351283378	4372308	19	8	4780579	17158125	2164903	14993222	2316998192	481777
21352063988	4372433	16	8	4780720	17158675	2164952	14993723	2317034275	481777
21352723585	4372554	17	8	4780851	17159212	2165010	14994202	2317069530	481777
21353522857	4372682	19	8	4780988	17159769	2165061	14994708	2317106101	481777
21354136020	4372811	16	8	4781131	17160304	2165107	14995197	2317141803	481777
21354690302	4372933	17	8	4781273	17160841	2165158	14995683	2317177504	481777
21355187376	4373054	19	8	4781405	17161386	2165225	14996161	2317213354	481777
21355989638	4373186	20	8	4781550	17161975	2165285	14996690	2317251828	481777
21356622515	4373312	16	8	4781684	17162518	2165335	14997183	2317287388	481777
21357200055	4373435	17	8	4781817	17163055	2165394	14997661	2317322785	481777
21357882158	4373559	19	8	4781956	17163600	2165446	14998154	2317358780	481777
21358548755	4373685	21	8	4782088	17164140	2165498	14998642	2317394306	481777
21359353362	4373813	16	8	4782241	17164692	2165539	14999153	2317431184	481777
21359931464	4373936	17	8	4782374	17165216	2165596	14999620	2317465928	481777
21360663829	4374063	18	8	4782510	17165756	2165648	15000108	2317501659	481777
21361258266	4374185	20	8	4782635	17166294	2165705	15000589	2317536771	481777
21361950776	4374313	16	8	4782783	17166852	2165771	15001081	2317573978	481777
21362658598	4374437	18	8	4782921	17167400	2165829	15001571	2317610190	481777
21363458282	4374567	15	8	4783068	17167967	2165883	15002084	2317647597	481777
21364207456	4374685	20	8	4783200	17168507	2165936	15002571	2317683126	481777
21364843876	4374812	19	8	4783340	17169060	2165994	15003066	2317719532	481777
21365627772	4374936	19	8	4783478	17169610	2166045	15003565	2317755622	481777
21366418030	4375064	17	8	4783613	17170155	2166098	15004057	2317791378	481777
21367027024	4375188	19	8	4783756	17170700	2166154	15004546	2317827755	481777
21367838751	4375313	15	8	4783898	17171235	2166194	15005041	2317863176	481777
21368639459	4375436	18	8	4784030	17171784	2166256	15005528	2317899253	481777
21369253044	4375565	19	8	4784180	17172338	2166308	15006030	2317936268	481777
21369960740	4375688	18	8	4784316	17172874	2166355	15006519	2317971585	481777
21370546708	4375812	19	8	4784449	17173419	2166415	15007004	2318007411	481777
21371120115	4375937	18	8	4784579	17173935	2166457	15007478	2318041569	481777
21371832813	4376066	15	8	4784722	17174478	2166497	15007981	2318077480	481777
21372644493	4376190	18	8	4784859	17175031	2166555	15008476	2318113757	481777
21373165496	4376318	20	8	4785001	17175577	2166611	15008966	2318150102	481777
21373919346	4376444	17	8	4785142	17176136	2166662	15009474	2318186798	481777
21374502576	4376568	14	8	4785277	17176677	2166720	15009957	2318222344	481777
21375086911	4376694	18	8	4785413	17177214	2166773	15010441	2318257954	481777
21375927442	4376816	20	8	4785552	17177768	2166829	15010939	2318294515	481777
21376569433	4376943	19	8	4785701	17178306	2166873	15011433	2318330686	481777
21377361184	4377067	13	8	4785839	17178837	2166921	15011916	2318365844	481777
21378176760	4377192	16	8	4785992	17179409	2166968	15012441	2318403749	481777
21378949751	4377317	18	8	4786137	17179985	2167031	15012954	2318441671	481777
21379773629	4377444	16	8	4786282	17180546	2167087	15013459	2318478775	481777
21380324140	4377570	16	8	4786422	17181098	2167145	15013953	2318515148	481777
21380849284	4377695	18	8	4786559	17181623	2167195	15014428	2318550079	481777
21381592493	4377816	16	8	4786689	17182157	2167249	15014908	2318584931	481777
21382286268	4377938	21	8	4786837	17182737	2167309	15015428	2318623279	481777
21382985395	4378070	19	8	4786989	17183314	2167363	15015951	2318661313	481777
21383654689	4378192	14	8	4787145	17183881	2167424	15016457	2318699326	481777
21384357080	4378311	20	8	4787287	17184427	2167475	15016952	2318735341	481777
21384989827	4378441	19	8	4787436	17184999	2167536	15017463	2318773332	481777
21385694186	4378563	17	8	4787581	17185551	2167596	15017955	2318810089	481777
21386389054	4378688	17	8	4787717	17186096	2167648	15018448	2318845973	481777
21387064143	4378815	19	8	4787866	17186640	2167704	15018936	2318882492	481777
21387635300	4378941	19	8	4788013	17187214	2167774	15019440	2318920645	481777
21388303234	4379065	14	8	4788151	17187737	2167815	15019922	2318955273	481777
21388907081	4379187	16	8	4788295	17188295	2167875	15020420	2318992251	481777
21389737915	4379311	19	8	4788430	17188851	2167936	15020915	2319028542	481777
21390617515	4379439	17	8	4788570	17189422	2167997	15021425	2319065855	481777
21391384491	4379565	16	8	4788718	17189966	2168039	15021927	2319102173	481777
21391923912	4379689	17	8	4788857	17190507	2168096	15022411	2319138052	481777
21392596409	4379817	16	8	4788997	17191065	2168146	15022919	2319174599	481777
21393420394	4379943	18	8	4789141	17191616	2168202	15023414	2319211220	481777
21394040769	4380064	18	8	4789281	17192165	2168253	15023912	2319247478	481777
21394824492	4380192	17	8	4789421	17192720	2168309	15024411	2319283975	481777
21395562592	4380314	22	8	4789556	17193260	2168360	15024900	2319319389	481777
21396346606	4380442	16	8	4789699	17193806	2168401	15025405	2319355533	481777
21397095288	4380567	16	8	4789833	17194336	2168448	15025888	2319390478	481777
21397725834	4380688	18	8	4789962	17194868	2168502	15026366	2319425311	481777
21398654297	4380816	18	8	4790109	17195422	2168543	15026879	2319461990	481777
21399337978	4380941	17	8	4790260	17195971	2168597	15027374	2319498708	481777
21400095941	4381061	19	8	4790391	17196504	2168648	15027856	2319533810	481777
21400736581	4381188	18	8	4790535	17197056	2168699	15028357	2319570562	481777
21401343627	4381317	17	8	4790672	17197618	2168769	15028849	2319607464	481777
21402126879	4381441	18	8	4790810	17198165	2168831	15029334	2319643545	481777
21402871506	4381564	18	8	4790941	17198706	2168879	15029827	2319678888	481777
21403493562	4381691	17	8	4791081	17199257	2168934	15030323	2319715393	481777
21404110237	4381817	16	8	4791221	17199797	2168991	15030806	2319751296	481777
21404722493	4381940	16	8	4791355	17200328	2169037	15031291	2319786385	481777
21405376537	4382068	18	8	4791503	17200904	2169096	15031808	2319824400	481777
21405904082	4382194	15	8	4791637	17201448	2169152	15032296	2319860144	481777
21406627061	4382318	16	8	4791777	17202008	2169216	15032792	2319897021	481777
21407449977	4382446	19	8	4791925	17202587	2169270	15033317	2319934965	481777
21407944636	4382570	16	8	4792070	17203121	2169315	15033806	2319970811	481777
21408654149	4382692	17	8	4792205	17203631	2169356	15034275	2320004751	481777
21409605129	4382818	19	8	4792344	17204185	2169401	15034784	2320041157	481777
21410205522	4382947	18	8	4792483	17204745	2169450	15035295	2320077825	481777
21410884185	4383070	16	8	4792615	17205278	2169500	15035778	2320112825	481777
21411534022	4383194	19	8	4792747	17205818	2169560	15036258	2320148288	481777
21412274178	4383320	19	8	4792886	17206366	2169615	15036751	2320184526	481777
21413043780	4383444	17	8	4793027	17206897	2169657	15037240	2320219823	481777
21413763372	4383568	14	8	4793160	17207432	2169711	15037721	2320255057	481777
21414625726	4383695	17	8	4793297	17208001	2169772	15038229	2320292336	481777
21415345821	4383824	16	8	4793448	17208574	2169831	15038743	2320330297	481777
21415925141	4383950	15	8	4793585	17209116	2169880	15039236	2320365964	481777
21416626965	4384070	18	8	4793714	17209655	2169935	15039720	2320401313	481777
21417389824	4384197	19	8	4793862	17210215	2169989	15040226	2320438497	481777
21418146715	4384324	18	8	4794001	17210763	2170041	15040722	2320474816	481777
21418806615	4384447	15	8	4794142	17211309	2170088	15041221	2320510747	481777
21419583417	4384573	17	8	4794285	17211853	2170135	15041718	2320546748	481777
21420330047	4384701	20	8	4794428	17212415	2170186	15042229	2320583854	481777
21421222526	4384824	15	8	4794565	17212960	2170244	15042716	2320619868	481777
21421927895	4384947	17	8	4794707	17213511	2170300	15043211	2320656352	481777
21422709316	4385075	13	8	4794862	17214088	2170364	15043724	2320694814	481777
21423618122	4385200	16	8	4795004	17214659	2170419	15044240	2320732196	481777
21424209853	4385322	17	8	4795139	17215199	2170466	15044733	2320790284	481776
21424774119	4385447	20	8	4795280	17215745	2170526	15045219	2320826749	481776
21425579784	4385571	24	8	4795419	17216297	2170574	15045723	2320862903	481776
21426223518	4385700	16	8	4795557	17216848	2170621	15046227	2320898948	481776
21426976006	4385821	15	8	4795689	17217364	2170664	15046700	2320933049	481776
21427802032	4385945	17	8	4795828	17217912	2170729	15047183	2320969406	481776
21428409319	4386075	21	8	4795969	17218455	2170772	15047683	2321005315	481776
21429228271	4386198	16	8	4796109	17219010	2170831	15048179	2321041973	481776
21430015525	4386320	19	8	4796241	17219540	2170878	15048662	2321076793	481776
21430836685	4386447	19	8	4796381	17220091	2170928	15049163	2321113226	481776
21431559330	4386575	19	8	4796527	17220646	2170974	15049672	2321149859	481776
21432278199	4386697	16	8	4796669	17221182	2171017	15050165	2321185499	481776
21432921938	4386820	18	8	4796805	17221722	2171069	15050653	2321221186	481776
21433597300	4386947	18	8	4796953	17222279	2171119	15051160	2321258297	481776
21434382690	4387074	16	8	4797104	17222840	2171177	15051663	2321295613	481776
21435350951	4387201	15	8	4797256	17223407	2171230	15052177	2321333196	481776
21435925717	4387320	20	8	4797389	17223943	2171281	15052662	2321368456	481776
21436460576	4387447	16	8	4797544	17224504	2171332	15053172	2321405787	481776
21437124038	4387573	19	8	4797695	17225073	2171394	15053679	2321443909	481776
21437839385	4387697	17	8	4797833	17225615	2171446	15054169	2321479508	481776
21438527621	4387819	19	8	4797976	17226167	2171502	15054665	2321516254	481776
21439165598	4387947	18	8	4798122	17226719	2171551	15055168	2321552969	481776
21439909448	4388071	15	8	4798256	17227253	2171606	15055647	2321588058	481776
21440722465	4388193	20	8	4798408	17227823	2171669	15056154	2321626013	481776
21441454693	4388321	20	8	4798557	17228394	2171725	15056669	2321663817	481776
21442212405	4388449	17	8	4798703	17228955	2171782	15057173	2321700986	481776
21443329243	4388571	19	8	4798835	17229497	2171845	15057652	2321736718	481776
21443934588	4388695	20	8	4798978	17230043	2171895	15058148	2321772852	481776
21444573198	4388821	16	8	4799119	17230588	2171945	15058643	2321808950	481776
21445443932	4388944	20	8	4799253	17231131	2171999	15059132	2321844670	481776
21446094539	4389075	16	8	4799398	17231691	2172061	15059630	2321881698	481776
21446824751	4389196	19	8	4799547	17232239	2172117	15060122	2321918594	481776
21447582724	4389321	19	8	4799700	17232809	2172175	15060634	2321956422	481776
21448420388	4389448	19	8	4799836	17233360	2172231	15061129	2321992588	481776
21449153122	4389571	18	8	4799984	17233913	2172282	15061631	2322029350	481776
21449816681	4389698	18	8	4800125	17234455	2172326	15062129	2322065324	481776
21450551109	4389825	17	8	4800267	17235013	2172378	15062635	2322102177	481776
21451207846	4389950	19	8	4800399	17235551	2172434	15063117	2322137456	481776
21451915517	4390073	14	8	4800543	17236092	2172477	15063615	2322173515	481776
21452689015	4390197	19	8	4800685	17236659	2172535	15064124	2322210809	481776
21453293797	4390327	17	8	4800832	17237212	2172586	15064626	2322247410	481776
21454175242	4390448	19	8	4800974	17237771	2172643	15065128	2322284303	481776
21454981116	4390575	14	8	4801115	17238327	2172701	15065626	2322321009	481776
21455673312	4390697	18	8	4801249	17238862	2172749	15066113	2322356260	481776
21456427618	4390825	19	8	4801389	17239424	2172805	15066619	2322393208	481776
21457144620	4390953	16	8	4801535	17239990	2172863	15067127	2322430739	481776
21457928114	4391076	13	8	4801669	17240527	2172914	15067613	2322465802	481776
21458562386	4391200	19	8	4801809	17241069	2172967	15068102	2322501785	481776
21459396959	4391329	17	8	4801954	17241635	2173019	15068616	2322539134	481776
21460276090	4391449	16	8	4802090	17242174	2173074	15069100	2322574720	481776
21460980933	4391576	11	8	4802242	17242727	2173127	15069600	2322611710	481776
21461642745	4391700	18	8	4802380	17243281	2173174	15070107	2322648100	481776
21462273151	4391823	22	8	4802527	17243835	2173233	15070602	2322684933	481776
21462828253	4391946	19	8	4802680	17244387	2173292	15071095	2322722109	481776
21463605914	4392070	15	8	4802816	17244914	2173338	15071576	2322756851	481776
21464317641	4392192	18	8	4802954	17245466	2173397	15072069	2322793427	481776
21464954428	4392325	13	8	4803105	17246029	2173442	15072587	2322830748	481776
21465597908	4392444	17	8	4803238	17246559	2173498	15073061	2322865743	481776
21466187602	4392570	17	8	4803390	17247110	2173566	15073544	2322902903	481776
21466964780	4392692	18	8	4803535	17247668	2173624	15074044	2322939978	481776
21467622858	4392818	19	8	4803671	17248223	2173680	15074543	2322976153	481776
21468141634	4392941	17	8	4803819	17248764	2173727	15075037	2323012373	481776
21468775477	4393064	16	8	4803951	17249309	2173783	15075526	2323047970	481776
21469471167	4393190	21	8	4804088	17249863	2173844	15076019	2323084404	481776
21470342451	4393319	18	8	4804225	17250427	2173902	15076525	2323121265	481776
21471113749	4393442	16	8	4804356	17250974	2173963	15077011	2323157047	481776
21471740080	4393563	16	8	4804484	17251490	2174020	15077470	2323191167	481776
21472445127	4393690	19	8	4804626	17252029	2174074	15077955	2323227157	481776
21473157087	4393818	19	8	4804766	17252575	2174124	15078451	2323263330	481776
21473932975	4393942	13	8	4804899	17253110	2174167	15078943	2323298126	481776
21474492608	4394063	12	8	4805036	17253640	2174220	15079420	2323333227	481776
21475418457	4394186	20	8	4805179	17254206	2174286	15079920	2323370775	481776
21475958762	4394314	17	8	4805313	17254755	2174344	15080411	2323406787	481776
21476521619	4394435	15	8	4805467	17255292	2174401	15080891	2323443269	481776
21477284849	4394559	19	8	4805615	17255859	2174465	15081394	2323480956	481776
21477973827	4394686	20	8	4805755	17256411	2174520	15081891	2323517346	481776
21478783042	4394813	13	8	4805901	17256970	2174580	15082390	2323554306	481776
21479699392	4394934	24	8	4806039	17257546	2174648	15082898	2323592118	481776
21480410196	4395061	19	8	4806190	17258088	2174693	15083395	2323628447	481776
21481245975	4395186	17	8	4806343	17258654	2174748	15083906	2323666245	481776
21481873617	4395309	17	8	4806478	17259192	2174808	15084384	2323701668	481776
21482524919	4395433	18	8	4806635	17259763	2174866	15084897	2323739803	481776
21483352781	4395562	15	8	4806779	17260337	2174916	15085421	2323777398	481776
21484177311	4395683	17	8	4806917	17260887	2174970	15085917	2323813535	481776
21484818502	4395808	24	8	4807058	17261428	2175024	15086404	2323849579	481776
21485494148	4395934	19	8	4807198	17261981	2175078	15086903	2323886157	481776
21486108568	4396062	15	8	4807350	17262534	2175122	15087412	2323922876	481776
21486995166	4396182	15	8	4807501	17263084	2175165	15087919	2323959439	481776
21487623114	4396303	21	8	4807640	17263629	2175217	15088412	2323995605	481776
21488248221	4396431	17	8	4807789	17264186	2175281	15088905	2324032747	481776
21489072454	4396557	16	8	4807930	17264727	2175323	15089404	2324068535	481776
21489920487	4396685	21	8	4808075	17265298	2175379	15089919	2324106160	481776
21490477825	4396808	24	8	4808217	17265833	2175425	15090408	2324141862	481776
21491237913	4396933	15	8	4808354	17266369	2175484	15090885	2324177362	481776
21491883675	4397057	18	8	4808499	17266942	2175543	15091399	2324215131	481776
21492589144	4397183	18	8	4808636	17267490	2175598	15091892	2324251116	481776
21493081465	4397308	19	8	4808772	17268023	2175658	15092365	2324286532	481776
21493715058	4397431	19	8	4808914	17268557	2175702	15092855	2324322060	481776
21494579139	4397559	14	8	4809058	17269119	2175755	15093364	2324358981	481776
21495161502	4397683	15	8	4809192	17269651	2175811	15093840	2324394191	481776
21495893499	4397808	18	8	4809335	17270221	2175866	15094355	2324431684	481776
21496541161	4397935	18	8	4809478	17270773	2175931	15094842	2324468414	481776
21497225289	4398057	18	8	4809603	17271310	2175981	15095329	2324503187	481776
21497981872	4398180	18	8	4809735	17271839	2176045	15095794	2324538073	481776
21498744938	4398302	15	8	4809870	17272382	2176107	15096275	2324573812	481776
21499656642	4398419	17	8	4809994	17272907	2176157	15096750	2324607799	481776
21500208530	4398536	22	8	4810123	17273427	2176215	15097212	2324642057	481776
21500817362	4398657	16	8	4810253	17273943	2176260	15097683	2324675919	481776
21501504571	4398774	14	8	4810380	17274450	2176297	15098153	2324709083	481776
21502203856	4398893	15	8	4810507	17274974	2176351	15098623	2324743379	481776
21502967668	4399014	16	8	4810649	17275525	2176397	15099128	2324779418	481776
21503409026	4399127	21	8	4810785	17276038	2176448	15099590	2324813569	481776
21504079800	4399247	14	8	4810917	17276549	2176497	15100052	2324847465	481776
21504700874	4399365	15	8	4811046	17277071	2176552	15100519	2324881620	481776
21505701621	4399483	19	8	4811169	17277601	2176609	15100992	2324916133	481776
21506272689	4399602	19	8	4811297	17278112	2176660	15101452	2324949774	481776
21506965280	4399718	15	8	4811420	17278622	2176713	15101909	2324983093	481776
21507453911	4399829	16	8	4811541	17279117	2176759	15102358	2325015361	481776
21508136594	4399953	19	8	4811685	17279651	2176804	15102847	2325051077	481776
21508861589	4400072	20	8	4811821	17280179	2176857	15103322	2325086042	481776
21509462298	4400192	16	8	4811955	17280697	2176909	15103788	2325120221	481776
21510299522	4400309	15	8	4812085	17281220	2176964	15104256	2325154718	481776
21510959274	4400429	18	8	4812226	17281764	2177017	15104747	2325190572	481776
21511442335	4400547	15	8	4812359	17282269	2177064	15105205	2325224301	481776
21512064350	4400667	14	8	4812493	17282794	2177119	15105675	2325258904	481776
21512986563	4400784	20	8	4812617	17283332	2177169	15106163	2325293660	481776
21513668717	4400904	15	8	4812751	17283850	2177219	15106631	2325327891	481776
21514260962	4401021	16	8	4812880	17284364	2177269	15107095	2325361663	481776
21514854001	4401142	18	8	4813023	17284897	2177317	15107580	2325397141	481776
21515378169	4401260	20	8	4813160	17285423	2177366	15108057	2325432022	481776
21515988461	4401375	17	8	4813282	17285902	2177398	15108504	2325463588	481776
21516731166	4401493	20	8	4813408	17286426	2177453	15108973	2325497900	481776
21517482143	4401617	14	8	4813542	17286947	2177500	15109447	2325532160	481776
21518060894	4401733	17	8	4813668	17287442	2177545	15109897	2325565040	481776
21518479092	4401850	16	8	4813799	17287953	2177599	15110354	2325598833	481776
21519123803	4401966	21	8	4813925	17288465	2177652	15110813	2325632595	481776
21519673251	4402090	14	8	4814072	17288975	2177698	15111277	2325667132	481776
21520352392	4402209	15	8	4814214	17289492	2177745	15111747	2325701728	481776
21521013003	4402325	18	8	4814349	17290022	2177796	15112226	2325736645	481776
21521748808	4402443	19	8	4814479	17290542	2177845	15112697	2325770866	481776
21522569129	4402557	20	8	4814605	17291039	2177892	15113147	2325803821	481776
21523277970	4402679	15	8	4814744	17291567	2177942	15113625	2325838733	481776
21523781848	4402796	16	8	4814866	17292061	2177984	15114077	2325871270	481776
21524454478	4402919	18	8	4815007	17292617	2178058	15114559	2325907887	481776
21525091699	4403034	18	8	4815143	17293116	2178103	15115013	2325941347	481776
21525862216	4403151	16	8	4815273	17293640	2178151	15115489	2325975672	481776
21526621925	4403273	15	8	4815401	17294164	2178207	15115957	2326010035	481776
21527575901	4403391	16	8	4815536	17294701	2178252	15116449	2326045084	481776
21528193139	4403503	19	8	4815663	17295207	2178304	15116903	2326078461	481776
21528744464	4403625	19	8	4815797	17295744	2178364	15117380	2326113740	481776
21529497183	4403743	13	8	4815924	17296252	2178407	15117845	2326147024	481776
21530250747	4403860	15	8	4816055	17296768	2178462	15118306	2326181178	481776
21531041753	4403981	24	8	4816185	17297310	2178517	15118793	2326216507	481776
21531587768	4404099	16	8	4816322	17297836	2178564	15119272	2326251248	481776
21532299620	4404213	17	8	4816446	17298330	2178606	15119724	2326283678	481776
21532965382	4404334	19	8	4816576	17298856	2178658	15120198	2326318158	481776
21533580510	4404454	16	8	4816700	17299366	2178717	15120649	2326351781	481776
21534120416	4404573	14	8	4816827	17299878	2178763	15121115	2326385330	481776
21534722612	4404687	22	8	4816961	17300407	2178816	15121591	2326420224	481776
21535381627	4404814	21	8	4817107	17300952	2178867	15122085	2326456349	481776
21535975363	4404928	13	8	4817236	17301462	2178920	15122542	2326489983	481776
21536602983	4405044	18	8	4817368	17301993	2178974	15123019	2326524846	481776
21537394133	4405164	19	8	4817500	17302527	2179030	15123497	2326560021	481776
21538020997	4405280	16	8	4817624	17303019	2179076	15123943	2326592520	481776
21538601045	4405398	19	8	4817751	17303525	2179122	15124403	2326625769	481776
21539176764	4405518	14	8	4817885	17304053	2179181	15124872	2326660716	481776
21539734605	4405635	18	8	4818013	17304576	2179234	15125342	2326694920	481776
21540319440	4405754	19	8	4818149	17305104	2179282	15125822	2326729784	481776
21540852903	4405874	16	8	4818286	17305620	2179325	15126295	2326763954	481776
21541527995	4405991	15	8	4818416	17306136	2179373	15126763	2326797797	481776
21542165273	4406108	17	8	4818542	17306654	2179433	15127221	2326831779	481776
21542906510	4406230	16	8	4818672	17307188	2179485	15127703	2326866629	481776
21543699127	4406350	17	8	4818805	17307726	2179534	15128192	2326901827	481776
21544220788	4406463	18	8	4818930	17308210	2179573	15128637	2326933827	481776
21544985150	4406582	18	8	4819060	17308742	2179628	15129114	2326968625	481776
21545732246	4406705	17	8	4819193	17309275	2179677	15129598	2327003355	481776
21546428686	4406821	17	8	4819323	17309780	2179712	15130068	2327036564	481776
21547308590	4406940	18	8	4819454	17310301	2179750	15130551	2327070723	481776
21547966111	4407060	16	8	4819589	17310829	2179806	15131023	2327105684	481776
21548743372	4407176	15	8	4819715	17311328	2179849	15131479	2327138426	481776
21549171573	4407288	19	8	4819849	17311833	2179902	15131931	2327172118	481776
21549943240	4407410	19	8	4819981	17312367	2179952	15132415	2327207188	481776
21550767233	4407528	17	8	4820118	17312894	2179998	15132896	2327241866	481776
21551487032	4407642	16	8	4820249	17313395	2180038	15133357	2327274897	481776
21552250508	4407763	17	8	4820382	17313930	2180092	15133838	2327310050	481776
21552838494	4407882	15	8	4820518	17314454	2180144	15134310	2327344816	481776
21553600332	4407998	18	8	4820659	17314964	2180192	15134772	2327378988	481776
21554230207	4408114	15	8	4820792	17315484	2180242	15135242	2327413241	481776
21554709924	4408232	20	8	4820926	17316006	2180292	15135714	2327447818	481776
21555162596	4408352	22	8	4821056	17316513	2180337	15136176	2327481390	481776
21555678701	4408474	15	8	4821191	17317049	2180393	15136656	2327516558	481776
21556405802	4408591	17	8	4821327	17317567	2180436	15137131	2327550888	481776
21557085931	4408709	17	8	4821457	17318081	2180487	15137594	2327584904	481776
21557736719	4408829	18	8	4821588	17318606	2180535	15138071	2327619218	481776
21558274257	4408947	16	8	4821720	17319120	2180583	15138537	2327653250	481776
21558869865	4409066	15	8	4821851	17319639	2180632	15139007	2327687452	481776
21559523815	4409183	17	8	4821987	17320178	2180690	15139488	2327722970	481776
21560086003	4409304	18	8	4822132	17320711	2180743	15139968	2327758535	481776
21561022408	4409422	15	8	4822265	17321229	2180786	15140443	2327792710	481776
21561476301	4409538	17	8	4822395	17321737	2180834	15140903	2327826334	481776
21562130757	4409659	16	8	4822532	17322261	2180884	15141377	2327861213	481776
21562597935	4409781	14	8	4822661	17322773	2180938	15141835	2327894955	481776
21563243683	4409898	21	8	4822786	17323283	2180989	15142294	2327928530	481776
21563927090	4410012	20	8	4822911	17323793	2181042	15142751	2327962026	481776
21564471798	4410134	17	8	4823056	17324315	2181086	15143229	2327996986	481776
21565151272	4410256	16	8	4823191	17324844	2181131	15143713	2328031710	481776
21565812040	4410373	20	8	4823314	17325356	2181180	15144176	2328065108	481776
21566486752	4410491	18	8	4823443	17325885	2181238	15144647	2328099632	481776
21567221399	4410606	18	8	4823571	17326403	2181291	15145112	2328133664	481776
21567706526	4410727	14	8	4823697	17326923	2181347	15145576	2328167596	481776
21568733904	4410844	17	8	4823820	17327445	2181400	15146045	2328201605	481776
21569265350	4410965	15	8	4823950	17327971	2181449	15146522	2328236000	481776
21570072510	4411079	20	8	4824078	17328490	2181496	15146994	2328269971	481776
21570926049	4411198	15	8	4824204	17328992	2181534	15147458	2328302746	481776
21571635344	4411319	14	8	4824335	17329513	2181577	15147936	2328336952	481776
21572238400	4411439	15	8	4824467	17330050	2181636	15148414	2328372173	481776
21573011549	4411557	15	8	4824596	17330567	2181689	15148878	2328406283	481776
21573718195	4411669	18	8	4824718	17331069	2181732	15149337	2328439023	481776
21574371242	4411791	16	8	4824852	17331601	2181788	15149813	2328473979	481776
21574882350	4411912	14	8	4824993	17332128	2181831	15150297	2328508914	481776
21575527975	4412027	18	8	4825121	17332643	2181880	15150763	2328542626	481776
21576126639	4412148	20	8	4825265	17333204	2181941	15151263	2328579628	481776
21576633714	4412267	17	8	4825398	17333719	2181992	15151727	2328613680	481776
21577357536	4412383	15	8	4825527	17334221	2182037	15152184	2328646835	481776
21578168012	4412503	15	8	4825673	17334769	2182092	15152677	2328683173	481776
21578936522	4412621	17	8	4825809	17335310	2182151	15153159	2328718925	481776
21579639678	4412741	17	8	4825947	17335834	2182194	15153640	2328753500	481776
21580145792	4412857	19	8	4826084	17336339	2182236	15154103	2328787206	481776
21580962582	4412976	18	8	4826216	17336860	2182289	15154571	2328821755	481776
21581820679	4413097	16	8	4826348	17337384	2182335	15155049	2328856166	481776
21582545077	4413215	13	8	4826481	17337891	2182374	15155517	2328889558	481776
21583153792	4413330	16	8	4826604	17338388	2182410	15155978	2328922009	481776
21583871641	4413450	21	8	4826735	17338899	2182453	15156446	2328956014	481776
21584615007	4413569	16	8	4826859	17339402	2182492	15156910	2328988949	481776
21585256638	4413686	16	8	4826987	17339907	2182546	15157361	2329022316	481776
21586041437	4413805	20	8	4827135	17340463	2182598	15157865	2329059269	481776
21586655883	4413926	16	8	4827264	17340987	2182651	15158336	2329093522	481776
21587360007	4414041	18	8	4827386	17341485	2182693	15158792	2329126112	481776
21588155198	4414160	16	8	4827513	17342030	2182753	15159277	2329161404	481776
21588932613	4414281	21	8	4827649	17342589	2182816	15159773	2329197956	481776
21589640074	4414402	16	8	4827777	17343097	2182855	15160242	2329231230	481776
21590385295	4414514	17	8	4827899	17343594	2182901	15160693	2329263873	481776
21591012298	4414635	17	8	4828035	17344131	2182955	15161176	2329299264	481776
21591810207	4414756	16	8	4828171	17344662	2182996	15161666	2329334031	481776
21592475184	4414873	17	8	4828294	17345175	2183043	15162132	2329367447	481776
21593467679	4414991	18	8	4828423	17345692	2183087	15162605	2329401382	481776
21593986590	4415107	22	8	4828551	17346202	2183133	15163069	2329435014	481776
21594511197	4415229	14	8	4828689	17346710	2183174	15163536	2329468831	481776
21594991400	4415345	17	8	4828815	17347206	2183218	15163988	2329501577	481776
21595755824	4415466	19	8	4828949	17347751	2183279	15164472	2329537311	481776
21596457987	4415585	18	8	4829080	17348274	2183337	15164937	2329571791	481776
21597123586	4415703	18	8	4829214	17348794	2183388	15165406	2329606270	481776
21597833867	4415821	15	8	4829347	17349329	2183444	15165885	2329641313	481776
21598610942	4415938	17	8	4829475	17349830	2183486	15166344	2329674414	481776
21599283619	4416057	19	8	4829599	17350350	2183545	15166805	2329708313	481776
21599781705	4416175	14	8	4829736	17350870	2183594	15167276	2329742878	481776
21600688806	4416291	19	8	4829862	17351405	2183650	15167755	2329777608	481776
21601407740	4416408	19	8	4829987	17351911	2183702	15168209	2329810872	481776
21602035612	4416528	17	8	4830119	17352420	2183749	15168671	2329844755	481776
21602708988	4416645	15	8	4830242	17352922	2183800	15169122	2329877678	481776
21603273152	4416765	17	8	4830381	17353455	2183846	15169609	2329912835	481776
21603895124	4416883	18	8	4830513	17353980	2183894	15170086	2329947477	481776
21604494532	4417001	21	8	4830642	17354493	2183947	15170546	2329981191	481776
21605301179	4417120	18	8	4830766	17355012	2184003	15171009	2330015033	481776
21605864943	4417238	16	8	4830895	17355510	2184048	15171462	2330048249	481776
21606458273	4417358	18	8	4831022	17356043	2184112	15171931	2330083182	481776
21606879385	4417479	20	8	4831162	17356574	2184169	15172405	2330118367	481776
21607549728	4417592	18	8	4831282	17357087	2184223	15172864	2330151788	481776
21608214577	4417714	17	8	4831417	17357623	2184281	15173342	2330187056	481776
21608924189	4417835	14	8	4831550	17358148	2184329	15173819	2330221580	481776
21609549961	4417948	18	8	4831676	17358664	2184380	15174284	2330255300	481776
21610101103	4418069	22	8	4831809	17359181	2184431	15174750	2330289683	481776
21610677055	4418188	17	8	4831935	17359683	2184481	15175202	2330322929	481776
21611548824	4418306	15	8	4832056	17360199	2184533	15175666	2330356292	481776
21612154592	4418424	17	8	4832185	17360724	2184582	15176142	2330390694	481776
21612857918	4418547	16	8	4832318	17361257	2184627	15176630	2330425335	481776
21613510037	4418662	16	8	4832453	17361768	2184674	15177094	2330459328	481776
21614149137	4418776	15	8	4832586	17362270	2184720	15177550	2330492657	481776
21614874728	4418895	17	8	4832723	17362816	2184780	15178036	2330528453	481776
21615473148	4419014	20	8	4832856	17363336	2184831	15178505	2330562950	481776
21616010639	4419132	16	8	4832988	17363848	2184880	15178968	2330596709	481776
21616600730	4419246	16	8	4833132	17364360	2184927	15179433	2330631091	481776
21617592803	4419369	18	8	4833264	17364894	2184968	15179926	2330666044	481776
21618184591	4419490	18	8	4833392	17365420	2185025	15180395	2330700417	481776
21619009262	4419603	17	8	4833515	17365922	2185070	15180852	2330733320	481776
21619636979	4419721	19	8	4833646	17366449	2185125	15181324	2330767810	481776
21620212610	4419842	20	8	4833769	17366973	2185180	15181793	2330801870	481776
21620966765	4419962	14	8	4833898	17367490	2185225	15182265	2330835645	481776
21621420207	4420075	19	8	4834029	17368026	2185282	15182744	2330870700	481776
21622047970	4420195	17	8	4834168	17368564	2185337	15183227	2330906225	481776
21622836101	4420314	21	8	4834301	17369085	2185390	15183695	2330940728	481776
21623452855	4420434	14	8	4834439	17369604	2185443	15184161	2330975151	481776
21624223306	4420551	18	8	4834573	17370123	2185490	15184633	2331009639	481776
21624942850	4420669	15	8	4834700	17370638	2185531	15185107	2331043190	481776
21625739313	4420788	14	8	4834828	17371164	2185582	15185582	2331077511	481776
21626463645	4420908	17	8	4834961	17371692	2185635	15186057	2331112283	481776
21627003472	4421027	17	8	4835088	17372203	2185693	15186510	2331146049	481776
21627695851	4421145	17	8	4835224	17372725	2185741	15186984	2331180475	481776
21628150147	4421261	16	8	4835350	17373211	2185788	15187423	2331212890	481776
21628971550	4421380	15	8	4835483	17373744	2185841	15187903	2331247779	481776
21629738167	4421498	13	8	4835616	17374253	2185887	15188366	2331281529	481776
21630374911	4421614	19	8	4835757	17374788	2185943	15188845	2331317180	481776
21631023287	4421730	21	8	4835882	17375305	2185992	15189313	2331350873	481776
21631708260	4421849	19	8	4836009	17375815	2186043	15189772	2331384459	481776
21632164993	4421968	15	8	4836146	17376317	2186092	15190225	2331418075	481776
21632865895	4422088	18	8	4836282	17376864	2186143	15190721	2331453991	481776
21633601961	4422210	12	8	4836421	17377396	2186200	15191196	2331489181	481776
21634218519	4422322	21	8	4836556	17377917	2186250	15191667	2331523774	481776
21634771862	4422443	19	8	4836701	17378443	2186298	15192145	2331558932	481776
21635440866	4422560	15	8	4836844	17378969	2186352	15192617	2331594058	481776
21636144709	4422680	15	8	4836975	17379500	2186404	15193096	2331628903	481776
21636704173	4422796	16	8	4837114	17380017	2186442	15193575	2331663061	481776
21637472994	4422913	16	8	4837239	17380531	2186492	15194039	2331696716	481776
21638061012	4423033	18	8	4837375	17381068	2186547	15194521	2331732076	481776
21638805436	4423155	16	8	4837511	17381602	2186601	15195001	2331767386	481776
21639481477	4423258	16	8	4837618	17382035	2186642	15195393	2331795866	481776
