bytes_written	total_items	curr_connections	threads	cmd_set	cmd_get	get_misses	get_hits	bytes_read
18129890273	691087	14	8	693221	11217851	2125753	9092098	2264388367	365803
18130603940	691087	18	8	693221	11218214	2125812	9092402	2264424224	365803
18131295076	691088	18	8	693222	11218587	2125871	9092716	2264461869	365802
18132119671	691088	21	8	693222	11218940	2125914	9093026	2264498160	365802
18132508597	691088	17	8	693222	11219306	2125978	9093328	2264534950	365802
18132945360	691088	17	8	693222	11219675	2126030	9093645	2264572111	365802
18133629343	691088	18	8	693222	11220067	2126087	9093980	2264610730	365802
18134396866	691088	19	8	693222	11220453	2126156	9094297	2264648754	365802
18135125303	691088	19	8	693222	11220823	2126212	9094611	2264685605	365802
18135809760	691088	20	8	693222	11221203	2126270	9094933	2264722825	365802
18136425007	691088	17	8	693222	11221571	2126327	9095244	2264760395	365802
18137217012	691088	15	8	693222	11221957	2126385	9095572	2264798779	365802
18137857392	691088	20	8	693222	11222339	2126445	9095894	2264836343	365802
18138666419	691088	19	8	693222	11222725	2126504	9096221	2264874065	365802
18139232618	691088	17	8	693222	11223086	2126553	9096533	2264911025	365802
18140076229	691088	17	8	693222	11223459	2126606	9096853	2264948217	365802
18140744310	691088	18	8	693222	11223843	2126668	9097175	2264986317	365802
18141676547	691088	22	8	693222	11224225	2126725	9097500	2265023814	365802
18142524852	691088	21	8	693222	11224606	2126783	9097823	2265061623	365802
18143346223	691088	17	8	693222	11224978	2126838	9098140	2265098933	365802
18143937855	691088	19	8	693222	11225351	2126893	9098458	2265136552	365802
18144637561	691089	19	8	693223	11225745	2126949	9098796	2265175341	365802
18145130478	691089	17	8	693223	11226105	2127006	9099099	2265211713	365802
18145612431	691089	17	8	693223	11226465	2127059	9099406	2265248339	365802
18146154690	691089	19	8	693223	11226845	2127123	9099722	2265286047	365802
18146723352	691089	17	8	693223	11227224	2127185	9100039	2265324061	365802
18147444729	691089	20	8	693223	11227609	2127245	9100364	2265361873	365802
18148170399	691089	16	8	693223	11227962	2127289	9100673	2265397021	365802
18148962071	691089	20	8	693223	11228357	2127340	9101017	2265435647	365802
18149787426	691089	17	8	693223	11228738	2127390	9101348	2265473418	365802
18150336357	691089	18	8	693223	11229108	2127454	9101654	2265510905	365802
18150946279	691089	19	8	693223	11229475	2127511	9101964	2265547463	365802
18151919829	691089	21	8	693223	11229870	2127567	9102303	2265586117	365802
18152515121	691089	17	8	693223	11230241	2127616	9102625	2265623558	365802
18152966713	691089	15	8	693223	11230598	2127672	9102926	2265660279	365802
18153428330	691089	18	8	693223	11230977	2127735	9103242	2265697960	365802
18153896165	691089	19	8	693223	11231332	2127790	9103542	2265734605	365802
18154734806	691089	17	8	693223	11231705	2127849	9103856	2265771218	365802
18155401743	691089	17	8	693223	11232065	2127901	9104164	2265808022	365802
18155897130	691089	18	8	693223	11232444	2127964	9104480	2265845933	365802
18156300783	691089	20	8	693223	11232815	2128022	9104793	2265882880	365802
18156983978	691089	16	8	693223	11233186	2128073	9105113	2265919936	365802
18157579257	691089	16	8	693223	11233553	2128135	9105418	2265957127	365802
18158196264	691089	20	8	693223	11233936	2128190	9105746	2265995078	365802
18158816712	691091	18	8	693225	11234292	2128240	9106052	2266065762	365801
18159296730	691091	20	8	693225	11234663	2128296	9106367	2266102964	365801
18159996973	691091	19	8	693225	11235049	2128365	9106684	2266141075	365801
18160654790	691091	16	8	693225	11235441	2128437	9107004	2266179630	365801
18161278291	691091	16	8	693225	11235802	2128491	9107311	2266215747	365801
18162001586	691091	19	8	693225	11236175	2128542	9107633	2266253006	365801
18162833894	691091	17	8	693225	11236567	2128600	9107967	2266291640	365801
18163419751	691091	15	8	693225	11236944	2128654	9108290	2266329160	365801
18164195252	691091	18	8	693225	11237313	2128713	9108600	2266365673	365801
18164736380	691091	20	8	693225	11237690	2128777	9108913	2266403456	365801
18165325835	691091	21	8	693225	11238089	2128835	9109254	2266441817	365801
18166069045	691092	16	8	693226	11238461	2128904	9109557	2266479332	365800
18166602598	691092	19	8	693226	11238832	2128968	9109864	2266516311	365800
18167207063	691092	18	8	693226	11239196	2129019	9110177	2266553239	365800
18167958336	691092	20	8	693226	11239565	2129071	9110494	2266590255	365800
18168509051	691092	16	8	693226	11239941	2129131	9110810	2266627834	365800
18169190316	691092	15	8	693226	11240320	2129192	9111128	2266665668	365800
18169762527	691092	21	8	693226	11240711	2129248	9111463	2266703633	365800
18170396276	691092	20	8	693226	11241075	2129298	9111777	2266740346	365800
18171118561	691092	18	8	693226	11241459	2129355	9112104	2266778786	365800
18172001693	691092	17	8	693226	11241828	2129407	9112421	2266816048	365800
18172528383	691092	19	8	693226	11242217	2129466	9112751	2266854135	365800
18173280509	691092	20	8	693226	11242618	2129522	9113096	2266892694	365800
18174213496	691092	18	8	693226	11242995	2129575	9113420	2266929875	365800
18174813000	691092	20	8	693226	11243370	2129640	9113730	2266967369	365800
18175600003	691092	19	8	693226	11243751	2129691	9114060	2267005571	365800
18176353013	691092	16	8	693226	11244130	2129751	9114379	2267043648	365800
18176884288	691092	21	8	693226	11244482	2129798	9114684	2267079135	365800
18177613149	691092	20	8	693226	11244850	2129850	9115000	2267115716	365800
18178206723	691092	16	8	693226	11245225	2129900	9115325	2267154289	365800
18179238833	691092	15	8	693226	11245610	2129969	9115641	2267192388	365800
18179916138	691092	17	8	693226	11245990	2130029	9115961	2267229567	365800
18180508825	691092	22	8	693226	11246372	2130078	9116294	2267267405	365800
18181068064	691092	17	8	693226	11246743	2130135	9116608	2267304819	365800
18181715216	691092	16	8	693226	11247113	2130195	9116918	2267342243	365800
18182400812	691092	18	8	693226	11247487	2130250	9117237	2267379525	365800
18183165720	691092	20	8	693226	11247885	2130319	9117566	2267418584	365800
18183985653	691092	17	8	693226	11248249	2130374	9117875	2267454730	365800
18184704286	691092	16	8	693226	11248630	2130422	9118208	2267492046	365800
18185439236	691092	18	8	693226	11248996	2130473	9118523	2267529499	365800
18186120968	691092	21	8	693226	11249384	2130533	9118851	2267567390	365800
18186612949	691092	17	8	693226	11249748	2130593	9119155	2267604248	365800
18187125411	691092	21	8	693226	11250117	2130653	9119464	2267641062	365800
18187826781	691092	18	8	693226	11250506	2130714	9119792	2267680014	365800
18188408645	691092	17	8	693226	11250886	2130777	9120109	2267717815	365800
18189402159	691092	15	8	693226	11251255	2130825	9120430	2267754960	365800
18190017277	691092	18	8	693226	11251630	2130883	9120747	2267792325	365800
18190969337	691092	19	8	693226	11252024	2130946	9121078	2267830570	365800
18191623567	691092	18	8	693226	11252390	2131002	9121388	2267867810	365800
18192275996	691092	18	8	693226	11252770	2131065	9121705	2267904901	365800
18192920605	691092	19	8	693226	11253160	2131128	9122032	2267943310	365800
18193434537	691092	19	8	693226	11253523	2131178	9122345	2267979510	365800
18194311275	691092	18	8	693226	11253900	2131237	9122663	2268017504	365800
18195152935	691093	17	8	693227	11254281	2131294	9122987	2268055599	365799
18195816412	691093	14	8	693227	11254635	2131348	9123287	2268092044	365799
18196534399	691093	17	8	693227	11255011	2131402	9123609	2268129488	365799
18197108832	691093	18	8	693227	11255385	2131463	9123922	2268166839	365799
18197586554	691093	17	8	693227	11255758	2131527	9124231	2268204588	365799
18198542941	691093	15	8	693227	11256129	2131578	9124551	2268241228	365799
18199161048	691093	15	8	693227	11256480	2131627	9124853	2268276517	365799
18199800351	691093	22	8	693227	11256858	2131689	9125169	2268313592	365799
18200267409	691093	17	8	693227	11257221	2131747	9125474	2268351332	365799
18200778235	691093	17	8	693227	11257593	2131805	9125788	2268388365	365799
18201343231	691093	17	8	693227	11257955	2131862	9126093	2268425072	365799
18201821701	691093	18	8	693227	11258306	2131909	9126397	2268461159	365799
18202280224	691093	18	8	693227	11258676	2131970	9126706	2268497907	365799
18202845924	691093	18	8	693227	11259062	2132035	9127027	2268536300	365799
18203631813	691093	18	8	693227	11259444	2132102	9127342	2268574302	365799
18204226820	691093	17	8	693227	11259812	2132160	9127652	2268611336	365799
18204856643	691093	20	8	693227	11260194	2132221	9127973	2268649477	365799
18205472354	691093	14	8	693227	11260553	2132273	9128280	2268686162	365799
18206053586	691093	18	8	693227	11260942	2132340	9128602	2268724269	365799
18206772255	691093	20	8	693227	11261310	2132390	9128920	2268761495	365799
18207547143	691093	19	8	693227	11261702	2132453	9129249	2268799058	365799
18208400964	691093	14	8	693227	11262064	2132499	9129565	2268836219	365799
18209087108	691093	18	8	693227	11262440	2132555	9129885	2268873149	365799
18209852356	691093	19	8	693227	11262834	2132619	9130215	2268911826	365799
18210380936	691093	18	8	693227	11263195	2132669	9130526	2268949013	365799
18211144424	691093	17	8	693227	11263578	2132736	9130842	2268986167	365799
18211687164	691093	19	8	693227	11263944	2132788	9131156	2269023248	365799
18212146933	691093	19	8	693227	11264314	2132836	9131478	2269060507	365799
18212856079	691093	18	8	693227	11264692	2132896	9131796	2269097962	365799
18213372376	691093	18	8	693227	11265077	2132964	9132113	2269135388	365799
18213978639	691093	17	8	693227	11265449	2133019	9132430	2269172411	365799
18214451218	691093	16	8	693227	11265830	2133085	9132745	2269210834	365799
18215067200	691093	19	8	693227	11266218	2133161	9133057	2269248836	365799
18215813426	691093	19	8	693227	11266584	2133213	9133371	2269285582	365799
18216536940	691094	18	8	693228	11266969	2133277	9133692	2269323610	365798
18217151620	691094	17	8	693228	11267350	2133339	9134011	2269361501	365798
18217784792	691094	19	8	693228	11267723	2133398	9134325	2269398402	365798
18218379117	691094	19	8	693228	11268098	2133451	9134647	2269436067	365798
18219113177	691094	18	8	693228	11268473	2133515	9134958	2269473512	365798
18219694760	691094	21	8	693228	11268816	2133567	9135249	2269508899	365798
18220275935	691094	22	8	693228	11269214	2133626	9135588	2269547586	365798
18220951787	691094	15	8	693228	11269594	2133680	9135914	2269585579	365798
18221472486	691094	17	8	693228	11269945	2133736	9136209	2269621602	365798
18222046302	691094	22	8	693228	11270337	2133803	9136534	2269660029	365798
18222749877	691094	17	8	693228	11270717	2133862	9136855	2269697861	365798
18223801796	691094	15	8	693228	11271090	2133913	9137177	2269734891	365798
18224250306	691094	16	8	693228	11271456	2133972	9137484	2269771522	365798
18225042106	691094	19	8	693228	11271837	2134031	9137806	2269809583	365798
18225632371	691094	16	8	693228	11272206	2134084	9138122	2269846879	365798
18226559337	691094	18	8	693228	11272594	2134147	9138447	2269884579	365798
18227074973	691094	19	8	693228	11272975	2134207	9138768	2269921910	365798
18227603025	691094	16	8	693228	11273333	2134258	9139075	2269959123	365798
18228195347	691094	18	8	693228	11273707	2134312	9139395	2269996744	365798
18228704457	691094	14	8	693228	11274073	2134378	9139695	2270033584	365798
18229704727	691094	20	8	693228	11274492	2134446	9140046	2270073026	365798
18230612429	691094	16	8	693228	11274863	2134495	9140368	2270111080	365798
18231617348	691094	16	8	693228	11275250	2134554	9140696	2270148417	365798
18232136900	691094	16	8	693228	11275609	2134604	9141005	2270185015	365798
18232714659	691094	16	8	693228	11275990	2134660	9141330	2270223175	365798
18233374232	691094	18	8	693228	11276363	2134719	9141644	2270260378	365798
18233946013	691094	17	8	693228	11276728	2134772	9141956	2270297599	365798
18234571840	691094	19	8	693228	11277128	2134838	9142290	2270335959	365798
18235221704	691094	14	8	693228	11277495	2134883	9142612	2270373352	365798
18235901978	691094	19	8	693228	11277867	2134942	9142925	2270410724	365798
18236609819	691094	20	8	693228	11278242	2134999	9143243	2270448326	365798
18237437569	691094	18	8	693228	11278635	2135060	9143575	2270486613	365798
18237983433	691094	12	8	693228	11278993	2135114	9143879	2270523380	365798
18238659599	691094	19	8	693228	11279369	2135166	9144203	2270560773	365798
18239493658	691094	19	8	693228	11279747	2135231	9144516	2270598377	365798
18240181292	691094	19	8	693228	11280130	2135292	9144838	2270636429	365798
18240928422	691094	16	8	693228	11280509	2135346	9145163	2270674123	365798
18241761326	691094	19	8	693228	11280885	2135401	9145484	2270711774	365798
18242562578	691094	17	8	693228	11281258	2135458	9145800	2270749502	365798
18243475344	691095	16	8	693229	11281625	2135512	9146113	2270786352	365797
18243862647	691095	18	8	693229	11281984	2135569	9146415	2270823356	365797
18244362629	691095	15	8	693229	11282355	2135632	9146723	2270861024	365797
18244949662	691095	17	8	693229	11282741	2135698	9147043	2270898841	365797
18245423764	691095	16	8	693229	11283101	2135748	9147353	2270935421	365797
18246181844	691095	20	8	693229	11283479	2135797	9147682	2270973675	365797
18246725673	691095	15	8	693229	11283848	2135848	9148000	2271010427	365797
18247159116	691095	18	8	693229	11284217	2135902	9148315	2271046980	365797
18247892544	691095	16	8	693229	11284605	2135964	9148641	2271085627	365797
18248762680	691095	19	8	693229	11284998	2136020	9148978	2271124049	365797
18249297241	691095	15	8	693229	11285334	2136063	9149271	2271159055	365797
18250023406	691095	23	8	693229	11285702	2136110	9149592	2271196106	365797
18250822604	691095	20	8	693229	11286101	2136170	9149931	2271234471	365797
18251347298	691095	15	8	693229	11286463	2136220	9150243	2271272086	365797
18251776967	691096	18	8	693230	11286824	2136292	9150532	2271307771	365796
18252509088	691096	16	8	693230	11287180	2136345	9150835	2271343487	365796
18253034918	691096	15	8	693230	11287545	2136397	9151148	2271379883	365796
18253672045	691096	18	8	693230	11287885	2136444	9151441	2271414070	365796
18254331000	691096	19	8	693230	11288245	2136492	9151753	2271449438	365796
18255067420	691096	16	8	693230	11288596	2136550	9152046	2271485443	365796
18255493079	691096	18	8	693230	11288940	2136607	9152333	2271521009	365796
18256235301	691096	19	8	693230	11289304	2136667	9152637	2271556328	365796
18256760632	691096	16	8	693230	11289637	2136707	9152930	2271590025	365796
18257333380	691096	16	8	693230	11289969	2136749	9153220	2271624266	365796
18257805008	691096	17	8	693230	11290328	2136797	9153531	2271660526	365796
18258442363	691096	15	8	693230	11290706	2136864	9153842	2271697373	365796
18258848864	691096	18	8	693230	11291065	2136923	9154142	2271732439	365796
18259405391	691096	21	8	693230	11291407	2136963	9154444	2271767068	365796
18260098304	691096	14	8	693230	11291743	2137019	9154724	2271802448	365796
18260680084	691096	16	8	693230	11292096	2137077	9155019	2271837892	365796
18261272222	691096	17	8	693230	11292447	2137141	9155306	2271873336	365796
18261877452	691096	21	8	693230	11292809	2137202	9155607	2271909754	365796
18262574923	691096	15	8	693230	11293170	2137269	9155901	2271945690	365796
18263182596	691096	19	8	693230	11293528	2137323	9156205	2271980909	365796
18263882337	691096	17	8	693230	11293885	2137372	9156513	2272017072	365796
18264611942	691096	19	8	693230	11294224	2137416	9156808	2272052069	365796
18265283511	691096	17	8	693230	11294574	2137469	9157105	2272086947	365796
18265967577	691096	20	8	693230	11294937	2137526	9157411	2272122449	365796
18266485759	691096	16	8	693230	11295285	2137586	9157699	2272158284	365796
18267059941	691096	16	8	693230	11295626	2137629	9157997	2272193031	365796
18268035233	691096	16	8	693230	11295971	2137677	9158294	2272227831	365796
18268601743	691096	19	8	693230	11296319	2137731	9158588	2272263660	365796
18269188916	691096	18	8	693230	11296665	2137784	9158881	2272298874	365796
18269690122	691096	16	8	693230	11297002	2137839	9159163	2272332789	365796
18270097549	691096	16	8	693230	11297348	2137893	9159455	2272368344	365796
18270718551	691096	18	8	693230	11297697	2137932	9159765	2272403657	365796
18271469277	691096	17	8	693230	11298049	2137991	9160058	2272439085	365796
18272137368	691096	19	8	693230	11298404	2138045	9160359	2272474047	365796
18272740006	691096	19	8	693230	11298770	2138093	9160677	2272510457	365796
18273380649	691096	15	8	693230	11299114	2138141	9160973	2272545473	365796
18274021137	691096	19	8	693230	11299456	2138186	9161270	2272579887	365796
18274707508	691096	22	8	693230	11299834	2138245	9161589	2272617010	365796
18275324981	691096	18	8	693230	11300189	2138304	9161885	2272652289	365796
18275933846	691096	15	8	693230	11300527	2138357	9162170	2272686651	365796
18276457345	691096	14	8	693230	11300867	2138410	9162457	2272720687	365796
18277086162	691096	25	8	693230	11301226	2138459	9162767	2272756714	365796
18277742878	691096	16	8	693230	11301579	2138510	9163069	2272792134	365796
18278400515	691096	15	8	693230	11301920	2138563	9163357	2272826306	365796
18278839679	691096	17	8	693230	11302268	2138616	9163652	2272861493	365796
18279373947	691096	17	8	693230	11302643	2138683	9163960	2272898744	365796
18280007530	691096	16	8	693230	11302992	2138733	9164259	2272933394	365796
18280788118	691096	15	8	693230	11303335	2138785	9164550	2272967737	365796
18281414599	691097	17	8	693231	11303698	2138843	9164855	2273004134	365795
18281934919	691097	16	8	693231	11304065	2138899	9165166	2273040524	365795
18282723315	691097	17	8	693231	11304399	2138954	9165445	2273074615	365795
18283458129	691097	18	8	693231	11304743	2138993	9165750	2273108965	365795
18284094055	691097	19	8	693231	11305121	2139057	9166064	2273145692	365795
18284818360	691097	17	8	693231	11305481	2139114	9166367	2273182124	365795
18285392201	691097	17	8	693231	11305820	2139155	9166665	2273215773	365795
18286097866	691097	21	8	693231	11306179	2139216	9166963	2273250784	365795
18286609642	691097	20	8	693231	11306521	2139266	9167255	2273286192	365795
18287247388	691097	15	8	693231	11306880	2139316	9167564	2273321563	365795
18287824730	691097	17	8	693231	11307225	2139374	9167851	2273355952	365795
18288368831	691097	21	8	693231	11307596	2139438	9168158	2273392644	365795
18288960615	691097	15	8	693231	11307948	2139493	9168455	2273429138	365795
18289326813	691097	14	8	693231	11308288	2139545	9168743	2273463448	365795
18289947407	691097	18	8	693231	11308634	2139596	9169038	2273497987	365795
18290737112	691097	21	8	693231	11309008	2139648	9169360	2273534320	365795
18291378949	691097	17	8	693231	11309345	2139693	9169652	2273569360	365795
18291986229	691097	15	8	693231	11309694	2139752	9169942	2273604140	365795
18292771656	691097	16	8	693231	11310042	2139799	9170243	2273638981	365795
18293315734	691097	20	8	693231	11310405	2139853	9170552	2273675043	365795
18293829196	691097	17	8	693231	11310754	2139915	9170839	2273710313	365795
18294561573	691098	16	8	693232	11311097	2139964	9171133	2273744929	365794
18295120998	691098	18	8	693232	11311460	2140026	9171434	2273780899	365794
18295480550	691098	18	8	693232	11311793	2140072	9171721	2273815527	365794
18296100615	691098	15	8	693232	11312136	2140123	9172013	2273849928	365794
18296758486	691098	16	8	693232	11312507	2140184	9172323	2273886286	365794
18297513075	691099	18	8	693233	11312849	2140230	9172619	2273921334	365793
18298211479	691099	20	8	693233	11313226	2140293	9172933	2273957947	365793
18298870563	691099	16	8	693233	11313559	2140344	9173215	2273992040	365793
18299482325	691099	17	8	693233	11313915	2140391	9173524	2274027084	365793
18300141816	691099	18	8	693233	11314275	2140436	9173839	2274062997	365793
18300783997	691099	18	8	693233	11314611	2140492	9174119	2274098103	365793
18301514670	691099	19	8	693233	11314977	2140547	9174430	2274133551	365793
18302359849	691099	18	8	693233	11315326	2140595	9174731	2274169240	365793
18302961696	691099	15	8	693233	11315690	2140661	9175029	2274205005	365793
18303415401	691099	15	8	693233	11316039	2140723	9175316	2274240006	365793
18304109722	691099	22	8	693233	11316381	2140766	9175615	2274274808	365793
18304533807	691099	16	8	693233	11316714	2140816	9175898	2274309110	365793
18305280088	691099	14	8	693233	11317067	2140866	9176201	2274344659	365793
18305829064	691099	17	8	693233	11317434	2140931	9176503	2274381098	365793
18306406720	691099	18	8	693233	11317795	2140981	9176814	2274417165	365793
18307015612	691099	15	8	693233	11318153	2141041	9177112	2274453148	365793
18307731844	691099	20	8	693233	11318496	2141088	9177408	2274487835	365793
18308309811	691099	19	8	693233	11318861	2141150	9177711	2274524172	365793
18309099856	691099	13	8	693233	11319213	2141215	9177998	2274559995	365793
18309844895	691099	18	8	693233	11319581	2141265	9178316	2274595764	365793
18310564967	691099	17	8	693233	11319919	2141305	9178614	2274630320	365793
18311228458	691099	15	8	693233	11320273	2141358	9178915	2274665289	365793
18311867934	691099	20	8	693233	11320643	2141419	9179224	2274701878	365793
18312323993	691099	17	8	693233	11320988	2141460	9179528	2274736901	365793
18312843074	691099	15	8	693233	11321327	2141509	9179818	2274771550	365793
18313299711	691099	19	8	693233	11321690	2141571	9180119	2274807216	365793
18313844881	691099	19	8	693233	11322046	2141627	9180419	2274843185	365793
18314411682	691099	15	8	693233	11322393	2141682	9180711	2274878165	365793
18314891959	691099	18	8	693233	11322756	2141751	9181005	2274914110	365793
18315439779	691099	20	8	693233	11323127	2141807	9181320	2274950870	365793
18315947071	691099	16	8	693233	11323453	2141860	9181593	2274984542	365793
18316411235	691099	19	8	693233	11323794	2141911	9181883	2275018875	365793
18316850103	691099	20	8	693233	11324142	2141958	9182184	2275054556	365793
18317477096	691099	18	8	693233	11324499	2142021	9182478	2275090132	365793
18317782001	691099	17	8	693233	11324839	2142080	9182759	2275124488	365793
18318479531	691099	20	8	693233	11325190	2142138	9183052	2275159788	365793
18319095018	691099	17	8	693233	11325537	2142191	9183346	2275195106	365793
18319559014	691099	16	8	693233	11325879	2142247	9183632	2275229839	365793
18320172923	691099	18	8	693233	11326215	2142297	9183918	2275264358	365793
18320814181	691099	21	8	693233	11326578	2142355	9184223	2275300600	365793
18321481852	691099	15	8	693233	11326916	2142408	9184508	2275335496	365793
18322131454	691099	15	8	693233	11327256	2142450	9184806	2275369685	365793
18322836539	691099	18	8	693233	11327619	2142508	9185111	2275405808	365793
18323429324	691099	17	8	693233	11327987	2142566	9185421	2275442821	365793
18323839964	691099	18	8	693233	11328336	2142624	9185712	2275477672	365793
18324363219	691099	19	8	693233	11328685	2142680	9186005	2275512897	365793
18325068490	691099	19	8	693233	11329069	2142742	9186327	2275549963	365793
18325530487	691099	16	8	693233	11329427	2142806	9186621	2275586539	365793
18326120278	691099	16	8	693233	11329771	2142864	9186907	2275621153	365793
18326821466	691099	19	8	693233	11330124	2142915	9187209	2275656128	365793
18327470400	691099	20	8	693233	11330501	2142978	9187523	2275693437	365793
18328122563	691099	16	8	693233	11330860	2143032	9187828	2275729106	365793
18328819475	691099	15	8	693233	11331198	2143074	9188124	2275763163	365793
18329401690	691099	19	8	693233	11331539	2143120	9188419	2275797747	365793
18330138972	691099	20	8	693233	11331902	2143166	9188736	2275834030	365793
18330786382	691099	16	8	693233	11332278	2143238	9189040	2275870732	365793
18331342541	691099	18	8	693233	11332630	2143299	9189331	2275905691	365793
18331943267	691099	17	8	693233	11332995	2143358	9189637	2275941713	365793
18332781387	691099	20	8	693233	11333365	2143407	9189958	2275977652	365793
18333421672	691099	16	8	693233	11333716	2143461	9190255	2276013168	365793
18334125709	691099	18	8	693233	11334076	2143517	9190559	2276048871	365793
18334703348	691099	16	8	693233	11334423	2143575	9190848	2276084673	365793
18335474220	691099	20	8	693233	11334774	2143630	9191144	2276119955	365793
18336081886	691099	19	8	693233	11335130	2143683	9191447	2276154977	365793
18336604967	691099	18	8	693233	11335475	2143737	9191738	2276189960	365793
18337089664	691099	16	8	693233	11335830	2143794	9192036	2276225368	365793
18337710508	691099	18	8	693233	11336182	2143851	9192331	2276260761	365793
18338310369	691099	16	8	693233	11336535	2143915	9192620	2276296184	365793
18338962256	691099	18	8	693233	11336897	2143973	9192924	2276331929	365793
18339527716	691099	18	8	693233	11337258	2144031	9193227	2276368175	365793
18340057248	691099	18	8	693233	11337598	2144079	9193519	2276402619	365793
18340716917	691099	18	8	693233	11337939	2144129	9193810	2276437244	365793
18341436528	691099	20	8	693233	11338318	2144186	9194132	2276474375	365793
18341932168	691099	16	8	693233	11338661	2144242	9194419	2276509748	365793
18342548113	691099	18	8	693233	11339017	2144299	9194718	2276544900	365793
18343530584	691099	18	8	693233	11339385	2144354	9195031	2276581306	365793
18344113730	691100	19	8	693234	11339733	2144421	9195312	2276617350	365792
18344783756	691100	15	8	693234	11340068	2144460	9195608	2276651247	365792
18345328543	691100	18	8	693234	11340427	2144511	9195916	2276687172	365792
18345799081	691100	19	8	693234	11340769	2144560	9196209	2276721767	365792
18346661097	691100	18	8	693234	11341146	2144616	9196530	2276758324	365792
18347277135	691100	17	8	693234	11341503	2144671	9196832	2276793477	365792
18347730457	691100	16	8	693234	11341866	2144734	9197132	2276829705	365792
18348357765	691100	18	8	693234	11342215	2144784	9197431	2276865088	365792
18348851429	691100	17	8	693234	11342559	2144832	9197727	2276899801	365792
18349479113	691100	16	8	693234	11342918	2144884	9198034	2276935492	365792
18350133251	691100	17	8	693234	11343282	2144945	9198337	2276971558	365792
18350771435	691100	14	8	693234	11343615	2144992	9198623	2277005000	365792
18351516489	691100	21	8	693234	11343992	2145048	9198944	2277041650	365792
18352247112	691100	18	8	693234	11344334	2145096	9199238	2277077332	365792
18352927916	691100	15	8	693234	11344661	2145137	9199524	2277110782	365792
18353478681	691100	19	8	693234	11345004	2145189	9199815	2277144830	365792
18353865363	691100	21	8	693234	11345357	2145242	9200115	2277181051	365792
18354479701	691100	18	8	693234	11345693	2145289	9200404	2277215321	365792
18354998364	691100	17	8	693234	11346050	2145349	9200701	2277250665	365792
18355669042	691100	18	8	693234	11346416	2145416	9201000	2277287131	365792
18356305603	691101	18	8	693235	11346788	2145473	9201315	2277323441	365791
18357017840	691102	14	8	693236	11347127	2145524	9201603	2277358088	365790
18357485313	691102	16	8	693236	11347469	2145575	9201894	2277392457	365790
18358045662	691103	18	8	693237	11347827	2145631	9202196	2277427657	365789
18358533179	691103	19	8	693237	11348174	2145679	9202495	2277463361	365789
18359225671	691103	15	8	693237	11348528	2145730	9202798	2277498730	365789
18359944504	691103	15	8	693237	11348883	2145781	9203102	2277533862	365789
18360533232	691104	18	8	693238	11349250	2145840	9203410	2277570369	365788
18361082703	691104	17	8	693238	11349613	2145892	9203721	2277606654	365788
18361849640	691104	20	8	693238	11349972	2145946	9204026	2277642083	365788
18362450469	691104	18	8	693238	11350323	2145996	9204327	2277677609	365788
18362933052	691104	19	8	693238	11350680	2146055	9204625	2277712795	365788
18363423982	691104	15	8	693238	11351023	2146110	9204913	2277748192	365788
18364396623	691104	16	8	693238	11351387	2146172	9205215	2277784003	365788
18364962675	691104	19	8	693238	11351748	2146237	9205511	2277819540	365788
18365693301	691104	19	8	693238	11352098	2146290	9205808	2277855442	365788
18366317326	691105	17	8	693239	11352445	2146352	9206093	2277890183	365787
18366868359	691105	18	8	693239	11352788	2146404	9206384	2277924964	365787
18367412955	691105	18	8	693239	11353155	2146460	9206695	2277961389	365787
18368089089	691105	15	8	693239	11353498	2146502	9206996	2277996117	365787
18368626654	691105	17	8	693239	11353841	2146551	9207290	2278030720	365787
18369117904	691105	16	8	693239	11354187	2146605	9207582	2278066116	365787
18369891277	691105	18	8	693239	11354549	2146658	9207891	2278101901	365787
18370509110	691105	16	8	693239	11354916	2146718	9208198	2278137698	365787
18371203889	691105	17	8	693239	11355279	2146781	9208498	2278174009	365787
18371792790	691105	20	8	693239	11355630	2146823	9208807	2278209357	365787
18372285027	691105	16	8	693239	11355981	2146876	9209105	2278244588	365787
18372902871	691105	15	8	693239	11356327	2146916	9209411	2278279511	365787
18373530325	691105	19	8	693239	11356691	2146972	9209719	2278315825	365787
18374408629	691105	17	8	693239	11357053	2147023	9210030	2278351886	365787
18375117872	691105	15	8	693239	11357415	2147089	9210326	2278386895	365787
18375779058	691105	19	8	693239	11357801	2147154	9210647	2278424241	365787
18376358629	691105	17	8	693239	11358161	2147213	9210948	2278460818	365787
18377072414	691105	17	8	693239	11358499	2147264	9211235	2278495344	365787
18377600861	691105	20	8	693239	11358845	2147314	9211531	2278530155	365787
18378114274	691105	19	8	693239	11359196	2147363	9211833	2278565698	365787
18378730245	691105	18	8	693239	11359568	2147432	9212136	2278601520	365787
18379258713	691105	15	8	693239	11359908	2147482	9212426	2278635957	365787
18379681588	691105	17	8	693239	11360256	2147542	9212714	2278671788	365787
18380253599	691105	18	8	693239	11360616	2147603	9213013	2278708189	365787
18380786653	691105	15	8	693239	11360968	2147663	9213305	2278743212	365787
18381295795	691105	19	8	693239	11361303	2147708	9213595	2278777069	365787
18382001961	691105	21	8	693239	11361662	2147764	9213898	2278813161	365787
18382562615	691105	18	8	693239	11362029	2147818	9214211	2278849827	365787
18382998412	691105	16	8	693239	11362375	2147871	9214504	2278884183	365787
18383687745	691105	17	8	693239	11362728	2147924	9214804	2278919645	365787
18384402314	691105	16	8	693239	11363096	2147981	9215115	2278956151	365787
18384947422	691105	15	8	693239	11363432	2148024	9215408	2278990128	365787
18385617681	691105	18	8	693239	11363786	2148076	9215710	2279025152	365787
18386329519	691105	15	8	693239	11364128	2148126	9216002	2279060432	365787
18386804408	691105	17	8	693239	11364480	2148176	9216304	2279095875	365787
18387408230	691105	19	8	693239	11364826	2148225	9216601	2279130657	365787
18387990725	691105	20	8	693239	11365200	2148280	9216920	2279166471	365787
18388737869	691105	21	8	693239	11365544	2148350	9217194	2279202043	365787
18389437203	691105	16	8	693239	11365911	2148411	9217500	2279238318	365787
18390047839	691105	16	8	693239	11366265	2148471	9217794	2279273598	365787
18390578575	691105	19	8	693239	11366612	2148510	9218102	2279308255	365787
18391325536	691105	20	8	693239	11366994	2148584	9218410	2279345288	365787
18391910651	691105	14	8	693239	11367328	2148643	9218685	2279379785	365787
18392478412	691105	19	8	693239	11367687	2148693	9218994	2279414760	365787
18393017187	691106	18	8	693240	11368046	2148753	9219293	2279462447	365786
18393434727	691106	15	8	693240	11368383	2148807	9219576	2279497513	365786
18394042053	691106	14	8	693240	11368723	2148864	9219859	2279532277	365786
18394562885	691106	18	8	693240	11369078	2148910	9220168	2279567461	365786
18395158446	691106	18	8	693240	11369445	2148966	9220479	2279603361	365786
18395749802	691106	17	8	693240	11369793	2149016	9220777	2279638685	365786
18396236526	691106	14	8	693240	11370125	2149069	9221056	2279673379	365786
18396796457	691106	18	8	693240	11370486	2149126	9221360	2279709161	365786
18397399757	691106	19	8	693240	11370831	2149181	9221650	2279743719	365786
18398106905	691106	18	8	693240	11371192	2149238	9221954	2279780130	365786
18398801825	691106	17	8	693240	11371542	2149294	9222248	2279815117	365786
18399478144	691106	21	8	693240	11371900	2149343	9222557	2279851327	365786
18400278005	691106	18	8	693240	11372272	2149404	9222868	2279887650	365786
18401018482	691106	17	8	693240	11372626	2149461	9223165	2279922554	365786
18401379312	691106	17	8	693240	11372953	2149509	9223444	2279956653	365786
18401951610	691106	20	8	693240	11373316	2149566	9223750	2279992489	365786
18402483811	691106	15	8	693240	11373670	2149619	9224051	2280027999	365786
18403011151	691106	20	8	693240	11374006	2149656	9224350	2280061909	365786
18403638256	691106	19	8	693240	11374353	2149709	9224644	2280096887	365786
18404346014	691106	18	8	693240	11374716	2149764	9224952	2280132675	365786
18404831933	691106	19	8	693240	11375062	2149814	9225248	2280167796	365786
18405330300	691106	19	8	693240	11375414	2149871	9225543	2280203215	365786
18405769576	691106	18	8	693240	11375750	2149914	9225836	2280237838	365786
18406377389	691106	18	8	693240	11376111	2149966	9226145	2280273137	365786
18406976599	691106	15	8	693240	11376480	2150028	9226452	2280309644	365786
18407459255	691106	18	8	693240	11376840	2150087	9226753	2280345120	365786
18408050682	691106	17	8	693240	11377186	2150146	9227040	2280380393	365786
18408643457	691106	17	8	693240	11377549	2150205	9227344	2280416787	365786
18409302503	691106	18	8	693240	11377898	2150262	9227636	2280451789	365786
18409869613	691106	16	8	693240	11378260	2150324	9227936	2280487471	365786
18410498002	691106	19	8	693240	11378616	2150380	9228236	2280523074	365786
18411088583	691106	15	8	693240	11378956	2150435	9228521	2280558214	365786
18411696944	691106	19	8	693240	11379298	2150480	9228818	2280592730	365786
18412145837	691106	16	8	693240	11379636	2150535	9229101	2280627559	365786
18412647122	691106	18	8	693240	11379997	2150593	9229404	2280662828	365786
18413447372	691106	17	8	693240	11380361	2150646	9229715	2280699516	365786
18413960132	691106	16	8	693240	11380712	2150709	9230003	2280735242	365786
18414389830	691106	16	8	693240	11381045	2150767	9230278	2280769231	365786
18414808297	691106	17	8	693240	11381387	2150811	9230576	2280804451	365786
18415235536	691106	16	8	693240	11381758	2150870	9230888	2280840786	365786
18415863551	691106	16	8	693240	11382097	2150917	9231180	2280875374	365786
18416400362	691106	12	8	693240	11382456	2150972	9231484	2280910713	365786
18417066144	691106	18	8	693240	11382818	2151024	9231794	2280946810	365786
18417737132	691106	19	8	693240	11383154	2151077	9232077	2280981724	365786
18418243284	691106	18	8	693240	11383494	2151118	9232376	2281015009	365786
18418773126	691106	16	8	693240	11383826	2151172	9232654	2281049188	365786
18419423612	691106	19	8	693240	11384188	2151222	9232966	2281084705	365786
18420121583	691106	16	8	693240	11384570	2151289	9233281	2281122576	365786
18420664971	691106	16	8	693240	11384917	2151340	9233577	2281156714	365786
18421384433	691106	14	8	693240	11385261	2151383	9233878	2281191379	365786
18421933745	691106	16	8	693240	11385606	2151433	9234173	2281226353	365786
18422538464	691106	16	8	693240	11385942	2151485	9234457	2281260996	365786
18423133087	691106	16	8	693240	11386303	2151537	9234766	2281296260	365786
18423637269	691106	16	8	693240	11386636	2151592	9235044	2281330222	365786
18424327287	691106	18	8	693240	11387009	2151648	9235361	2281366612	365786
18424934204	691106	17	8	693240	11387369	2151707	9235662	2281402851	365786
18425393796	691106	16	8	693240	11387713	2151764	9235949	2281437589	365786
18425970121	691106	16	8	693240	11388036	2151809	9236227	2281470901	365786
18426732948	691106	21	8	693240	11388412	2151858	9236554	2281507259	365786
18427295081	691106	20	8	693240	11388779	2151928	9236851	2281544262	365786
18427853418	691106	14	8	693240	11389115	2151978	9237137	2281578355	365786
18428582048	691106	16	8	693240	11389448	2152027	9237421	2281612021	365786
18429116078	691106	18	8	693240	11389798	2152079	9237719	2281647133	365786
18429678358	691106	18	8	693240	11390154	2152136	9238018	2281683025	365786
18430150467	691106	16	8	693240	11390477	2152185	9238292	2281716255	365786
18430773748	691106	18	8	693240	11390841	2152248	9238593	2281752565	365786
18431498478	691106	17	8	693240	11391211	2152305	9238906	2281788704	365786
18431943542	691106	15	8	693240	11391549	2152360	9239189	2281822966	365786
18432339628	691107	22	8	693241	11391902	2152417	9239485	2281858536	365785
18432930177	691107	18	8	693241	11392258	2152474	9239784	2281894352	365785
18433509898	691107	18	8	693241	11392627	2152529	9240098	2281930112	365785
18434186228	691107	16	8	693241	11392964	2152579	9240385	2281964814	365785
18434690758	691107	18	8	693241	11393330	2152631	9240699	2282000304	365785
18435248322	691107	15	8	693241	11393669	2152681	9240988	2282035490	365785
18435572980	691107	17	8	693241	11394011	2152738	9241273	2282069962	365785
18436221584	691107	21	8	693241	11394365	2152785	9241580	2282105716	365785
18436737249	691107	20	8	693241	11394720	2152845	9241875	2282141116	365785
18437440430	691107	14	8	693241	11395050	2152891	9242159	2282175358	365785
18437888630	691107	14	8	693241	11395392	2152952	9242440	2282209839	365785
18438643999	691107	20	8	693241	11395753	2153006	9242747	2282245360	365785
18439252219	691107	16	8	693241	11396094	2153052	9243042	2282280185	365785
18439774643	691107	17	8	693241	11396426	2153100	9243326	2282314776	365785
18440180626	691107	19	8	693241	11396791	2153161	9243630	2282351250	365785
18440927424	691107	21	8	693241	11397159	2153207	9243952	2282387323	365785
18441617830	691107	18	8	693241	11397501	2153258	9244243	2282421823	365785
18442197759	691107	18	8	693241	11397848	2153315	9244533	2282456749	365785
18442780759	691107	18	8	693241	11398193	2153369	9244824	2282492211	365785
18443600070	691107	19	8	693241	11398538	2153415	9245123	2282526758	365785
18444265621	691107	19	8	693241	11398888	2153472	9245416	2282562106	365785
18444791715	691107	15	8	693241	11399248	2153535	9245713	2282598033	365785
18445394516	691107	17	8	693241	11399588	2153582	9246006	2282632369	365785
18445945121	691107	18	8	693241	11399939	2153631	9246308	2282668114	365785
18446351311	691107	17	8	693241	11400285	2153678	9246607	2282702921	365785
18447002829	691107	19	8	693241	11400643	2153730	9246913	2282738117	365785
18447618855	691107	18	8	693241	11400987	2153783	9247204	2282772385	365785
18448240326	691107	14	8	693241	11401321	2153830	9247491	2282806341	365785
18448757706	691107	17	8	693241	11401661	2153885	9247776	2282839905	365785
18449459147	691107	21	8	693241	11401999	2153942	9248057	2282873698	365785
18450059054	691107	17	8	693241	11402339	2153997	9248342	2282907609	365785
18450624925	691107	14	8	693241	11402673	2154060	9248613	2282941368	365785
18451154668	691107	15	8	693241	11403003	2154108	9248895	2282974722	365785
18451525595	691107	17	8	693241	11403331	2154165	9249166	2283008309	365785
18452064884	691107	18	8	693241	11403661	2154223	9249438	2283041219	365785
18452661108	691107	14	8	693241	11404002	2154279	9249723	2283075027	365785
18453242272	691107	14	8	693241	11404328	2154327	9250001	2283108145	365785
18453623727	691107	20	8	693241	11404662	2154385	9250277	2283141732	365785
18454331057	691107	17	8	693241	11405001	2154443	9250558	2283175707	365785
18454816337	691108	16	8	693242	11405322	2154492	9250830	2283208133	365784
18455374725	691108	15	8	693242	11405629	2154540	9251089	2283239549	365784
18456013033	691108	18	8	693242	11405992	2154603	9251389	2283275328	365784
18456618536	691108	19	8	693242	11406324	2154651	9251673	2283308756	365784
18457363211	691109	14	8	693243	11406661	2154708	9251953	2283342410	365783
18457784836	691109	18	8	693243	11407003	2154760	9252243	2283376032	365783
18458432497	691109	18	8	693243	11407338	2154804	9252534	2283409672	365783
18459054672	691109	17	8	693243	11407685	2154859	9252826	2283443743	365783
18459702800	691109	16	8	693243	11408010	2154906	9253104	2283476811	365783
18460042947	691109	20	8	693243	11408334	2154952	9253382	2283509716	365783
18460570976	691109	17	8	693243	11408681	2155012	9253669	2283544025	365783
18460998027	691109	16	8	693243	11409008	2155061	9253947	2283577014	365783
18461478449	691109	17	8	693243	11409346	2155107	9254239	2283611014	365783
18462055765	691109	18	8	693243	11409685	2155159	9254526	2283645154	365783
18462546529	691109	18	8	693243	11410020	2155226	9254794	2283678278	365783
18463188001	691109	21	8	693243	11410357	2155272	9255085	2283711602	365783
18463741356	691109	16	8	693243	11410694	2155324	9255370	2283745898	365783
18464364067	691109	17	8	693243	11411033	2155377	9255656	2283779722	365783
18464916676	691109	17	8	693243	11411348	2155423	9255925	2283812098	365783
18465499876	691109	21	8	693243	11411698	2155481	9256217	2283846241	365783
18466290765	691109	15	8	693243	11412040	2155537	9256503	2283880402	365783
18466969152	691109	16	8	693243	11412394	2155592	9256802	2283914783	365783
18467520852	691109	19	8	693243	11412742	2155659	9257083	2283949123	365783
18468180578	691109	19	8	693243	11413068	2155707	9257361	2283982042	365783
18468720515	691109	20	8	693243	11413390	2155752	9257638	2284015030	365783
18469280540	691109	13	8	693243	11413722	2155801	9257921	2284048338	365783
18469916033	691109	16	8	693243	11414075	2155858	9258217	2284082847	365783
18470628966	691109	17	8	693243	11414404	2155900	9258504	2284115786	365783
18471242563	691109	16	8	693243	11414717	2155947	9258770	2284147818	365783
18471867525	691109	16	8	693243	11415055	2155997	9259058	2284181198	365783
18472564424	691109	15	8	693243	11415402	2156049	9259353	2284215543	365783
18473151811	691109	15	8	693243	11415731	2156094	9259637	2284248897	365783
18473647214	691109	18	8	693243	11416050	2156144	9259906	2284280594	365783
18474390989	691109	17	8	693243	11416374	2156187	9260187	2284314220	365783
18475117390	691109	14	8	693243	11416701	2156237	9260464	2284347299	365783
18475574187	691109	16	8	693243	11417017	2156279	9260738	2284379594	365783
18476129824	691109	21	8	693243	11417361	2156332	9261029	2284414435	365783
18476741083	691109	17	8	693243	11417695	2156380	9261315	2284447600	365783
18477170846	691109	17	8	693243	11418010	2156435	9261575	2284479574	365783
18477714158	691109	16	8	693243	11418342	2156483	9261859	2284513342	365783
18478219046	691109	16	8	693243	11418677	2156531	9262146	2284546570	365783
18478875507	691109	16	8	693243	11419034	2156590	9262444	2284581618	365783
18479377302	691109	22	8	693243	11419359	2156636	9262723	2284614042	365783
18479970714	691109	14	8	693243	11419700	2156696	9263004	2284649077	365783
18480535725	691109	15	8	693243	11420034	2156746	9263288	2284682061	365783
18481138450	691109	17	8	693243	11420368	2156796	9263572	2284715686	365783
18481670564	691109	20	8	693243	11420711	2156838	9263873	2284749883	365783
18482126207	691109	16	8	693243	11421040	2156890	9264150	2284782646	365783
18482581800	691109	17	8	693243	11421378	2156950	9264428	2284816195	365783
18483190387	691109	16	8	693243	11421708	2156992	9264716	2284849778	365783
18483794928	691109	17	8	693243	11422033	2157032	9265001	2284882100	365783
18484514751	691109	20	8	693243	11422374	2157087	9265287	2284916124	365783
18485166039	691109	16	8	693243	11422711	2157146	9265565	2284950328	365783
18485767753	691109	16	8	693243	11423032	2157194	9265838	2284983093	365783
18486296918	691109	16	8	693243	11423361	2157238	9266123	2285016250	365783
18486768454	691109	17	8	693243	11423694	2157288	9266406	2285049788	365783
18487220717	691109	16	8	693243	11424024	2157338	9266686	2285083442	365783
18487919721	691109	18	8	693243	11424365	2157396	9266969	2285116705	365783
18488544912	691109	19	8	693243	11424720	2157454	9267266	2285151521	365783
18489122948	691109	15	8	693243	11425039	2157497	9267542	2285184771	365783
18489559342	691109	15	8	693243	11425379	2157556	9267823	2285218430	365783
18490093945	691109	16	8	693243	11425719	2157616	9268103	2285252911	365783
18490680694	691109	17	8	693243	11426062	2157666	9268396	2285286558	365783
18491312272	691109	16	8	693243	11426389	2157719	9268670	2285319375	365783
18491822668	691109	16	8	693243	11426697	2157763	9268934	2285350826	365783
18492474654	691109	20	8	693243	11427047	2157816	9269231	2285385247	365783
18493104035	691109	17	8	693243	11427349	2157860	9269489	2285417137	365783
18493637648	691109	17	8	693243	11427672	2157915	9269757	2285449996	365783
18494313853	691109	18	8	693243	11428014	2157970	9270044	2285484063	365783
18494859087	691109	16	8	693243	11428347	2158017	9270330	2285517285	365783
18495397507	691109	17	8	693243	11428669	2158065	9270604	2285549912	365783
18495829228	691109	17	8	693243	11428985	2158113	9270872	2285582228	365783
18496371137	691109	20	8	693243	11429331	2158163	9271168	2285616462	365783
18497076270	691109	20	8	693243	11429682	2158219	9271463	2285651186	365783
18497459882	691109	15	8	693243	11429999	2158267	9271732	2285684145	365783
18498022724	691109	14	8	693243	11430321	2158312	9272009	2285716721	365783
18498558300	691109	18	8	693243	11430661	2158362	9272299	2285750443	365783
18499311811	691109	18	8	693243	11430991	2158417	9272574	2285783862	365783
18499867663	691109	17	8	693243	11431303	2158464	9272839	2285816455	365783
18500626887	691109	15	8	693243	11431641	2158513	9273128	2285850058	365783
18501253690	691109	19	8	693243	11431973	2158563	9273410	2285883622	365783
18501825083	691109	17	8	693243	11432320	2158614	9273706	2285918027	365783
18502299813	691109	16	8	693243	11432656	2158659	9273997	2285951242	365783
18502796099	691109	20	8	693243	11432981	2158702	9274279	2285984224	365783
18503228913	691109	16	8	693243	11433313	2158751	9274562	2286017840	365783
18503798304	691109	15	8	693243	11433639	2158798	9274841	2286051252	365783
18504256497	691109	17	8	693243	11433970	2158847	9275123	2286084586	365783
18504756409	691109	20	8	693243	11434305	2158901	9275404	2286118122	365783
18505505534	691109	17	8	693243	11434659	2158961	9275698	2286152538	365783
18505826080	691109	14	8	693243	11434979	2159009	9275970	2286185747	365783
18506505199	691110	17	8	693244	11435314	2159059	9276255	2286219228	365782
18507017196	691110	19	8	693244	11435633	2159115	9276518	2286251998	365782
18507741281	691110	18	8	693244	11435957	2159156	9276801	2286284567	365782
18508381025	691110	14	8	693244	11436277	2159203	9277074	2286317502	365782
18508860188	691110	17	8	693244	11436610	2159256	9277354	2286350634	365782
18509422432	691110	15	8	693244	11436945	2159307	9277638	2286384461	365782
18510097386	691110	19	8	693244	11437287	2159355	9277932	2286417738	365782
18510545093	691110	17	8	693244	11437612	2159404	9278208	2286450754	365782
18511083506	691110	16	8	693244	11437941	2159463	9278478	2286484377	365782
18511826332	691110	16	8	693244	11438284	2159514	9278770	2286518741	365782
18512421770	691110	15	8	693244	11438619	2159559	9279060	2286552066	365782
18512974056	691110	18	8	693244	11438933	2159609	9279324	2286583946	365782
18513696182	691110	15	8	693244	11439271	2159665	9279606	2286618367	365782
18514324215	691110	13	8	693244	11439605	2159723	9279882	2286652372	365782
18514721690	691110	17	8	693244	11439915	2159764	9280151	2286684022	365782
18515103197	691110	19	8	693244	11440237	2159812	9280425	2286717652	365782
18515782638	691110	15	8	693244	11440573	2159859	9280714	2286751143	365782
18516347727	691110	16	8	693244	11440903	2159909	9280994	2286784167	365782
18516792634	691110	14	8	693244	11441212	2159952	9281260	2286816754	365782
18517375622	691110	17	8	693244	11441554	2160003	9281551	2286850694	365782
18517911676	691110	15	8	693244	11441897	2160069	9281828	2286884794	365782
18518605079	691110	18	8	693244	11442232	2160121	9282111	2286918559	365782
18519382514	691110	19	8	693244	11442598	2160181	9282417	2286953567	365782
18519999548	691110	15	8	693244	11442935	2160231	9282704	2286987551	365782
18520498529	691110	14	8	693244	11443277	2160292	9282985	2287021344	365782
18520942086	691110	18	8	693244	11443615	2160358	9283257	2287054947	365782
18521467556	691110	18	8	693244	11443979	2160414	9283565	2287090279	365782
18522164771	691110	16	8	693244	11444298	2160454	9283844	2287122992	365782
18522833147	691110	14	8	693244	11444638	2160503	9284135	2287156575	365782
18523465828	691110	19	8	693244	11444987	2160558	9284429	2287190664	365782
18523938219	691110	17	8	693244	11445330	2160613	9284717	2287224912	365782
18524359650	691110	17	8	693244	11445648	2160669	9284979	2287257306	365782
18524817276	691110	16	8	693244	11445977	2160721	9285256	2287290600	365782
18525502870	691110	20	8	693244	11446312	2160771	9285541	2287324221	365782
18526071359	691110	16	8	693244	11446640	2160828	9285812	2287358090	365782
18526478587	691110	19	8	693244	11446966	2160883	9286083	2287390379	365782
18527118890	691110	18	8	693244	11447288	2160925	9286363	2287423754	365782
18527802989	691110	14	8	693244	11447628	2160977	9286651	2287457962	365782
18528375712	691110	15	8	693244	11447975	2161044	9286931	2287492100	365782
18528850085	691110	20	8	693244	11448314	2161088	9287226	2287525624	365782
18529314749	691110	22	8	693244	11448661	2161151	9287510	2287560283	365782
18529907263	691110	16	8	693244	11448991	2161204	9287787	2287593521	365782
18530455000	691110	17	8	693244	11449341	2161268	9288073	2287627841	365782
18530990487	691110	18	8	693244	11449672	2161317	9288355	2287661016	365782
18531580111	691110	18	8	693244	11449977	2161348	9288629	2287693249	365782
18532313534	691110	16	8	693244	11450320	2161404	9288916	2287727359	365782
18532901708	691110	17	8	693244	11450657	2161450	9289207	2287760805	365782
18533343903	691110	16	8	693244	11450992	2161507	9289485	2287794209	365782
18534136795	691110	18	8	693244	11451345	2161560	9289785	2287828683	365782
18534786337	691110	16	8	693244	11451685	2161619	9290066	2287862452	365782
18535274940	691110	18	8	693244	11452000	2161674	9290326	2287894635	365782
18535797951	691110	17	8	693244	11452328	2161724	9290604	2287927733	365782
18536532669	691110	18	8	693244	11452675	2161780	9290895	2287961750	365782
18537004331	691110	15	8	693244	11452987	2161833	9291154	2287994051	365782
18537754681	691110	18	8	693244	11453329	2161890	9291439	2288028307	365782
18538145290	691110	19	8	693244	11453661	2161946	9291715	2288062312	365782
18538648383	691110	16	8	693244	11453991	2161994	9291997	2288094984	365782
18539134681	691110	16	8	693244	11454312	2162037	9292275	2288127532	365782
18539935947	691110	17	8	693244	11454667	2162093	9292574	2288162147	365782
18540512280	691110	18	8	693244	11454991	2162134	9292857	2288195145	365782
18541208126	691110	18	8	693244	11455318	2162184	9293134	2288228724	365782
18541581351	691110	19	8	693244	11455638	2162226	9293412	2288260937	365782
18542207585	691110	14	8	693244	11455979	2162276	9293703	2288294920	365782
18543027458	691110	14	8	693244	11456313	2162322	9293991	2288328923	365782
18543860541	691110	18	8	693244	11456644	2162372	9294272	2288361646	365782
18544449322	691110	20	8	693244	11456997	2162434	9294563	2288396493	365782
18544792627	691110	17	8	693244	11457330	2162491	9294839	2288429753	365782
18545437467	691110	13	8	693244	11457642	2162541	9295101	2288462330	365782
18546035164	691110	17	8	693244	11457984	2162592	9295392	2288496256	365782
18546535466	691110	15	8	693244	11458330	2162660	9295670	2288530795	365782
18547179385	691110	15	8	693244	11458660	2162709	9295951	2288564103	365782
18547669236	691110	15	8	693244	11458975	2162755	9296220	2288595925	365782
18548158655	691110	19	8	693244	11459306	2162805	9296501	2288628928	365782
18548857883	691110	19	8	693244	11459648	2162856	9296792	2288663667	365782
18549459080	691110	17	8	693244	11459981	2162910	9297071	2288696578	365782
18550040168	691110	16	8	693244	11460300	2162962	9297338	2288728667	365782
18550420960	691110	16	8	693244	11460649	2163025	9297624	2288763867	365782
18550956828	691110	17	8	693244	11460988	2163069	9297919	2288797982	365782
18551472031	691110	18	8	693244	11461311	2163129	9298182	2288830188	365782
18552328032	691110	19	8	693244	11461644	2163187	9298457	2288863589	365782
18553015642	691110	20	8	693244	11461991	2163237	9298754	2288898283	365782
18553365678	691110	12	8	693244	11462302	2163291	9299011	2288930772	365782
18553907822	691110	19	8	693244	11462636	2163349	9299287	2288963781	365782
18554435939	691110	17	8	693244	11462970	2163404	9299566	2288997519	365782
18555182876	691110	19	8	693244	11463315	2163453	9299862	2289031711	365782
18555713077	691110	17	8	693244	11463642	2163499	9300143	2289064634	365782
18556172483	691110	18	8	693244	11463971	2163553	9300418	2289097822	365782
18556704696	691110	16	8	693244	11464303	2163603	9300700	2289131447	365782
18557247682	691110	14	8	693244	11464625	2163647	9300978	2289164087	365782
18557898693	691110	15	8	693244	11464959	2163700	9301259	2289198038	365782
18558478817	691110	17	8	693244	11465297	2163751	9301546	2289231724	365782
18559079266	691110	18	8	693244	11465621	2163799	9301822	2289264393	365782
18559696767	691110	18	8	693244	11465968	2163858	9302110	2289298288	365782
18560320211	691111	13	8	693245	11466299	2163913	9302386	2289332064	365781
18560825540	691111	15	8	693245	11466623	2163959	9302664	2289364694	365781
18561543852	691111	16	8	693245	11466953	2164008	9302945	2289398051	365781
18562270831	691111	18	8	693245	11467290	2164064	9303226	2289431463	365781
18562958669	691111	18	8	693245	11467619	2164114	9303505	2289464560	365781
18563668523	691111	15	8	693245	11467982	2164179	9303803	2289499333	365781
18564082263	691111	17	8	693245	11468309	2164232	9304077	2289533227	365781
18564718380	691111	15	8	693245	11468625	2164275	9304350	2289565978	365781
18565393110	691111	21	8	693245	11468963	2164333	9304630	2289599349	365781
18565907153	691111	19	8	693245	11469308	2164386	9304922	2289633249	365781
18566626360	691113	15	8	693247	11469640	2164438	9305202	2289666234	365779
18567206459	691113	15	8	693247	11469984	2164500	9305484	2289701154	365779
18567553490	691113	15	8	693247	11470297	2164547	9305750	2289733186	365779
18567919995	691114	17	8	693248	11470618	2164590	9306028	2289765652	365778
18568673586	691114	19	8	693248	11470958	2164638	9306320	2289799816	365778
18569208460	691114	15	8	693248	11471286	2164694	9306592	2289833572	365778
18569886285	691114	13	8	693248	11471567	2164727	9306840	2289862004	365778
