0.46666666617
0.426666665822
0.460000000894
0.440000000099
0.426666665822
0.483333333085
0.463333333532
0.410000000149
0.423333333184
0.426666667064
0.423333333184
0.429999999702
0.436666667461
0.46666666617
0.446666666617
0.453333333135
0.456666665773
0.436666667461
0.43666666622
0.453333333135
0.473333332688
0.443333333979
0.473333333929
0.423333333184
0.420000000546
0.449999999255
0.483333333085
0.426666667064
0.450000000497
0.49666666612
0.453333334376
0.426666667064
0.433333333582
0.436666667461
0.459999999652
0.459999999652
0.443333333979
0.443333332737
0.433333333582
0.453333334376
0.439999998858
0.46666666617
0.410000000149
0.430000000944
0.453333333135
0.420000000546
0.426666667064
0.443333332737
0.459999999652
0.453333333135
0.433333333582
0.429999999702
0.433333333582
0.46666666617
0.453333334376
0.426666665822
0.47000000005
0.43666666622
0.429999999702
0.446666666617
0.449999999255
0.486666666965
0.47000000005
0.446666666617
0.429999999702
0.466666667412
0.46666666617
0.453333333135
0.456666667014
0.46666666617
0.420000000546
0.449999999255
0.536666666468
0.493333333482
0.459999999652
0.423333333184
0.463333333532
0.43333333234
0.420000000546
0.463333333532
0.423333333184
0.426666667064
0.430000000944
0.456666665773
0.446666666617
0.453333334376
0.420000000546
0.446666666617
0.440000000099
0.460000000894
0.456666665773
0.46666666617
0.449999999255
0.453333333135
0.47000000005
0.43666666622
0.453333333135
0.453333334376
0.429999999702
0.413333332787
0.513333333035
0.476666666567
0.46666666617
0.456666667014
0.43666666622
0.480000000447
0.453333333135
0.463333333532
0.433333333582
0.433333333582
0.459999999652
0.459999999652
0.43666666622
0.443333332737
0.456666667014
0.453333333135
0.440000000099
0.433333333582
0.456666665773
0.453333333135
0.5
0.426666667064
0.46666666617
0.456666667014
0.40333333239
0.420000000546
0.440000000099
0.47000000005
0.416666666667
0.446666666617
0.473333333929
0.473333332688
0.433333333582
0.456666667014
0.453333333135
0.443333332737
0.456666667014
0.43666666622
0.400000000993
0.473333332688
0.443333332737
0.47000000005
0.459999999652
0.426666665822
0.46666666617
0.476666666567
0.456666667014
0.423333333184
0.406666666269
0.453333334376
0.446666666617
0.453333333135
0.480000000447
0.419999999305
0.423333333184
0.449999999255
0.453333333135
0.456666665773
0.420000000546
0.433333333582
0.456666667014
0.439999998858
0.440000000099
0.456666665773
0.46666666617
0.459999999652
0.459999999652
0.453333334376
0.47000000005
0.446666666617
0.420000000546
0.456666667014
0.443333332737
0.426666667064
0.426666665822
0.450000000497
0.739999999603
0.456666665773
0.453333333135
0.43666666622
0.513333333035
0.480000000447
0.436666667461
0.426666667064
0.429999999702
0.46666666617
0.46666666617
0.46333333229
0.47000000005
0.463333333532
0.456666667014
0.473333332688
0.460000000894
0.453333333135
0.456666667014
0.43666666622
0.406666666269
0.406666666269
0.453333333135
0.46666666617
0.43666666622
0.456666665773
0.466666667412
0.473333332688
0.43666666622
0.456666665773
0.450000000497
0.426666667064
0.456666665773
0.436666667461
0.459999999652
0.476666666567
0.446666666617
0.446666666617
0.479999999205
0.423333334426
0.426666667064
0.433333333582
0.459999999652
0.430000000944
0.443333333979
0.440000000099
0.476666666567
0.446666666617
0.436666667461
0.509999999156
0.459999999652
0.450000000497
0.47000000005
0.443333333979
0.446666666617
0.47000000005
0.453333333135
0.453333334376
0.49666666612
0.436666667461
0.416666666667
0.440000000099
0.463333333532
0.486666666965
0.47000000005
0.446666666617
0.466666667412
0.443333332737
0.463333333532
0.463333333532
0.433333333582
0.446666666617
0.413333334029
0.446666666617
0.553333333383
0.429999999702
0.446666666617
0.459999999652
0.46666666617
0.443333332737
0.466666667412
0.453333333135
0.473333333929
0.446666666617
0.459999999652
0.463333333532
0.456666667014
0.413333332787
0.429999999702
0.433333333582
0.456666665773
0.433333333582
0.43666666622
0.446666666617
0.463333333532
0.439999998858
0.423333334426
0.43666666622
0.46666666617
0.440000000099
0.440000000099
0.443333332737
0.450000000497
0.416666666667
0.443333333979
0.426666667064
0.463333333532
0.413333334029
0.449999999255
0.419999999305
0.433333333582
0.450000000497
0.416666666667
0.433333333582
0.416666666667
0.436666667461
0.446666666617
0.446666666617
0.453333333135
0.440000000099
0.43333333234
0.420000000546
0.426666667064
0.449999999255
0.43666666622
0.46666666617
0.43666666622
0.446666666617
0.440000000099
0.449999999255
0.46666666617
0.453333333135
0.543333334227
0.46666666617
0.47000000005
0.473333332688
0.456666667014
0.449999999255
0.423333333184
0.473333333929
0.473333332688
0.456666667014
0.443333333979
0.440000000099
0.430000000944
0.459999999652
0.446666666617
0.453333333135
0.443333333979
0.47000000005
0.450000000497
0.426666665822
0.419999999305
0.433333333582
0.406666666269
0.433333333582
0.416666666667
0.430000000944
0.459999999652
0.46666666617
0.466666667412
0.426666667064
0.459999999652
0.46666666617
0.43333333234
0.433333333582
0.416666666667
0.483333334327
0.473333332688
0.493333333482
0.420000000546
0.463333333532
0.453333333135
0.456666667014
0.46333333229
0.460000000894
0.473333333929
0.433333333582
0.423333333184
0.446666666617
0.440000000099
0.453333333135
0.459999999652
0.456666667014
0.433333333582
0.423333333184
0.426666667064
0.50333333388
0.459999999652
0.550000000745
0.453333334376
0.440000000099
0.416666666667
0.436666667461
0.416666666667
0.433333333582
0.43666666622
0.446666666617
0.453333333135
0.453333333135
0.436666667461
0.426666667064
0.463333333532
0.456666665773
0.47000000005
0.449999999255
0.456666667014
0.456666667014
0.473333332688
0.436666667461
0.416666666667
0.436666667461
0.443333333979
0.453333333135
0.449999999255
0.446666666617
0.486666666965
0.46333333229
0.456666667014
0.456666667014
0.479999999205
0.453333333135
0.456666667014
0.433333333582
0.440000000099
0.410000000149
0.43666666622
0.423333333184
0.420000000546
0.423333333184
0.436666667461
0.46666666617
0.456666667014
0.429999999702
0.446666666617
0.449999999255
0.450000000497
0.406666667511
0.479999999205
0.450000000497
0.420000000546
0.443333332737
0.47000000005
0.446666666617
0.489999999603
0.423333333184
0.423333333184
0.426666665822
0.473333333929
0.440000000099
0.446666666617
0.423333333184
0.440000000099
0.426666667064
0.419999999305
0.459999999652
0.446666666617
0.466666667412
0.440000000099
0.440000000099
0.426666667064
0.423333333184
0.420000000546
0.440000000099
0.453333333135
0.443333332737
0.476666666567
0.440000000099
0.426666667064
0.460000000894
0.46333333229
0.420000000546
0.433333333582
