bytes_written	total_items	curr_connections	threads	cmd_set	cmd_get	get_misses	get_hits	bytes_read
17645345690	672891	15	8	671418	11564148	2029116	9535032	1773720135	386304
17645741902	672891	14	8	671418	11564342	2029146	9535196	1773730145	386304
17646016640	672891	15	8	671418	11564533	2029171	9535362	1773740034	386304
17646199698	672891	13	8	671418	11564711	2029195	9535516	1773749226	386304
17646523552	672891	13	8	671418	11564906	2029224	9535682	1773759213	386304
17646777444	672891	14	8	671418	11565092	2029256	9535836	1773768859	386304
17647019854	672891	15	8	671418	11565268	2029280	9535988	1773778007	386304
17647212897	672891	15	8	671418	11565453	2029310	9536143	1773787648	386304
17647359439	672891	15	8	671418	11565631	2029336	9536295	1773796851	386304
17647673476	672891	15	8	671418	11565813	2029363	9536450	1773806210	386304
17648108864	672891	14	8	671418	11566005	2029390	9536615	1773816106	386304
17648409830	672891	14	8	671418	11566188	2029415	9536773	1773825545	386304
17648800094	672891	13	8	671418	11566381	2029448	9536933	1773835635	386304
17649095401	672891	13	8	671418	11566563	2029476	9537087	1773845076	386304
17649368458	672891	14	8	671418	11566740	2029500	9537240	1773854363	386304
17649659100	672891	14	8	671418	11566912	2029525	9537387	1773863306	386304
17649893811	672891	14	8	671418	11567093	2029555	9537538	1773872693	386304
17650147642	672891	15	8	671418	11567278	2029579	9537699	1773882223	386304
17650397445	672891	13	8	671418	11567463	2029608	9537855	1773891756	386304
17650710857	672892	15	8	671419	11567650	2029638	9538012	1773901506	386303
17650978708	672892	13	8	671419	11567837	2029669	9538168	1773911176	386303
17651228151	672892	14	8	671419	11568019	2029689	9538330	1773920488	386303
17651595214	672892	14	8	671419	11568213	2029718	9538495	1773930513	386303
17651862661	672892	13	8	671419	11568407	2029747	9538660	1773940445	386303
17652275573	672892	14	8	671419	11568604	2029779	9538825	1773950630	386303
17652640181	672892	14	8	671419	11568777	2029799	9538978	1773959587	386303
17653012892	672892	12	8	671419	11568972	2029833	9539139	1773969750	386303
17653403112	672892	13	8	671419	11569160	2029863	9539297	1773979491	386303
17653612430	672892	16	8	671419	11569337	2029891	9539446	1773988686	386303
17654043263	672892	16	8	671419	11569521	2029916	9539605	1773998305	386303
17654382967	672892	14	8	671419	11569712	2029943	9539769	1774008176	386303
17654672895	672892	13	8	671419	11569890	2029971	9539919	1774017465	386303
17655012844	672892	12	8	671419	11570069	2029988	9540081	1774026620	386303
17655453764	672892	13	8	671419	11570259	2030015	9540244	1774036297	386303
17655721993	672892	13	8	671419	11570440	2030039	9540401	1774045707	386303
17655903191	672892	15	8	671419	11570614	2030064	9540550	1774054740	386303
17656200617	672892	15	8	671419	11570803	2030090	9540713	1774064434	386303
17656705231	672892	16	8	671419	11571005	2030121	9540884	1774074899	386303
17656907375	672892	13	8	671419	11571185	2030149	9541036	1774084232	386303
17657157428	672892	13	8	671419	11571371	2030178	9541193	1774093801	386303
17657519105	672892	12	8	671419	11571555	2030209	9541346	1774103419	386303
17657863909	672892	13	8	671419	11571742	2030240	9541502	1774113159	386303
17658187758	672892	13	8	671419	11571934	2030266	9541668	1774123037	386303
17658580459	672892	16	8	671419	11572139	2030303	9541836	1774133597	386303
17658830166	672892	12	8	671419	11572320	2030328	9541992	1774142985	386303
17659123673	672892	13	8	671419	11572502	2030346	9542156	1774152176	386303
17659418706	672892	15	8	671419	11572692	2030374	9542318	1774161954	386303
17659615045	672892	15	8	671419	11572889	2030405	9542484	1774172146	386303
17659902537	672892	14	8	671419	11573073	2030430	9542643	1774181631	386303
17660080593	672892	14	8	671419	11573245	2030452	9542793	1774190544	386303
17660462463	672892	15	8	671419	11573423	2030474	9542949	1774199782	386303
17660745711	672892	15	8	671419	11573607	2030499	9543108	1774209217	386303
17660990272	672892	13	8	671419	11573795	2030529	9543266	1774218936	386303
17661303793	672892	14	8	671419	11573977	2030550	9543427	1774228198	386303
17661542518	672892	15	8	671419	11574169	2030582	9543587	1774238181	386303
17661783807	672892	14	8	671419	11574353	2030606	9543747	1774247700	386303
17662127781	672892	15	8	671419	11574542	2030629	9543913	1774257349	386303
17662348004	672892	16	8	671419	11574724	2030656	9544068	1774266691	386303
17662707468	672892	13	8	671419	11574910	2030682	9544228	1774276377	386303
17662957521	672892	14	8	671419	11575092	2030708	9544384	1774285770	386303
17663246441	672892	13	8	671419	11575288	2030739	9544549	1774295882	386303
17663600181	672892	14	8	671419	11575477	2030764	9544713	1774305549	386303
17663934954	672892	14	8	671419	11575652	2030792	9544860	1774314673	386303
17664265220	672892	14	8	671419	11575844	2030820	9545024	1774324600	386303
17664462017	672892	16	8	671419	11576031	2030848	9545183	1774334258	386303
17664716358	672892	15	8	671419	11576213	2030873	9545340	1774343548	386303
17664976874	672892	15	8	671419	11576396	2030896	9545500	1774353015	386303
17665290771	672892	15	8	671419	11576576	2030916	9545660	1774362240	386303
17665460991	672892	13	8	671419	11576752	2030944	9545808	1774371424	386303
17665799017	672892	15	8	671419	11576938	2030971	9545967	1774380980	386303
17666135758	672892	14	8	671419	11577124	2030997	9546127	1774390590	386303
17666527223	672892	14	8	671419	11577314	2031024	9546290	1774400397	386303
17666862210	672892	13	8	671419	11577490	2031050	9546440	1774409466	386303
17667100128	672892	16	8	671419	11577674	2031080	9546594	1774419092	386303
17667456068	672892	16	8	671419	11577874	2031109	9546765	1774429424	386303
17667808430	672892	17	8	671419	11578053	2031133	9546920	1774438647	386303
17668114517	672892	12	8	671419	11578228	2031151	9547077	1774447590	386303
17668534561	672892	14	8	671419	11578426	2031183	9547243	1774457747	386303
17668715237	672892	12	8	671419	11578595	2031206	9547389	1774466557	386303
17668961873	672892	15	8	671419	11578785	2031233	9547552	1774476389	386303
17669260448	672892	12	8	671419	11578955	2031256	9547699	1774485198	386303
17669582402	672892	12	8	671419	11579146	2031280	9547866	1774494956	386303
17669746651	672892	14	8	671419	11579308	2031296	9548012	1774503342	386303
17669995823	672892	14	8	671419	11579492	2031320	9548172	1774512741	386303
17670205245	672892	18	8	671419	11579686	2031348	9548338	1774522727	386303
17670446409	672892	16	8	671419	11579863	2031371	9548492	1774531887	386303
17670770161	672892	14	8	671419	11580061	2031400	9548661	1774542045	386303
17671094713	672892	15	8	671419	11580251	2031426	9548825	1774551821	386303
17671485241	672892	13	8	671419	11580434	2031453	9548981	1774561293	386303
17671718961	672892	14	8	671419	11580629	2031484	9549145	1774571263	386303
17672028805	672892	11	8	671419	11580802	2031505	9549297	1774580173	386303
17672385566	672892	13	8	671419	11580998	2031527	9549471	1774590176	386303
17672602020	672892	18	8	671419	11581180	2031554	9549626	1774599487	386303
17672886948	672892	15	8	671419	11581370	2031579	9549791	1774609288	386303
17673119791	672892	14	8	671419	11581548	2031605	9549943	1774618521	386303
17673430507	672892	16	8	671419	11581738	2031629	9550109	1774628259	386303
17673698880	672892	12	8	671419	11581916	2031652	9550264	1774637511	386303
17673950323	672892	15	8	671419	11582109	2031679	9550430	1774647414	386303
17674199315	672892	13	8	671419	11582283	2031698	9550585	1774656385	386303
17674508916	672892	13	8	671419	11582466	2031721	9550745	1774665735	386303
17674816250	672892	13	8	671419	11582637	2031748	9550889	1774674642	386303
17675131771	672892	13	8	671419	11582831	2031774	9551057	1774684612	386303
17675372341	672892	16	8	671419	11583001	2031798	9551203	1774693531	386303
17675741349	672892	15	8	671419	11583187	2031816	9551371	1774702894	386303
17676035497	672892	16	8	671419	11583371	2031844	9551527	1774712474	386303
17676331872	672892	14	8	671419	11583565	2031875	9551690	1774722451	386303
17676703233	672892	12	8	671419	11583751	2031904	9551847	1774732170	386303
17676958620	672892	13	8	671419	11583933	2031928	9552005	1774741524	386303
17677259689	672892	13	8	671419	11584110	2031945	9552165	1774750544	386303
17677694163	672892	14	8	671419	11584302	2031971	9552331	1774760468	386303
17677948317	672892	16	8	671419	11584481	2031991	9552490	1774769654	386303
17678399179	672892	15	8	671419	11584674	2032013	9552661	1774779533	386303
17678867599	672892	16	8	671419	11584869	2032037	9552832	1774789518	386303
17679189376	672892	13	8	671419	11585044	2032056	9552988	1774798474	386303
17679528729	672892	12	8	671419	11585226	2032080	9553146	1774807840	386303
17679738302	672892	15	8	671419	11585402	2032103	9553299	1774816981	386303
17680083431	672892	13	8	671419	11585582	2032126	9553456	1774826232	386303
17680340331	672892	14	8	671419	11585778	2032155	9553623	1774836311	386303
17680688522	672893	15	8	671420	11585965	2032182	9553783	1774845906	386302
17680958925	672893	14	8	671420	11586142	2032208	9553934	1774855158	386302
17681510019	672893	15	8	671420	11586328	2032238	9554090	1774864824	386302
17681748143	672893	13	8	671420	11586512	2032266	9554246	1774874394	386302
17682075612	672893	13	8	671420	11586704	2032290	9554414	1774884187	386302
17682451459	672893	14	8	671420	11586888	2032315	9554573	1774893586	386302
17682818500	672893	14	8	671420	11587078	2032341	9554737	1774903474	386302
17683120261	672893	14	8	671420	11587262	2032367	9554895	1774912967	386302
17683439499	672893	14	8	671420	11587444	2032390	9555054	1774922329	386302
17683821088	672893	16	8	671420	11587645	2032419	9555226	1774932624	386302
17684092353	672893	14	8	671420	11587812	2032440	9555372	1774941309	386302
17684298715	672893	14	8	671420	11587994	2032462	9555532	1774950695	386302
17684595506	672893	16	8	671420	11588184	2032490	9555694	1774960485	386302
17684946487	672893	14	8	671420	11588377	2032519	9555858	1774970363	386302
17685159673	672893	15	8	671420	11588547	2032540	9556007	1774979137	386302
17685429657	672893	14	8	671420	11588728	2032558	9556170	1774988379	386302
17685781280	672893	15	8	671420	11588915	2032587	9556328	1774998061	386302
17686062782	672893	14	8	671420	11589092	2032611	9556481	1775007165	386302
17686262106	672893	11	8	671420	11589261	2032631	9556630	1775016002	386302
17686497517	672893	14	8	671420	11589446	2032654	9556792	1775025572	386302
17686781554	672893	13	8	671420	11589627	2032685	9556942	1775034993	386302
17687064552	672893	14	8	671420	11589809	2032713	9557096	1775044515	386302
17687347097	672893	15	8	671420	11589991	2032732	9557259	1775053766	386302
17687605613	672893	12	8	671420	11590161	2032753	9557408	1775062651	386302
17687878466	672893	13	8	671420	11590342	2032777	9557565	1775071999	386302
17688220093	672893	13	8	671420	11590516	2032800	9557716	1775080957	386302
17688564363	672893	15	8	671420	11590692	2032818	9557874	1775090005	386302
17688874802	672893	15	8	671420	11590877	2032851	9558026	1775099623	386302
17689203553	672893	14	8	671420	11591074	2032882	9558192	1775109867	386302
17689467210	672893	15	8	671420	11591261	2032916	9558345	1775119676	386302
17689798582	672893	14	8	671420	11591442	2032940	9558502	1775128905	386302
17690061547	672893	15	8	671420	11591625	2032966	9558659	1775138390	386302
17690381980	672893	15	8	671420	11591809	2032999	9558810	1775148010	386302
17690725023	672893	13	8	671420	11591984	2033021	9558963	1775157149	386302
17690977217	672893	16	8	671420	11592182	2033052	9559130	1775167290	386302
17691287091	672893	16	8	671420	11592364	2033075	9559289	1775176682	386302
17691625005	672893	13	8	671420	11592561	2033102	9559459	1775186802	386302
17691825412	672893	16	8	671420	11592733	2033124	9559609	1775195574	386302
17692100735	672893	16	8	671420	11592909	2033152	9559757	1775204845	386302
17692461610	672893	14	8	671420	11593100	2033182	9559918	1775214836	386302
17692842636	672893	17	8	671420	11593283	2033200	9560083	1775224137	386302
17693242739	672893	13	8	671420	11593468	2033227	9560241	1775233717	386302
17693638067	672893	15	8	671420	11593655	2033246	9560409	1775243167	386302
17694090929	672893	11	8	671420	11593839	2033268	9560571	1775252572	386302
17694431554	672893	14	8	671420	11594036	2033297	9560739	1775262594	386302
17694744626	672893	13	8	671420	11594217	2033325	9560892	1775272084	386302
17694893604	672893	15	8	671420	11594403	2033357	9561046	1775281844	386302
17695197323	672893	16	8	671420	11594592	2033386	9561206	1775291522	386302
17695531256	672893	15	8	671420	11594778	2033413	9561365	1775301145	386302
17696030244	672893	14	8	671420	11594961	2033442	9561519	1775310686	386302
17696418027	672893	12	8	671420	11595147	2033467	9561680	1775320285	386302
17696762856	672893	13	8	671420	11595331	2033491	9561840	1775329697	386302
17697033289	672895	12	8	671422	11595523	2033522	9562001	1775372907	386301
17697209847	672895	13	8	671422	11595688	2033543	9562145	1775381483	386301
17697443226	672895	15	8	671422	11595870	2033563	9562307	1775390702	386301
17697685236	672895	15	8	671422	11596052	2033588	9562464	1775400118	386301
17698072576	672895	18	8	671422	11596237	2033609	9562628	1775409651	386301
17698393325	672895	15	8	671422	11596418	2033641	9562777	1775419104	386301
17698666395	672895	14	8	671422	11596606	2033669	9562937	1775428848	386301
17698950763	672895	15	8	671422	11596799	2033696	9563103	1775438708	386301
17699261843	672895	12	8	671422	11596971	2033723	9563248	1775447734	386301
17699671979	672895	14	8	671422	11597167	2033754	9563413	1775457865	386301
17699861208	672895	14	8	671422	11597339	2033778	9563561	1775466765	386301
17700108707	672895	15	8	671422	11597530	2033811	9563719	1775476667	386301
17700319072	672895	17	8	671422	11597723	2033844	9563879	1775486718	386301
17700693733	672897	13	8	671424	11597906	2033868	9564038	1775520131	386299
17701131497	672897	16	8	671424	11598089	2033888	9564201	1775529623	386299
17701448022	672897	15	8	671424	11598268	2033919	9564349	1775538962	386299
17701656651	672897	17	8	671424	11598455	2033943	9564512	1775548553	386299
17701908842	672897	17	8	671424	11598634	2033970	9564664	1775557882	386299
17702141633	672897	13	8	671424	11598813	2033990	9564823	1775567053	386299
17702379268	672897	13	8	671424	11598985	2034012	9564973	1775575969	386299
17702577639	672897	13	8	671424	11599166	2034043	9565123	1775585382	386299
17702970362	672897	13	8	671424	11599362	2034076	9565286	1775595488	386299
17703178843	672897	15	8	671424	11599550	2034108	9565442	1775605249	386299
17703623169	672897	13	8	671424	11599732	2034127	9565605	1775614548	386299
17703954319	672897	15	8	671424	11599914	2034146	9565768	1775623861	386299
17704248139	672897	15	8	671424	11600105	2034176	9565929	1775633703	386299
17704509737	672897	14	8	671424	11600278	2034193	9566085	1775642620	386299
17704739424	672897	15	8	671424	11600466	2034215	9566251	1775652138	386299
17705073673	672897	13	8	671424	11600652	2034238	9566414	1775661640	386299
17705305170	672897	13	8	671424	11600828	2034263	9566565	1775670820	386299
17705768086	672897	12	8	671424	11601019	2034288	9566731	1775680700	386299
17706030254	672897	15	8	671424	11601199	2034312	9566887	1775689977	386299
17706365986	672897	15	8	671424	11601392	2034340	9567052	1775699901	386299
17706730154	672897	15	8	671424	11601580	2034363	9567217	1775709519	386299
17706921516	672897	14	8	671424	11601765	2034387	9567378	1775719112	386299
17707160751	672897	14	8	671424	11601944	2034417	9567527	1775728409	386299
17707327390	672897	13	8	671424	11602112	2034438	9567674	1775737132	386299
17707675574	672897	12	8	671424	11602289	2034465	9567824	1775746409	386299
17707937266	672897	13	8	671424	11602468	2034488	9567980	1775755618	386299
17708257261	672897	14	8	671424	11602642	2034515	9568127	1775764708	386299
17708513528	672897	16	8	671424	11602844	2034548	9568296	1775775263	386299
17708838085	672897	16	8	671424	11603021	2034571	9568450	1775784356	386299
17709196396	672897	15	8	671424	11603212	2034595	9568617	1775794156	386299
17709564704	672897	17	8	671424	11603409	2034621	9568788	1775804226	386299
17709906401	672897	15	8	671424	11603587	2034639	9568948	1775813402	386299
17710186527	672897	13	8	671424	11603764	2034656	9569108	1775822409	386299
17710424216	672897	12	8	671424	11603938	2034681	9569257	1775831483	386299
17710631983	672897	12	8	671424	11604113	2034700	9569413	1775840381	386299
17710774017	672897	12	8	671424	11604287	2034724	9569563	1775849456	386299
17710978700	672897	13	8	671424	11604464	2034746	9569718	1775858516	386299
17711294578	672897	14	8	671424	11604652	2034770	9569882	1775868143	386299
17711610132	672897	16	8	671424	11604840	2034797	9570043	1775877900	386299
17711861236	672897	14	8	671424	11605035	2034832	9570203	1775888046	386299
17712166195	672897	17	8	671424	11605219	2034853	9570366	1775897459	386299
17712359157	672897	15	8	671424	11605396	2034881	9570515	1775906729	386299
17712626780	672897	14	8	671424	11605585	2034910	9570675	1775916524	386299
17712901395	672897	12	8	671424	11605760	2034931	9570829	1775925478	386299
17713196103	672897	12	8	671424	11605950	2034960	9570990	1775935304	386299
17713491882	672897	12	8	671424	11606123	2034985	9571138	1775944274	386299
17713711452	672897	13	8	671424	11606313	2035017	9571296	1775954117	386299
17713916661	672897	14	8	671424	11606498	2035040	9571458	1775963506	386299
17714365771	672897	14	8	671424	11606684	2035069	9571615	1775973136	386299
17714629959	672897	14	8	671424	11606875	2035096	9571779	1775983013	386299
17714908714	672897	15	8	671424	11607053	2035119	9571934	1775992173	386299
17715219159	672897	13	8	671424	11607230	2035141	9572089	1776001368	386299
17715541069	672897	16	8	671424	11607412	2035166	9572246	1776010762	386299
17715879576	672898	17	8	671425	11607600	2035191	9572409	1776020376	386298
17716259051	672898	13	8	671425	11607785	2035218	9572567	1776029905	386298
17716455885	672898	12	8	671425	11607955	2035241	9572714	1776038724	386298
17716683640	672898	13	8	671425	11608148	2035269	9572879	1776048669	386298
17716899105	672898	16	8	671425	11608334	2035293	9573041	1776058254	386298
17717229939	672898	16	8	671425	11608518	2035321	9573197	1776067847	386298
17717523790	672898	14	8	671425	11608698	2035341	9573357	1776077038	386298
17717873376	672898	15	8	671425	11608896	2035375	9573521	1776087242	386298
17718037207	672898	14	8	671425	11609067	2035395	9573672	1776096075	386298
17718412953	672898	13	8	671425	11609251	2035419	9573832	1776105511	386298
17718689981	672898	13	8	671425	11609445	2035453	9573992	1776115606	386298
17718910073	672898	13	8	671425	11609610	2035473	9574137	1776124164	386298
17719202531	672898	15	8	671425	11609803	2035496	9574307	1776134073	386298
17719526669	672898	14	8	671425	11609989	2035521	9574468	1776143630	386298
17719752210	672898	14	8	671425	11610169	2035547	9574622	1776152943	386298
17720061597	672898	15	8	671425	11610357	2035571	9574786	1776162545	386298
17720447126	672898	15	8	671425	11610545	2035595	9574950	1776172200	386298
17720792643	672898	13	8	671425	11610728	2035622	9575106	1776181637	386298
17721054158	672898	15	8	671425	11610914	2035647	9575267	1776191194	386298
17721388517	672899	13	8	671426	11611092	2035666	9575426	1776200325	386297
17721561402	672899	12	8	671426	11611273	2035690	9575583	1776209613	386297
17722049332	672899	13	8	671426	11611465	2035719	9575746	1776219457	386297
17722423683	672899	14	8	671426	11611638	2035733	9575905	1776228245	386297
17722666303	672899	15	8	671426	11611814	2035753	9576061	1776237451	386297
17722979940	672899	16	8	671426	11612006	2035778	9576228	1776247189	386297
17723219880	672899	15	8	671426	11612201	2035813	9576388	1776257288	386297
17723554414	672899	15	8	671426	11612405	2035846	9576559	1776267726	386297
17723764571	672899	14	8	671426	11612583	2035867	9576716	1776276930	386297
17723981748	672900	13	8	671427	11612767	2035894	9576873	1776286396	386296
17724383229	672900	11	8	671427	11612949	2035921	9577028	1776295733	386296
17724634342	672900	12	8	671427	11613130	2035939	9577191	1776304995	386296
17724938532	672900	16	8	671427	11613314	2035962	9577352	1776314505	386296
17725220249	672900	15	8	671427	11613492	2035982	9577510	1776323740	386296
17725562823	672900	16	8	671427	11613669	2036001	9577668	1776332758	386296
17725910529	672900	13	8	671427	11613864	2036035	9577829	1776342907	386296
17726273622	672900	15	8	671427	11614050	2036058	9577992	1776352479	386296
17726774301	672900	15	8	671427	11614238	2036082	9578156	1776362149	386296
17727099987	672900	14	8	671427	11614433	2036110	9578323	1776372038	386296
17727315457	672900	16	8	671427	11614621	2036143	9578478	1776381922	386296
17727574087	672900	12	8	671427	11614787	2036163	9578624	1776390517	386296
17727953622	672900	15	8	671427	11614968	2036183	9578785	1776399784	386296
17728274447	672900	12	8	671427	11615147	2036205	9578942	1776408907	386296
17728414028	672900	13	8	671427	11615329	2036228	9579101	1776418236	386296
17728695364	672900	16	8	671427	11615521	2036256	9579265	1776428009	386296
17728939006	672900	13	8	671427	11615702	2036284	9579418	1776437433	386296
17729226922	672900	16	8	671427	11615878	2036305	9579573	1776446551	386296
17729427031	672900	14	8	671427	11616069	2036334	9579735	1776456313	386296
17729802259	672900	16	8	671427	11616266	2036364	9579902	1776466467	386296
17730035275	672900	14	8	671427	11616444	2036381	9580063	1776475573	386296
17730266089	672900	13	8	671427	11616626	2036404	9580222	1776484897	386296
17730496606	672900	12	8	671427	11616803	2036432	9580371	1776494090	386296
17730787549	672900	12	8	671427	11616987	2036457	9580530	1776503613	386296
17731095910	672900	15	8	671427	11617177	2036484	9580693	1776513376	386296
17731288705	672900	15	8	671427	11617358	2036506	9580852	1776522644	386296
17731618345	672900	17	8	671427	11617533	2036521	9581012	1776531464	386296
17731907002	672900	17	8	671427	11617714	2036535	9581179	1776540697	386296
17732270575	672900	13	8	671427	11617894	2036564	9581330	1776550084	386296
17732529138	672900	16	8	671427	11618083	2036592	9581491	1776559893	386296
17732789467	672900	14	8	671427	11618266	2036614	9581652	1776569285	386296
17733285330	672900	14	8	671427	11618459	2036640	9581819	1776579113	386296
17733544439	672900	11	8	671427	11618631	2036664	9581967	1776588066	386296
17733784519	672900	12	8	671427	11618814	2036685	9582129	1776597402	386296
17734258498	672900	15	8	671427	11618999	2036706	9582293	1776606831	386296
17734599075	672900	14	8	671427	11619177	2036726	9582451	1776615931	386296
17734911970	672900	17	8	671427	11619366	2036746	9582620	1776625572	386296
17735047511	672900	16	8	671427	11619539	2036775	9582764	1776634670	386296
17735306242	672900	15	8	671427	11619727	2036796	9582931	1776644258	386296
17735577241	672900	17	8	671427	11619917	2036820	9583097	1776653977	386296
17736011875	672900	11	8	671427	11620099	2036847	9583252	1776663422	386296
17736219937	672900	12	8	671427	11620280	2036878	9583402	1776672879	386296
17736669758	672900	13	8	671427	11620453	2036901	9583552	1776681875	386296
17737087380	672900	13	8	671427	11620636	2036932	9583704	1776691306	386296
17737298298	672900	14	8	671427	11620809	2036954	9583855	1776700378	386296
17737690181	672900	15	8	671427	11621000	2036983	9584017	1776710206	386296
17738015106	672900	16	8	671427	11621185	2037008	9584177	1776719829	386296
17738303317	672900	15	8	671427	11621380	2037039	9584341	1776729772	386296
17738657287	672900	14	8	671427	11621558	2037060	9584498	1776738883	386296
17738916292	672900	16	8	671427	11621755	2037084	9584671	1776748947	386296
17739177445	672900	14	8	671427	11621938	2037109	9584829	1776758377	386296
17739495598	672900	12	8	671427	11622117	2037132	9584985	1776767665	386296
17739807363	672900	13	8	671427	11622290	2037153	9585137	1776776585	386296
17740062904	672900	13	8	671427	11622475	2037175	9585300	1776786032	386296
17740349749	672900	14	8	671427	11622660	2037198	9585462	1776795525	386296
17740593578	672900	16	8	671427	11622842	2037225	9585617	1776804851	386296
17740901037	672900	14	8	671427	11623021	2037247	9585774	1776814104	386296
17741213614	672900	15	8	671427	11623204	2037276	9585928	1776823660	386296
17741581266	672900	14	8	671427	11623405	2037308	9586097	1776834049	386296
17741808004	672900	13	8	671427	11623588	2037335	9586253	1776843575	386296
17742156777	672900	13	8	671427	11623774	2037361	9586413	1776853064	386296
17742349999	672900	14	8	671427	11623968	2037392	9586576	1776863143	386296
17742626105	672900	13	8	671427	11624142	2037416	9586726	1776872084	386296
17742922919	672900	11	8	671427	11624326	2037445	9586881	1776881740	386296
17743345631	672900	15	8	671427	11624521	2037476	9587045	1776891845	386296
17743752075	672900	14	8	671427	11624722	2037512	9587210	1776902260	386296
17744074914	672900	15	8	671427	11624904	2037538	9587366	1776911718	386296
17744301296	672900	15	8	671427	11625099	2037568	9587531	1776921774	386296
17744597398	672900	16	8	671427	11625288	2037595	9587693	1776931465	386296
17744919292	672900	13	8	671427	11625468	2037616	9587852	1776940854	386296
17745215684	672900	12	8	671427	11625644	2037640	9588004	1776949887	386296
17745529167	672900	12	8	671427	11625831	2037667	9588164	1776959571	386296
17745853808	672900	15	8	671427	11626009	2037688	9588321	1776968661	386296
17746226509	672900	14	8	671427	11626197	2037715	9588482	1776978400	386296
17746437466	672900	16	8	671427	11626378	2037740	9588638	1776987808	386296
17746766608	672900	16	8	671427	11626570	2037760	9588810	1776997583	386296
17747074437	672900	14	8	671427	11626759	2037789	9588970	1777007353	386296
17747395688	672900	16	8	671427	11626947	2037814	9589133	1777016995	386296
17747635095	672900	15	8	671427	11627126	2037839	9589287	1777026243	386296
17747855567	672900	12	8	671427	11627316	2037871	9589445	1777036097	386296
17748121363	672900	13	8	671427	11627484	2037888	9589596	1777044738	386296
17748483554	672900	10	8	671427	11627665	2037913	9589752	1777054104	386296
17748763723	672900	12	8	671427	11627838	2037935	9589903	1777063051	386296
17748875128	672900	12	8	671427	11628007	2037958	9590049	1777071828	386296
17749373357	672900	15	8	671427	11628200	2037984	9590216	1777081759	386296
17749592787	672900	17	8	671427	11628390	2038011	9590379	1777091533	386296
17749878140	672900	16	8	671427	11628586	2038046	9590540	1777101662	386296
17750267172	672900	16	8	671427	11628778	2038067	9590711	1777111426	386296
17750688386	672900	16	8	671427	11628973	2038091	9590882	1777121445	386296
17751054014	672900	13	8	671427	11629165	2038121	9591044	1777131386	386296
17751400426	672900	11	8	671427	11629342	2038141	9591201	1777140451	386296
17751530754	672900	11	8	671427	11629517	2038169	9591348	1777149569	386296
17751728516	672900	11	8	671427	11629684	2038195	9591489	1777158327	386296
17752200371	672900	13	8	671427	11629880	2038227	9591653	1777168426	386296
17752504704	672900	14	8	671427	11630058	2038250	9591808	1777177504	386296
17752749396	672900	12	8	671427	11630238	2038274	9591964	1777186886	386296
17753142629	672900	16	8	671427	11630441	2038298	9592143	1777197182	386296
17753438012	672900	15	8	671427	11630613	2038319	9592294	1777206095	386296
17753702340	672900	15	8	671427	11630804	2038352	9592452	1777215907	386296
17753947892	672900	16	8	671427	11630992	2038376	9592616	1777225608	386296
17754263654	672900	12	8	671427	11631174	2038397	9592777	1777234932	386296
17754539596	672900	14	8	671427	11631358	2038421	9592937	1777244344	386296
17754798815	672900	13	8	671427	11631539	2038450	9593089	1777253827	386296
17755271593	672900	14	8	671427	11631729	2038475	9593254	1777263703	386296
17755648909	672900	16	8	671427	11631925	2038510	9593415	1777273785	386296
17755853927	672900	12	8	671427	11632102	2038528	9593574	1777282870	386296
17756110173	672900	16	8	671427	11632285	2038550	9593735	1777292193	386296
17756520871	672900	14	8	671427	11632462	2038570	9593892	1777301284	386296
17756790440	672900	13	8	671427	11632649	2038595	9594054	1777310905	386296
17756975798	672900	15	8	671427	11632827	2038624	9594203	1777320237	386296
17757271230	672900	15	8	671427	11633011	2038645	9594366	1777329710	386296
17757684847	672900	13	8	671427	11633194	2038666	9594528	1777339073	386296
17757984637	672900	14	8	671427	11633372	2038688	9594684	1777348131	386296
17758319688	672900	12	8	671427	11633559	2038713	9594846	1777357785	386296
17758584778	672900	14	8	671427	11633740	2038739	9595001	1777367105	386296
17758941364	672900	15	8	671427	11633926	2038765	9595161	1777376770	386296
17759274477	672900	15	8	671427	11634108	2038791	9595317	1777386123	386296
17759610971	672900	15	8	671427	11634296	2038820	9595476	1777395794	386296
17759971189	672900	16	8	671427	11634487	2038844	9595643	1777405580	386296
17760196873	672900	13	8	671427	11634660	2038870	9595790	1777414633	386296
17760507050	672900	15	8	671427	11634844	2038896	9595948	1777424182	386296
17760850096	672900	13	8	671427	11635036	2038922	9596114	1777433950	386296
17761048575	672900	13	8	671427	11635206	2038944	9596262	1777442824	386296
17761346435	672900	13	8	671427	11635389	2038969	9596420	1777452206	386296
17761496294	672900	15	8	671427	11635562	2038993	9596569	1777461274	386296
17761815733	672900	16	8	671427	11635737	2039012	9596725	1777470273	386296
17762092485	672900	14	8	671427	11635923	2039042	9596881	1777479969	386296
17762420147	672900	14	8	671427	11636099	2039065	9597034	1777489116	386296
17762595159	672900	13	8	671427	11636281	2039095	9597186	1777498580	386296
17762927474	672901	14	8	671428	11636476	2039122	9597354	1777508649	386295
17763109894	672901	13	8	671428	11636647	2039147	9597500	1777517547	386295
17763378434	672901	13	8	671428	11636843	2039175	9597668	1777527593	386295
17763677047	672901	17	8	671428	11637028	2039202	9597826	1777537042	386295
17764002974	672901	14	8	671428	11637215	2039226	9597989	1777546633	386295
17764312797	672901	15	8	671428	11637406	2039254	9598152	1777556518	386295
17764589861	672901	12	8	671428	11637600	2039287	9598313	1777566574	386295
17765003575	672901	15	8	671428	11637782	2039307	9598475	1777575925	386295
17765305529	672901	15	8	671428	11637965	2039331	9598634	1777585291	386295
17765638596	672901	14	8	671428	11638157	2039352	9598805	1777595063	386295
17765956646	672901	16	8	671428	11638350	2039380	9598970	1777604933	386295
17766343811	672901	14	8	671428	11638531	2039402	9599129	1777614279	386295
17766623868	672901	15	8	671428	11638730	2039431	9599299	1777624601	386295
17766878168	672901	15	8	671428	11638895	2039453	9599442	1777633148	386295
17767211195	672901	12	8	671428	11639083	2039483	9599600	1777642874	386295
17767638724	672901	13	8	671428	11639271	2039506	9599765	1777652538	386295
17767889291	672901	14	8	671428	11639447	2039532	9599915	1777661652	386295
17768104488	672901	14	8	671428	11639629	2039559	9600070	1777671053	386295
17768282188	672901	14	8	671428	11639801	2039586	9600215	1777680022	386295
17768625969	672901	16	8	671428	11639993	2039611	9600382	1777689842	386295
17769042299	672901	13	8	671428	11640171	2039636	9600535	1777699088	386295
17769386450	672901	13	8	671428	11640356	2039658	9600698	1777708603	386295
17769578667	672901	13	8	671428	11640538	2039686	9600852	1777717966	386295
17769905724	672902	14	8	671429	11640730	2039721	9601009	1777728260	386294
17770226781	672902	14	8	671429	11640920	2039750	9601170	1777738040	386294
17770522260	672902	15	8	671429	11641108	2039783	9601325	1777747730	386294
17770795423	672902	14	8	671429	11641292	2039807	9601485	1777757309	386294
17771102018	672902	15	8	671429	11641470	2039831	9601639	1777766509	386294
17771471224	672902	15	8	671429	11641654	2039854	9601800	1777776001	386294
17771847593	672902	15	8	671429	11641840	2039878	9601962	1777785546	386294
17772175509	672903	12	8	671430	11642024	2039907	9602117	1777795346	386293
17772350200	672903	14	8	671430	11642202	2039929	9602273	1777804502	386293
17772621112	672903	15	8	671430	11642376	2039956	9602420	1777813547	386293
17772990572	672903	13	8	671430	11642544	2039978	9602566	1777822207	386293
17773217373	672903	15	8	671430	11642712	2040008	9602704	1777830883	386293
17773625411	672903	14	8	671430	11642888	2040030	9602858	1777839820	386293
17773790180	672903	15	8	671430	11643062	2040058	9603004	1777848846	386293
17774043044	672903	14	8	671430	11643219	2040076	9603143	1777856936	386293
17774313511	672903	12	8	671430	11643381	2040099	9603282	1777865300	386293
17774663584	672903	15	8	671430	11643547	2040122	9603425	1777873960	386293
17774919217	672903	13	8	671430	11643716	2040147	9603569	1777882556	386293
17775108708	672903	13	8	671430	11643878	2040174	9603704	1777890973	386293
17775473022	672903	14	8	671430	11644048	2040201	9603847	1777899731	386293
17775696026	672903	13	8	671430	11644215	2040224	9603991	1777908361	386293
17775909346	672903	14	8	671430	11644380	2040247	9604133	1777916857	386293
17776175527	672903	14	8	671430	11644550	2040272	9604278	1777925637	386293
17776532933	672903	12	8	671430	11644708	2040288	9604420	1777933729	386293
17776885661	672903	14	8	671430	11644864	2040307	9604557	1777941791	386293
17777417810	672903	12	8	671430	11645036	2040334	9604702	1777950652	386293
17777672442	672903	14	8	671430	11645211	2040362	9604849	1777959782	386293
17777865250	672903	13	8	671430	11645371	2040386	9604985	1777968049	386293
17778137250	672903	14	8	671430	11645528	2040403	9605125	1777976146	386293
17778493560	672903	15	8	671430	11645698	2040427	9605271	1777984840	386293
17778802789	672903	12	8	671430	11645863	2040449	9605414	1777993381	386293
17779033920	672903	14	8	671430	11646021	2040476	9605545	1778001556	386293
17779192478	672903	14	8	671430	11646163	2040496	9605667	1778008937	386293
17779391315	672903	12	8	671430	11646297	2040514	9605783	1778015954	386293
17779582094	672903	13	8	671430	11646451	2040535	9605916	1778023747	386293
17779850809	672903	14	8	671430	11646597	2040550	9606047	1778031210	386293
17780139250	672903	14	8	671430	11646753	2040570	9606183	1778039235	386293
17780315064	672903	15	8	671430	11646891	2040590	9606301	1778046393	386293
17780567566	672903	14	8	671430	11647040	2040613	9606427	1778054111	386293
17780798603	672903	11	8	671430	11647185	2040630	9606555	1778061568	386293
17781061534	672903	12	8	671430	11647326	2040648	9606678	1778068801	386293
17781207633	672903	11	8	671430	11647468	2040673	9606795	1778076250	386293
17781460342	672903	11	8	671430	11647619	2040701	9606918	1778084078	386293
17781730663	672903	15	8	671430	11647772	2040720	9607052	1778091960	386293
17781974837	672903	14	8	671430	11647909	2040736	9607173	1778099097	386293
17782229334	672903	15	8	671430	11648068	2040760	9607308	1778107223	386293
17782465462	672903	14	8	671430	11648211	2040780	9607431	1778114590	386293
17782607604	672903	13	8	671430	11648344	2040798	9607546	1778121562	386293
17782874992	672903	12	8	671430	11648488	2040818	9607670	1778128939	386293
17783126241	672903	10	8	671430	11648633	2040840	9607793	1778136418	386293
17783358194	672903	11	8	671430	11648767	2040859	9607908	1778143378	386293
17783526633	672903	12	8	671430	11648905	2040875	9608030	1778150473	386293
17783836828	672903	15	8	671430	11649046	2040892	9608154	1778157766	386293
17784163969	672903	14	8	671430	11649196	2040907	9608289	1778165404	386293
17784433658	672903	13	8	671430	11649349	2040928	9608421	1778173245	386293
17784705128	672903	13	8	671430	11649495	2040948	9608547	1778180824	386293
17784847483	672903	11	8	671430	11649634	2040969	9608665	1778188087	386293
17784998223	672903	12	8	671430	11649770	2040989	9608781	1778195161	386293
17785290357	672903	12	8	671430	11649911	2041010	9608901	1778202483	386293
17785514222	672903	13	8	671430	11650057	2041032	9609025	1778210032	386293
17785656343	672903	13	8	671430	11650207	2041050	9609157	1778217685	386293
17785838509	672903	13	8	671430	11650355	2041069	9609286	1778225242	386293
17786099652	672903	13	8	671430	11650511	2041081	9609430	1778233021	386293
17786307488	672903	13	8	671430	11650661	2041106	9609555	1778240808	386293
17786447621	672903	13	8	671430	11650815	2041133	9609682	1778248797	386293
17786732842	672903	12	8	671430	11650949	2041149	9609800	1778255738	386293
17786850254	672903	13	8	671430	11651085	2041166	9609919	1778262753	386293
17787109567	672903	13	8	671430	11651231	2041188	9610043	1778270342	386293
17787269688	672903	13	8	671430	11651381	2041211	9610170	1778278059	386293
17787577073	672903	15	8	671430	11651532	2041236	9610296	1778285809	386293
17787731233	672903	11	8	671430	11651670	2041254	9610416	1778292958	386293
17788046158	672903	15	8	671430	11651850	2041276	9610574	1778302274	386293
17788277913	672904	15	8	671431	11651993	2041302	9610691	1778324554	386293
17788491438	672904	14	8	671431	11652139	2041323	9610816	1778332217	386293
17788759964	672904	13	8	671431	11652289	2041347	9610942	1778339904	386293
17788938355	672904	11	8	671431	11652429	2041364	9611065	1778347185	386293
17789152630	672904	14	8	671431	11652584	2041386	9611198	1778355107	386293
17789359574	672904	13	8	671431	11652737	2041411	9611326	1778363012	386293
17789480767	672904	13	8	671431	11652869	2041428	9611441	1778369915	386293
17789745099	672904	15	8	671431	11653021	2041448	9611573	1778377652	386293
17789967294	672904	11	8	671431	11653173	2041474	9611699	1778385489	386293
17790182562	672904	12	8	671431	11653322	2041499	9611823	1778393261	386293
17790514167	672904	11	8	671431	11653461	2041525	9611936	1778400582	386293
17790624123	672904	13	8	671431	11653605	2041548	9612057	1778408028	386293
17790843100	672904	14	8	671431	11653757	2041568	9612189	1778415870	386293
17791201008	672904	15	8	671431	11653903	2041585	9612318	1778423304	386293
17791431635	672904	13	8	671431	11654052	2041603	9612449	1778431012	386293
17791628651	672904	14	8	671431	11654200	2041630	9612570	1778438773	386293
17791776773	672904	10	8	671431	11654343	2041655	9612688	1778446201	386293
17792041074	672904	14	8	671431	11654495	2041675	9612820	1778453931	386293
17792312124	672904	11	8	671431	11654627	2041689	9612938	1778460781	386293
17792583818	672904	14	8	671431	11654775	2041712	9613063	1778468405	386293
17792757624	672904	16	8	671431	11654917	2041730	9613187	1778475757	386293
17792940753	672904	16	8	671431	11655062	2041753	9613309	1778483226	386293
17793196112	672904	13	8	671431	11655202	2041767	9613435	1778490512	386293
17793488984	672904	11	8	671431	11655344	2041783	9613561	1778497770	386293
17793635271	672904	11	8	671431	11655491	2041802	9613689	1778505344	386293
17793883356	672904	12	8	671431	11655630	2041819	9613811	1778512419	386293
17794088997	672904	11	8	671431	11655773	2041837	9613936	1778519707	386293
17794298803	672904	13	8	671431	11655920	2041860	9614060	1778527311	386293
17794481425	672904	15	8	671431	11656069	2041883	9614186	1778534988	386293
17794715967	672904	14	8	671431	11656214	2041906	9614308	1778542485	386293
17794959415	672904	13	8	671431	11656364	2041930	9614434	1778550366	386293
17795156283	672904	14	8	671431	11656505	2041947	9614558	1778557643	386293
17795282338	672904	13	8	671431	11656655	2041973	9614682	1778565440	386293
17795437729	672904	12	8	671431	11656799	2041998	9614801	1778572901	386293
17795573048	672904	10	8	671431	11656931	2042018	9614913	1778579831	386293
17795810416	672904	13	8	671431	11657074	2042036	9615038	1778587245	386293
17795980861	672904	12	8	671431	11657210	2042051	9615159	1778594234	386293
17796168678	672904	15	8	671431	11657375	2042079	9615296	1778602655	386293
17796369078	672904	16	8	671431	11657516	2042097	9615419	1778609956	386293
17796661900	672904	13	8	671431	11657670	2042119	9615551	1778617837	386293
17796862804	672904	13	8	671431	11657828	2042144	9615684	1778626029	386293
17797089821	672904	12	8	671431	11657968	2042165	9615803	1778633231	386293
17797328104	672904	11	8	671431	11658119	2042186	9615933	1778640999	386293
17797486114	672904	15	8	671431	11658270	2042207	9616063	1778648742	386293
17797654653	672904	13	8	671431	11658409	2042224	9616185	1778655838	386293
17797935257	672904	14	8	671431	11658557	2042242	9616315	1778663428	386293
17798204390	672904	13	8	671431	11658708	2042264	9616444	1778671206	386293
17798350839	672904	14	8	671431	11658846	2042280	9616566	1778678262	386293
17798573274	672904	11	8	671431	11658982	2042300	9616682	1778685424	386293
17798732619	672904	12	8	671431	11659125	2042322	9616803	1778692865	386293
17799050475	672904	12	8	671431	11659263	2042342	9616921	1778700080	386293
17799303442	672904	13	8	671431	11659404	2042360	9617044	1778707345	386293
17799554429	672904	15	8	671431	11659563	2042381	9617182	1778715429	386293
17799795488	672904	13	8	671431	11659703	2042397	9617306	1778722624	386293
17800201597	672904	15	8	671431	11659860	2042422	9617438	1778730695	386293
17800535857	672904	11	8	671431	11660008	2042441	9617567	1778738249	386293
17800787893	672904	14	8	671431	11660162	2042466	9617696	1778746214	386293
17801023334	672904	11	8	671431	11660297	2042483	9617814	1778753145	386293
17801231991	672904	13	8	671431	11660447	2042503	9617944	1778760914	386293
17801491603	672904	15	8	671431	11660581	2042513	9618068	1778767749	386293
17801689018	672904	13	8	671431	11660729	2042537	9618192	1778775430	386293
17801991217	672904	15	8	671431	11660879	2042557	9618322	1778783154	386293
17802152330	672904	15	8	671431	11661016	2042576	9618440	1778790315	386293
17802365337	672904	14	8	671431	11661151	2042589	9618562	1778797282	386293
17802663512	672904	12	8	671431	11661299	2042610	9618689	1778804814	386293
17802983100	672904	11	8	671431	11661435	2042630	9618805	1778811974	386293
17803254835	672904	11	8	671431	11661582	2042651	9618931	1778819539	386293
17803416483	672904	15	8	671431	11661735	2042675	9619060	1778827245	386293
17803637105	672904	14	8	671431	11661873	2042698	9619175	1778834507	386293
17803761765	672904	16	8	671431	11662037	2042728	9619309	1778842965	386293
17803926365	672904	15	8	671431	11662187	2042752	9619435	1778850834	386293
17804131381	672904	13	8	671431	11662337	2042773	9619564	1778858557	386293
17804329583	672904	12	8	671431	11662483	2042796	9619687	1778866087	386293
17804498658	672904	11	8	671431	11662618	2042814	9619804	1778873130	386293
17804725930	672904	11	8	671431	11662774	2042841	9619933	1778881066	386293
17804900994	672904	11	8	671431	11662912	2042865	9620047	1778888342	386293
17805217039	672904	13	8	671431	11663062	2042887	9620175	1778896063	386293
17805330706	672904	12	8	671431	11663203	2042910	9620293	1778903422	386293
17805473735	672904	15	8	671431	11663355	2042932	9620423	1778911262	386293
17805894538	672904	16	8	671431	11663508	2042956	9620552	1778919252	386293
17806188819	672904	15	8	671431	11663658	2042974	9620684	1778926879	386293
17806417332	672904	14	8	671431	11663808	2042994	9620814	1778934547	386293
17806612775	672904	11	8	671431	11663947	2043014	9620933	1778941816	386293
17806891498	672904	11	8	671431	11664093	2043028	9621065	1778949175	386293
17807133958	672904	14	8	671431	11664235	2043046	9621189	1778956557	386293
17807446146	672904	12	8	671431	11664378	2043064	9621314	1778963971	386293
17807617710	672905	15	8	671432	11664528	2043088	9621440	1778971655	386292
17807947760	672905	12	8	671432	11664670	2043104	9621566	1778979000	386292
17808233547	672905	12	8	671432	11664818	2043125	9621693	1778986645	386292
17808412555	672905	13	8	671432	11664952	2043142	9621810	1778993530	386292
17808663189	672905	12	8	671432	11665101	2043164	9621937	1779001276	386292
17808914732	672905	13	8	671432	11665248	2043182	9622066	1779008753	386292
17809184538	672905	14	8	671432	11665402	2043205	9622197	1779016645	386292
17809404027	672905	12	8	671432	11665545	2043223	9622322	1779024085	386292
17809590003	672905	14	8	671432	11665694	2043247	9622447	1779031789	386292
17809890330	672905	13	8	671432	11665838	2043262	9622576	1779039179	386292
17810115648	672905	13	8	671432	11665981	2043282	9622699	1779046622	386292
17810381631	672905	14	8	671432	11666142	2043307	9622835	1779054847	386292
17810511518	672905	13	8	671432	11666291	2043327	9622964	1779062498	386292
17810654991	672905	14	8	671432	11666445	2043354	9623091	1779070476	386292
17810907829	672905	13	8	671432	11666590	2043380	9623210	1779078098	386292
17811100196	672905	13	8	671432	11666749	2043407	9623342	1779086190	386292
17811342593	672905	13	8	671432	11666894	2043428	9623466	1779093753	386292
17811569577	672905	11	8	671432	11667039	2043448	9623591	1779101222	386292
17811742926	672905	13	8	671432	11667189	2043468	9623721	1779108813	386292
17811891207	672905	14	8	671432	11667337	2043495	9623842	1779116536	386292
17812154910	672905	15	8	671432	11667492	2043519	9623973	1779124591	386292
17812429042	672905	13	8	671432	11667632	2043533	9624099	1779131709	386292
17812708871	672905	12	8	671432	11667779	2043553	9624226	1779139305	386292
17812922155	672905	12	8	671432	11667929	2043576	9624353	1779147021	386292
17813013682	672905	14	8	671432	11668067	2043597	9624470	1779154177	386292
17813220997	672905	11	8	671432	11668211	2043623	9624588	1779161763	386292
17813381894	672905	13	8	671432	11668352	2043642	9624710	1779169078	386292
17813553992	672905	12	8	671432	11668498	2043658	9624840	1779176508	386292
17813944005	672905	15	8	671432	11668649	2043674	9624975	1779184179	386292
17814180526	672905	13	8	671432	11668798	2043695	9625103	1779191818	386292
17814355463	672905	14	8	671432	11668947	2043717	9625230	1779199517	386292
17814697932	672905	14	8	671432	11669107	2043746	9625361	1779207825	386292
17814897790	672905	13	8	671432	11669262	2043770	9625492	1779215758	386292
17815216979	672905	13	8	671432	11669417	2043794	9625623	1779223667	386292
17815428341	672905	13	8	671432	11669556	2043809	9625747	1779230853	386292
17815638000	672905	14	8	671432	11669702	2043835	9625867	1779238496	386292
17815951101	672905	15	8	671432	11669849	2043852	9625997	1779246036	386292
17816255029	672905	12	8	671432	11669987	2043873	9626114	1779253237	386292
17816674386	672905	13	8	671432	11670127	2043888	9626239	1779260558	386292
17816796539	672905	12	8	671432	11670263	2043908	9626355	1779267546	386292
17817048087	672905	13	8	671432	11670415	2043924	9626491	1779275272	386292
17817428330	672905	13	8	671432	11670561	2043950	9626611	1779282827	386292
17817621465	672905	14	8	671432	11670709	2043972	9626737	1779290504	386292
17817694727	672905	14	8	671432	11670845	2043992	9626853	1779297625	386292
17817901061	672905	13	8	671432	11670993	2044014	9626979	1779305176	386292
17818121288	672905	12	8	671432	11671137	2044036	9627101	1779312643	386292
17818386265	672905	13	8	671432	11671285	2044053	9627232	1779320221	386292
17818530382	672905	11	8	671432	11671428	2044079	9627349	1779327736	386292
17818891555	672905	13	8	671432	11671579	2044102	9627477	1779335485	386292
17819200803	672905	14	8	671432	11671725	2044117	9627608	1779342966	386292
17819503297	672905	13	8	671432	11671858	2044139	9627719	1779349890	386292
17819792424	672905	13	8	671432	11672019	2044165	9627854	1779358208	386292
17819900946	672905	13	8	671432	11672157	2044186	9627971	1779365390	386292
17820175931	672905	12	8	671432	11672295	2044201	9628094	1779372504	386292
17820458013	672905	14	8	671432	11672439	2044221	9628218	1779379938	386292
17820695233	672905	12	8	671432	11672579	2044239	9628340	1779387231	386292
17820835625	672905	12	8	671432	11672723	2044258	9628465	1779394632	386292
17821053809	672905	14	8	671432	11672884	2044285	9628599	1779402930	386292
17821297429	672905	14	8	671432	11673027	2044301	9628726	1779410269	386292
17821510085	672905	12	8	671432	11673176	2044325	9628851	1779418041	386292
17821746287	672905	15	8	671432	11673322	2044345	9628977	1779425506	386292
17821894661	672905	12	8	671432	11673458	2044361	9629097	1779432595	386292
17822145705	672905	13	8	671432	11673594	2044373	9629221	1779439531	386292
17822311927	672905	12	8	671432	11673723	2044389	9629334	1779446185	386292
17822491859	672905	12	8	671432	11673880	2044414	9629466	1779454298	386292
17822787431	672905	14	8	671432	11674023	2044437	9629586	1779461737	386292
17822901540	672905	13	8	671432	11674160	2044456	9629704	1779468770	386292
17823242843	672905	14	8	671432	11674316	2044480	9629836	1779476881	386292
17823492561	672905	14	8	671432	11674469	2044502	9629967	1779484708	386292
17823780468	672905	14	8	671432	11674616	2044516	9630100	1779492140	386292
17824146972	672905	14	8	671432	11674757	2044535	9630222	1779499439	386292
17824458839	672905	13	8	671432	11674902	2044552	9630350	1779506951	386292
17824756578	672905	11	8	671432	11675043	2044568	9630475	1779514206	386292
17824907667	672905	14	8	671432	11675185	2044590	9630595	1779521546	386292
17825128727	672905	12	8	671432	11675337	2044613	9630724	1779529414	386292
17825280185	672905	14	8	671432	11675477	2044637	9630840	1779536792	386292
17825505917	672905	13	8	671432	11675622	2044657	9630965	1779544184	386292
17825764090	672905	14	8	671432	11675773	2044676	9631097	1779551957	386292
17825995111	672905	15	8	671432	11675914	2044688	9631226	1779559155	386292
17826176896	672905	12	8	671432	11676052	2044700	9631352	1779566138	386292
17826415532	672905	13	8	671432	11676189	2044716	9631473	1779573218	386292
17826758263	672905	14	8	671432	11676337	2044735	9631602	1779580829	386292
17827073516	672905	15	8	671432	11676487	2044751	9631736	1779588520	386292
17827280811	672905	13	8	671432	11676635	2044774	9631861	1779596175	386292
17827548778	672905	14	8	671432	11676779	2044794	9631985	1779603525	386292
17827907196	672905	12	8	671432	11676921	2044809	9632112	1779610811	386292
17828274732	672905	14	8	671432	11677074	2044829	9632245	1779618698	386292
17828430049	672905	13	8	671432	11677204	2044847	9632357	1779625432	386292
17828682984	672905	15	8	671432	11677348	2044862	9632486	1779632873	386292
17828875091	672905	14	8	671432	11677495	2044891	9632604	1779640478	386292
17829259699	672905	13	8	671432	11677634	2044907	9632727	1779647758	386292
17829392381	672905	14	8	671432	11677776	2044926	9632850	1779655002	386292
17829705121	672905	13	8	671432	11677908	2044936	9632972	1779661778	386292
17829821325	672905	14	8	671432	11678042	2044954	9633088	1779668757	386292
17830140443	672905	13	8	671432	11678187	2044971	9633216	1779676175	386292
17830307783	672905	12	8	671432	11678331	2044992	9633339	1779683618	386292
17830611979	672905	13	8	671432	11678478	2045005	9633473	1779691045	386292
17830858983	672905	13	8	671432	11678619	2045023	9633596	1779698302	386292
17831059667	672905	13	8	671432	11678768	2045044	9633724	1779705998	386292
17831273986	672905	14	8	671432	11678916	2045063	9633853	1779713489	386292
17831548856	672905	13	8	671432	11679067	2045085	9633982	1779721306	386292
17831760595	672905	15	8	671432	11679202	2045102	9634100	1779728301	386292
17832040050	672905	13	8	671432	11679349	2045121	9634228	1779735890	386292
17832308407	672905	13	8	671432	11679494	2045140	9634354	1779743387	386292
17832471781	672905	12	8	671432	11679633	2045161	9634472	1779750559	386292
17832709489	672905	12	8	671432	11679782	2045180	9634602	1779758243	386292
17832934759	672905	15	8	671432	11679938	2045200	9634738	1779766155	386292
17833148523	672905	14	8	671432	11680083	2045223	9634860	1779773694	386292
17833358661	672905	13	8	671432	11680230	2045241	9634989	1779781100	386292
17833472169	672905	15	8	671432	11680362	2045254	9635108	1779788008	386292
17833648099	672905	12	8	671432	11680500	2045273	9635227	1779795164	386292
17833810074	672905	13	8	671432	11680648	2045296	9635352	1779802848	386292
17833998384	672905	13	8	671432	11680780	2045315	9635465	1779809708	386292
17834246474	672905	12	8	671432	11680928	2045339	9635589	1779817426	386292
17834558445	672905	14	8	671432	11681083	2045359	9635724	1779825272	386292
17834826818	672905	13	8	671432	11681227	2045378	9635849	1779832702	386292
17835148167	672905	15	8	671432	11681390	2045400	9635990	1779841019	386292
17835425267	672905	14	8	671432	11681540	2045421	9636119	1779848762	386292
17835736056	672905	13	8	671432	11681685	2045438	9636247	1779856218	386292
17836033776	672905	12	8	671432	11681835	2045463	9636372	1779863966	386292
17836189530	672905	10	8	671432	11681974	2045485	9636489	1779871192	386292
17836500558	672905	13	8	671432	11682126	2045505	9636621	1779878906	386292
17836765619	672905	14	8	671432	11682271	2045522	9636749	1779886351	386292
17837134374	672905	15	8	671432	11682425	2045544	9636881	1779894296	386292
17837402298	672905	15	8	671432	11682583	2045570	9637013	1779902400	386292
17837569489	672905	14	8	671432	11682713	2045584	9637129	1779909172	386292
17837800461	672905	14	8	671432	11682871	2045610	9637261	1779917338	386292
17837986702	672905	15	8	671432	11683011	2045629	9637382	1779924575	386292
17838225098	672905	14	8	671432	11683150	2045648	9637502	1779931800	386292
17838360041	672905	12	8	671432	11683285	2045666	9637619	1779938802	386292
17838683019	672906	13	8	671433	11683435	2045689	9637746	1779946634	386291
17838964408	672906	11	8	671433	11683577	2045710	9637867	1779953970	386291
17839309616	672906	12	8	671433	11683728	2045731	9637997	1779961696	386291
17839522181	672906	13	8	671433	11683872	2045756	9638116	1779969155	386291
17839811888	672906	11	8	671433	11684020	2045778	9638242	1779976785	386291
17840057941	672906	14	8	671433	11684183	2045800	9638383	1779985062	386291
17840361196	672906	14	8	671433	11684332	2045822	9638510	1779992751	386291
17840737992	672906	14	8	671433	11684496	2045845	9638651	1780001077	386291
17840959230	672906	13	8	671433	11684642	2045863	9638779	1780008590	386291
17841200838	672906	12	8	671433	11684790	2045884	9638906	1780016231	386291
17841386833	672906	11	8	671433	11684941	2045906	9639035	1780024025	386291
17841607108	672906	12	8	671433	11685077	2045923	9639154	1780031049	386291
17841774570	672906	10	8	671433	11685215	2045942	9639273	1780038182	386291
17841907420	672907	14	8	671434	11685359	2045952	9639407	1780106256	386290
17842118195	672907	13	8	671434	11685507	2045979	9639528	1780113914	386290
17842428744	672907	14	8	671434	11685669	2046000	9639669	1780122148	386290
17842662170	672907	14	8	671434	11685812	2046015	9639797	1780129359	386290
