bytes_written	total_items	curr_connections	threads	cmd_set	cmd_get	get_misses	get_hits	bytes_read
20316978808	4192093	16	8	4581596	16366488	2087025	14279463	2264845551	481780
20317203482	4192156	13	8	4581659	16366754	2087054	14279700	2264862893	481780
20317567019	4192217	16	8	4581721	16367020	2087076	14279944	2264880081	481780
20317952554	4192279	12	8	4581783	16367288	2087105	14280183	2264897416	481780
20318303381	4192338	13	8	4581843	16367539	2087125	14280414	2264913822	481780
20318576711	4192398	13	8	4581903	16367793	2087146	14280647	2264930245	481780
20318857637	4192459	15	8	4581964	16368057	2087173	14280884	2264947369	481780
20319246103	4192519	15	8	4582024	16368315	2087198	14281117	2264964167	481780
20319605612	4192579	16	8	4582089	16368579	2087222	14281357	2264981470	481780
20320046329	4192640	14	8	4582152	16368851	2087245	14281606	2264998892	481780
20320241571	4192700	14	8	4582212	16369098	2087268	14281830	2265015168	481780
20320678960	4192762	11	8	4582275	16369360	2087292	14282068	2265032186	481780
20320918767	4192824	13	8	4582338	16369623	2087319	14282304	2265049385	481780
20321221341	4192884	11	8	4582398	16369883	2087347	14282536	2265066265	481780
20321589642	4192943	14	8	4582457	16370143	2087368	14282775	2265082998	481780
20322054811	4193003	14	8	4582517	16370405	2087389	14283016	2265099897	481780
20322495239	4193064	12	8	4582579	16370667	2087408	14283259	2265116796	481780
20323021314	4193125	15	8	4582641	16370941	2087435	14283506	2265134447	481780
20323344002	4193187	14	8	4582707	16371205	2087460	14283745	2265151789	481780
20323768717	4193246	14	8	4582767	16371467	2087490	14283977	2265168865	481780
20324128079	4193307	12	8	4582828	16371732	2087518	14284214	2265186064	481780
20324434815	4193368	13	8	4582889	16371989	2087543	14284446	2265202806	481780
20324607463	4193429	14	8	4582950	16372242	2087566	14284676	2265219445	481780
20324878494	4193491	12	8	4583013	16372490	2087584	14284906	2265235766	481780
20325178216	4193550	14	8	4583072	16372750	2087612	14285138	2265252617	481780
20325459682	4193610	14	8	4583133	16373011	2087640	14285371	2265269588	481780
20325738457	4193672	13	8	4583196	16373270	2087663	14285607	2265286548	481780
20326067787	4193733	12	8	4583257	16373529	2087688	14285841	2265303386	481780
20326480517	4193792	13	8	4583316	16373785	2087707	14286078	2265319893	481780
20326794500	4193854	16	8	4583380	16374069	2087735	14286334	2265338021	481780
20327180212	4193916	14	8	4583442	16374332	2087761	14286571	2265355136	481780
20327585059	4193977	12	8	4583504	16374595	2087780	14286815	2265372135	481780
20327975691	4194039	12	8	4583567	16374858	2087801	14287057	2265389213	481780
20328347866	4194096	14	8	4583625	16375107	2087827	14287280	2265405338	481780
20328788262	4194157	13	8	4583686	16375377	2087853	14287524	2265424463	481780
20329334721	4194217	14	8	4583747	16375650	2087883	14287767	2265441896	481780
20329697511	4194277	14	8	4583807	16375910	2087904	14288006	2265458646	481780
20330048592	4194338	15	8	4583870	16376171	2087931	14288240	2265475868	481780
20330399382	4194400	13	8	4583933	16376427	2087952	14288475	2265492548	481780
20330719969	4194461	14	8	4583995	16376680	2087971	14288709	2265509164	481780
20331206672	4194523	11	8	4584057	16376949	2087998	14288951	2265526572	481780
20331454554	4194583	14	8	4584121	16377212	2088025	14289187	2265543750	481780
20331740560	4194643	13	8	4584182	16377459	2088046	14289413	2265560109	481780
20332109774	4194702	14	8	4584245	16377713	2088068	14289645	2265576816	481780
20332382109	4194764	13	8	4584309	16377978	2088094	14289884	2265594075	481780
20332683444	4194825	13	8	4584371	16378240	2088123	14290117	2265611194	481780
20332941737	4194885	14	8	4584432	16378499	2088147	14290352	2265628045	481780
20333183141	4194946	14	8	4584493	16378749	2088169	14290580	2265644564	481780
20333575808	4195010	13	8	4584561	16379023	2088193	14290830	2265662479	481780
20333946475	4195068	12	8	4584621	16379277	2088212	14291065	2265678898	481780
20334127690	4195127	15	8	4584682	16379532	2088241	14291291	2265695713	481780
20334409871	4195186	14	8	4584741	16379776	2088260	14291516	2265711605	481780
20334645933	4195248	12	8	4584803	16380031	2088281	14291750	2265728324	481780
20335019221	4195310	14	8	4584866	16380303	2088313	14291990	2265745938	481780
20335380499	4195368	14	8	4584924	16380546	2088333	14292213	2265761857	481780
20335888942	4195430	15	8	4584987	16380823	2088367	14292456	2265779842	481780
20336328530	4195492	14	8	4585049	16381095	2088394	14292701	2265797418	481780
20336570589	4195551	13	8	4585112	16381352	2088420	14292932	2265814250	481780
20336874880	4195612	12	8	4585175	16381614	2088444	14293170	2265831329	481780
20337300386	4195672	15	8	4585235	16381877	2088470	14293407	2265848263	481780
20337630664	4195734	12	8	4585297	16382135	2088494	14293641	2265865168	481780
20337982733	4195794	13	8	4585358	16382387	2088515	14293872	2265881688	481780
20338473163	4195853	14	8	4585417	16382650	2088545	14294105	2265898614	481780
20338849574	4195915	14	8	4585479	16382917	2088575	14294342	2265915994	481780
20339158695	4195975	15	8	4585539	16383174	2088601	14294573	2265932761	481780
20339376084	4196035	14	8	4585599	16383432	2088633	14294799	2265949572	481780
20339721814	4196096	15	8	4585660	16383703	2088660	14295043	2265967041	481780
20340001832	4196156	15	8	4585721	16383967	2088694	14295273	2265984232	481780
20340410956	4196217	12	8	4585785	16384217	2088712	14295505	2266000722	481780
20340697888	4196276	14	8	4585845	16384472	2088740	14295732	2266017350	481780
20340988208	4196336	13	8	4585907	16384731	2088766	14295965	2266034325	481780
20341241170	4196396	14	8	4585968	16384986	2088791	14296195	2266050954	481780
20341604289	4196457	12	8	4586029	16385247	2088816	14296431	2266067785	481780
20341857838	4196517	16	8	4586089	16385513	2088846	14296667	2266085084	481780
20342243841	4196577	13	8	4586151	16385771	2088867	14296904	2266101820	481780
20342568092	4196636	19	8	4586214	16386022	2088888	14297134	2266118441	481780
20343042203	4196700	11	8	4586279	16386299	2088924	14297375	2266136437	481780
20343329273	4196760	15	8	4586340	16386556	2088951	14297605	2266153200	481780
20343748638	4196820	13	8	4586401	16386818	2088976	14297842	2266170173	481780
20344075785	4196880	15	8	4586462	16387082	2089000	14298082	2266187274	481780
20344545315	4196940	12	8	4586525	16387338	2089028	14298310	2266204119	481780
20344836580	4197002	11	8	4586590	16387603	2089050	14298553	2266221402	481780
20345173685	4197060	15	8	4586652	16387867	2089083	14298784	2266238599	481780
20345509205	4197120	12	8	4586717	16388123	2089106	14299017	2266255515	481780
20345769254	4197180	16	8	4586779	16388386	2089136	14299250	2266272782	481780
20346034054	4197241	16	8	4586840	16388644	2089161	14299483	2266289545	481780
20346241049	4197305	13	8	4586904	16388905	2089182	14299723	2266306579	481780
20346487587	4197364	17	8	4586964	16389155	2089204	14299951	2266322944	481780
20346773627	4197424	14	8	4587024	16389413	2089231	14300182	2266339710	481780
20347166778	4197485	11	8	4587088	16389681	2089260	14300421	2266357162	481780
20347557500	4197544	12	8	4587149	16389938	2089290	14300648	2266373911	481780
20347842114	4197604	13	8	4587213	16390197	2089318	14300879	2266391093	481780
20348301912	4197661	16	8	4587273	16390449	2089345	14301104	2266407540	481780
20348664993	4197724	15	8	4587336	16390710	2089369	14301341	2266424766	481780
20349135620	4197786	16	8	4587399	16390984	2089398	14301586	2266442488	481780
20349438205	4197844	15	8	4587458	16391245	2089427	14301818	2266459362	481780
20349816207	4197908	12	8	4587522	16391522	2089453	14302069	2266477162	481780
20350266682	4197969	15	8	4587584	16391780	2089481	14302299	2266494079	481780
20350485200	4198027	13	8	4587644	16392031	2089510	14302521	2266510600	481780
20350941619	4198087	13	8	4587704	16392286	2089528	14302758	2266527073	481780
20351212219	4198146	13	8	4587765	16392539	2089554	14302985	2266543540	481780
20351457783	4198208	12	8	4587827	16392808	2089580	14303228	2266560942	481780
20351880051	4198264	19	8	4587883	16393071	2089612	14303459	2266577796	481780
20352227663	4198327	13	8	4587950	16393336	2089643	14303693	2266595314	481780
20352461572	4198387	18	8	4588010	16393585	2089663	14303922	2266611688	481780
20352705991	4198449	13	8	4588074	16393847	2089689	14304158	2266628837	481780
20353035577	4198511	13	8	4588136	16394110	2089714	14304396	2266645939	481780
20353319408	4198570	12	8	4588195	16394362	2089741	14304621	2266662414	481780
20353539503	4198629	12	8	4588255	16394612	2089771	14304841	2266678821	481780
20353766159	4198690	14	8	4588317	16394879	2089803	14305076	2266696226	481780
20354113654	4198749	14	8	4588378	16395139	2089834	14305305	2266713262	481780
20354341079	4198812	16	8	4588443	16395405	2089859	14305546	2266730675	481780
20354717813	4198873	17	8	4588504	16395676	2089893	14305783	2266748277	481780
20355085073	4198933	13	8	4588567	16395929	2089921	14306008	2266764997	481780
20355606418	4198995	11	8	4588630	16396199	2089944	14306255	2266782381	481780
20355854249	4199053	15	8	4588688	16396460	2089978	14306482	2266799319	481780
20356134601	4199114	13	8	4588749	16396715	2090007	14306708	2266816081	481780
20356537435	4199175	14	8	4588811	16396985	2090037	14306948	2266833608	481780
20356799946	4199234	15	8	4588872	16397235	2090066	14307169	2266850176	481780
20357198606	4199295	14	8	4588934	16397491	2090085	14307406	2266866906	481780
20357414169	4199356	15	8	4588996	16397749	2090112	14307637	2266883821	481780
20357813103	4199418	14	8	4589058	16398013	2090136	14307877	2266900961	481780
20358159321	4199477	13	8	4589119	16398270	2090164	14308106	2266917808	481780
20358418883	4199538	11	8	4589181	16398522	2090186	14308336	2266934300	481780
20358947786	4199598	14	8	4589241	16398789	2090211	14308578	2266951509	481780
20359156580	4199658	14	8	4589301	16399029	2090230	14308799	2266967310	481780
20359411974	4199719	13	8	4589362	16399284	2090260	14309024	2266984039	481780
20359728393	4199778	15	8	4589424	16399542	2090286	14309256	2267000975	481780
20360052117	4199839	14	8	4589485	16399800	2090314	14309486	2267017805	481780
20360482962	4199901	14	8	4589549	16400068	2090335	14309733	2267035156	481780
20360887844	4199959	15	8	4589607	16400316	2090357	14309959	2267051370	481780
20361279700	4200021	13	8	4589673	16400579	2090382	14310197	2267068712	481780
20361731085	4200080	16	8	4589732	16400851	2090412	14310439	2267086091	481780
20361949397	4200142	14	8	4589796	16401120	2090443	14310677	2267103635	481780
20362339993	4200202	15	8	4589858	16401384	2090470	14310914	2267120811	481780
20362765463	4200261	14	8	4589917	16401636	2090494	14311142	2267137194	481780
20363234785	4200325	12	8	4589982	16401917	2090524	14311393	2267155360	481780
20363478217	4200383	14	8	4590042	16402170	2090550	14311620	2267171942	481780
20363777877	4200445	13	8	4590106	16402438	2090581	14311857	2267189375	481780
20364193904	4200506	13	8	4590169	16402717	2090612	14312105	2267207410	481780
20364447540	4200565	15	8	4590231	16402980	2090641	14312339	2267224504	481780
20364746834	4200626	13	8	4590296	16403242	2090664	14312578	2267241696	481780
20365188666	4200686	14	8	4590356	16403500	2090684	14312816	2267258384	481780
20365603036	4200745	13	8	4590416	16403755	2090713	14313042	2267274989	481780
20365929323	4200805	14	8	4590479	16404032	2090745	14313287	2267292932	481780
20366271165	4200866	14	8	4590542	16404291	2090766	14313525	2267309689	481780
20366584799	4200929	14	8	4590609	16404560	2090795	14313765	2267327542	481780
20366934854	4200987	15	8	4590668	16404822	2090824	14313998	2267344524	481780
20367260313	4201049	14	8	4590731	16405088	2090852	14314236	2267361773	481780
20367736506	4201109	15	8	4590791	16405359	2090875	14314484	2267378991	481780
20368014576	4201169	15	8	4590851	16405624	2090907	14314717	2267396125	481780
20368276154	4201230	13	8	4590912	16405885	2090930	14314955	2267413080	481780
20368687967	4201290	14	8	4590972	16406151	2090959	14315192	2267430265	481780
20369066026	4201349	15	8	4591031	16406410	2090983	14315427	2267446976	481780
20369414887	4201412	13	8	4591095	16406674	2091006	14315668	2267464298	481780
20369728835	4201473	13	8	4591157	16406942	2091036	14315906	2267481578	481780
20370081337	4201532	14	8	4591218	16407194	2091061	14316133	2267498150	481780
20370560633	4201595	14	8	4591281	16407474	2091089	14316385	2267516126	481780
20370942859	4201652	17	8	4591338	16407722	2091112	14316610	2267532267	481780
20371157429	4201716	13	8	4591404	16407985	2091140	14316845	2267549590	481780
20371509200	4201773	14	8	4591464	16408237	2091165	14317072	2267566176	481780
20371737799	4201835	11	8	4591526	16408489	2091195	14317294	2267582810	481780
20372250638	4201895	12	8	4591589	16408748	2091215	14317533	2267599683	481780
20372590347	4201954	14	8	4591648	16409003	2091238	14317765	2267616133	481780
20373007063	4202014	16	8	4591713	16409271	2091262	14318009	2267633674	481780
20373449108	4202075	16	8	4591775	16409528	2091288	14318240	2267650491	481780
20373836609	4202136	13	8	4591840	16409788	2091307	14318481	2267667587	481780
20374216484	4202197	13	8	4591902	16410053	2091331	14318722	2267684688	481780
20374592037	4202259	12	8	4591966	16410329	2091365	14318964	2267702635	481780
20374889634	4202318	14	8	4592026	16410591	2091396	14319195	2267719610	481780
20375209430	4202376	12	8	4592085	16410866	2091423	14319443	2267737389	481780
20375512966	4202436	13	8	4592145	16411133	2091453	14319680	2267754572	481780
20375949619	4202494	14	8	4592203	16411387	2091480	14319907	2267771044	481780
20376336938	4202554	14	8	4592264	16411650	2091511	14320139	2267788179	481780
20376661403	4202615	19	8	4592325	16411915	2091537	14320378	2267805394	481780
20376985623	4202676	13	8	4592386	16412170	2091560	14320610	2267822013	481780
20377426450	4202738	13	8	4592449	16412440	2091582	14320858	2267839383	481780
20377801105	4202799	15	8	4592510	16412698	2091610	14321088	2267856266	481780
20378069167	4202860	12	8	4592571	16412959	2091629	14321330	2267873055	481780
20378359341	4202919	14	8	4592630	16413211	2091649	14321562	2267889411	481780
20378758323	4202979	14	8	4592690	16413470	2091676	14321794	2267906265	481780
20379027410	4203041	14	8	4592757	16413726	2091690	14322036	2267923085	481780
20379440754	4203099	17	8	4592818	16413992	2091719	14322273	2267940427	481780
20379797987	4203161	11	8	4592881	16414255	2091748	14322507	2267957668	481780
20380108381	4203220	16	8	4592941	16414524	2091783	14322741	2267975220	481780
20380339536	4203280	13	8	4593002	16414777	2091800	14322977	2267991564	481780
20380633068	4203339	15	8	4593065	16415052	2091834	14323218	2268009384	481780
20380901479	4203399	17	8	4593130	16415313	2091860	14323453	2268026582	481780
20381302752	4203464	13	8	4593195	16415599	2091897	14323702	2268045060	481780
20381578263	4203523	14	8	4593255	16415848	2091920	14323928	2268061436	481780
20382108284	4203582	13	8	4593314	16416100	2091946	14324154	2268077873	481780
20382311233	4203643	13	8	4593376	16416351	2091969	14324382	2268094371	481780
20382576842	4203702	16	8	4593435	16416597	2091986	14324611	2268110390	481780
20382941786	4203764	13	8	4593500	16416855	2092007	14324848	2268127344	481780
20383328337	4203822	15	8	4593560	16417117	2092035	14325082	2268144431	481780
20383712933	4203884	15	8	4593623	16417384	2092060	14325324	2268161777	481780
20384067279	4203944	14	8	4593685	16417654	2092091	14325563	2268179294	481780
20384638101	4204004	14	8	4593746	16417911	2092120	14325791	2268196109	481780
20385064317	4204066	13	8	4593808	16418173	2092147	14326026	2268213215	481780
20385550158	4204126	13	8	4593870	16418448	2092181	14326267	2268230939	481780
20385775285	4204186	12	8	4593930	16418707	2092208	14326499	2268247769	481780
20386203204	4204246	14	8	4593992	16418982	2092240	14326742	2268265475	481780
20386446447	4204307	16	8	4594053	16419236	2092263	14326973	2268282158	481780
20386774362	4204370	13	8	4594116	16419501	2092283	14327218	2268299283	481780
20387024132	4204431	14	8	4594177	16419761	2092310	14327451	2268316315	481780
20387418044	4204492	13	8	4594239	16420022	2092333	14327689	2268333181	481780
20387770166	4204553	14	8	4594302	16420283	2092358	14327925	2268350254	481780
20388162988	4204612	12	8	4594362	16420542	2092384	14328158	2268367035	481780
20388535972	4204672	14	8	4594422	16420812	2092415	14328397	2268384364	481780
20388755240	4204731	13	8	4594481	16421067	2092442	14328625	2268400860	481780
20389148247	4204791	14	8	4594542	16421328	2092465	14328863	2268417862	481780
20389548993	4204850	15	8	4594603	16421591	2092493	14329098	2268434913	481780
20389788693	4204913	15	8	4594669	16421857	2092517	14329340	2268452372	481780
20390211899	4204975	15	8	4594731	16422125	2092543	14329582	2268469675	481780
20390706836	4205035	16	8	4594792	16422391	2092573	14329818	2268486997	481780
20391158703	4205096	13	8	4594853	16422652	2092598	14330054	2268503904	481780
20391444080	4205156	13	8	4594916	16422916	2092630	14330286	2268521224	481780
20391757277	4205215	13	8	4594977	16423181	2092662	14330519	2268538326	481780
20392072304	4205276	13	8	4595039	16423445	2092688	14330757	2268555525	481780
20392407939	4205334	10	8	4595097	16423703	2092720	14330983	2268572144	481780
20392830871	4205395	14	8	4595159	16423977	2092749	14331228	2268589871	481780
20393214080	4205453	14	8	4595217	16424230	2092776	14331454	2268606317	481780
20393527695	4205516	16	8	4595281	16424491	2092799	14331692	2268623460	481780
20394025080	4205576	16	8	4595341	16424765	2092827	14331938	2268641027	481780
20394300137	4205636	14	8	4595406	16425032	2092856	14332176	2268658433	481780
20394637109	4205698	14	8	4595472	16425301	2092883	14332418	2268676115	481780
20394939020	4205758	11	8	4595533	16425552	2092907	14332645	2268692489	481780
20395080968	4205817	11	8	4595593	16425797	2092931	14332866	2268708682	481780
20395414294	4205875	12	8	4595661	16426061	2092958	14333103	2268726062	481780
20395894013	4205934	14	8	4595722	16426318	2092976	14333342	2268742699	481780
20396451738	4205994	14	8	4595787	16426594	2093006	14333588	2268760489	481780
20396832917	4206053	13	8	4595846	16426848	2093030	14333818	2268777014	481780
20397164371	4206114	14	8	4595911	16427109	2093053	14334056	2268794256	481780
20397453977	4206173	14	8	4595970	16427358	2093072	14334286	2268810411	481780
20397771278	4206236	13	8	4596033	16427634	2093100	14334534	2268828119	481780
20397926434	4206294	15	8	4596093	16427887	2093127	14334760	2268844758	481780
20398326399	4206355	17	8	4596156	16428172	2093160	14335012	2268862867	481780
20398518089	4206418	13	8	4596220	16428429	2093187	14335242	2268879746	481780
20398846249	4206475	13	8	4596278	16428688	2093222	14335466	2268896528	481780
20399103319	4206536	12	8	4596340	16428946	2093244	14335702	2268913342	481780
20399450077	4206594	16	8	4596399	16429215	2093278	14335937	2268930726	481780
20399821233	4206655	15	8	4596462	16429471	2093303	14336168	2268947568	481780
20400232292	4206716	14	8	4596523	16429734	2093331	14336403	2268964640	481780
20400696397	4206776	16	8	4596584	16429993	2093360	14336633	2268981610	481780
20401085492	4206836	16	8	4596645	16430262	2093394	14336868	2268999047	481780
20401304443	4206897	11	8	4596706	16430505	2093411	14337094	2269015029	481780
20401744244	4206958	13	8	4596767	16430773	2093435	14337338	2269032239	481780
20402271073	4207018	15	8	4596827	16431036	2093458	14337578	2269049053	481780
20402546714	4207078	14	8	4596888	16431303	2093488	14337815	2269066413	481780
20402872243	4207139	14	8	4596951	16431573	2093517	14338056	2269083882	481780
20403246127	4207199	14	8	4597015	16431850	2093546	14338304	2269101769	481780
20403536850	4207259	15	8	4597075	16432110	2093575	14338535	2269118647	481780
20403879530	4207321	15	8	4597137	16432378	2093600	14338778	2269135958	481780
20404203160	4207383	13	8	4597201	16432635	2093627	14339008	2269152918	481780
20404689269	4207441	13	8	4597259	16432894	2093657	14339237	2269169697	481780
20405088863	4207502	12	8	4597322	16433157	2093682	14339475	2269186792	481780
20405659359	4207564	11	8	4597385	16433434	2093713	14339721	2269204605	481780
20406032023	4207622	12	8	4597445	16433691	2093739	14339952	2269221320	481780
20406339403	4207683	14	8	4597507	16433961	2093777	14340184	2269238865	481780
20406643824	4207741	16	8	4597565	16434226	2093808	14340418	2269255990	481780
20407088904	4207803	14	8	4597628	16434494	2093836	14340658	2269273441	481780
20407516195	4207865	13	8	4597690	16434762	2093861	14340901	2269290817	481780
20407949004	4207926	15	8	4597751	16435023	2093885	14341138	2269307984	481780
20408359607	4207987	15	8	4597814	16435286	2093911	14341375	2269325165	481780
20408727070	4208048	12	8	4597875	16435554	2093944	14341610	2269342476	481780
20409107186	4208108	11	8	4597935	16435804	2093965	14341839	2269358710	481780
20409526154	4208168	11	8	4597995	16436077	2094004	14342073	2269376444	481780
20409794329	4208226	14	8	4598055	16436341	2094033	14342308	2269393512	481780
20410157281	4208287	14	8	4598116	16436612	2094068	14342544	2269411078	481780
20410374578	4208346	16	8	4598177	16436864	2094099	14342765	2269427584	481780
20410762784	4208408	15	8	4598239	16437124	2094123	14343001	2269444594	481780
20411080959	4208468	15	8	4598300	16437386	2094146	14343240	2269461534	481780
20411290728	4208526	16	8	4598359	16437645	2094180	14343465	2269478390	481780
20411624559	4208590	12	8	4598428	16437915	2094210	14343705	2269496162	481780
20411994282	4208648	16	8	4598486	16438172	2094230	14343942	2269512837	481780
20412374713	4208710	13	8	4598552	16438431	2094251	14344180	2269529821	481780
20412742080	4208768	15	8	4598610	16438697	2094283	14344414	2269546964	481780
20413103909	4208829	12	8	4598675	16438963	2094312	14344651	2269564268	481780
20413442738	4208890	13	8	4598736	16439227	2094331	14344896	2269581281	481780
20413836635	4208947	16	8	4598794	16439475	2094356	14345119	2269597490	481780
20414080065	4209010	12	8	4598859	16439737	2094380	14345357	2269614664	481780
20414389440	4209065	16	8	4598918	16439994	2094413	14345581	2269631474	481780
20414725423	4209129	14	8	4598985	16440262	2094443	14345819	2269649086	481780
20415068335	4209190	16	8	4599046	16440530	2094477	14346053	2269666502	481780
20415366516	4209251	14	8	4599111	16440801	2094509	14346292	2269684136	481780
20415646543	4209312	12	8	4599174	16441062	2094536	14346526	2269701248	481780
20415914544	4209370	11	8	4599235	16441310	2094560	14346750	2269717547	481780
20416367216	4209430	12	8	4599295	16441578	2094586	14346992	2269734765	481780
20416757534	4209489	14	8	4599354	16441841	2094618	14347223	2269751773	481780
20417111022	4209549	15	8	4599416	16442105	2094641	14347464	2269768970	481780
20417376483	4209611	16	8	4599480	16442378	2094677	14347701	2269786720	481780
20417688377	4209672	14	8	4599544	16442655	2094709	14347946	2269804657	481780
20418023849	4209732	15	8	4599609	16442921	2094736	14348185	2269822064	481780
20418446631	4209791	16	8	4599669	16443192	2094765	14348427	2269839494	481779
20418839753	4209852	14	8	4599732	16443446	2094789	14348657	2269878913	481779
20419189692	4209913	15	8	4599793	16443705	2094817	14348888	2269895806	481779
20419531763	4209973	12	8	4599853	16443959	2094842	14349117	2269912297	481779
20419857517	4210031	12	8	4599911	16444218	2094873	14349345	2269929051	481779
20420214574	4210090	15	8	4599976	16444485	2094904	14349581	2269946615	481779
20420548676	4210150	14	8	4600045	16444755	2094933	14349822	2269964475	481779
20421011773	4210211	18	8	4600106	16445018	2094956	14350062	2269981501	481779
20421375389	4210272	17	8	4600167	16445290	2094983	14350307	2269998892	481779
20421649996	4210335	14	8	4600231	16445555	2095005	14350550	2270016141	481779
20421959785	4210395	16	8	4600291	16445815	2095029	14350786	2270032985	481779
20422123939	4210458	10	8	4600355	16446066	2095055	14351011	2270049641	481779
20422456481	4210518	11	8	4600415	16446335	2095085	14351250	2270066909	481779
20422749961	4210576	13	8	4600474	16446589	2095106	14351483	2270083238	481779
20423047232	4210636	11	8	4600539	16446843	2095130	14351713	2270099956	481779
20423374686	4210695	14	8	4600598	16447120	2095166	14351954	2270117721	481779
20423690311	4210755	15	8	4600659	16447379	2095191	14352188	2270134548	481779
20423996290	4210816	16	8	4600721	16447639	2095218	14352421	2270151548	481779
20424293259	4210879	14	8	4600787	16447905	2095243	14352662	2270169011	481779
20424646605	4210938	14	8	4600849	16448172	2095278	14352894	2270186323	481779
20425002234	4210998	16	8	4600910	16448436	2095299	14353137	2270203421	481779
20425220706	4211058	13	8	4600975	16448695	2095326	14353369	2270220522	481779
20425523953	4211121	12	8	4601039	16448964	2095355	14353609	2270238046	481779
20425792248	4211180	18	8	4601102	16449221	2095385	14353836	2270254932	481779
20426084893	4211239	13	8	4601164	16449487	2095411	14354076	2270272182	481779
20426295829	4211300	14	8	4601227	16449756	2095437	14354319	2270289588	481779
20426628595	4211358	16	8	4601286	16450012	2095467	14354545	2270306175	481779
20426933569	4211420	13	8	4601349	16450284	2095498	14354786	2270323851	481779
20427277217	4211482	14	8	4601411	16450550	2095529	14355021	2270341206	481779
20427583512	4211542	15	8	4601471	16450810	2095555	14355255	2270358119	481779
20427883345	4211605	13	8	4601534	16451088	2095585	14355503	2270375999	481779
20428205102	4211665	14	8	4601595	16451347	2095611	14355736	2270392718	481779
20428591248	4211723	14	8	4601655	16451599	2095631	14355968	2270409277	481779
20429102480	4211784	13	8	4601718	16451859	2095661	14356198	2270426278	481779
20429413713	4211845	11	8	4601780	16452123	2095686	14356437	2270443399	481779
20429794600	4211905	15	8	4601840	16452384	2095710	14356674	2270460287	481779
20430000623	4211965	13	8	4601900	16452622	2095723	14356899	2270475998	481779
20430290829	4212028	14	8	4601965	16452904	2095758	14357146	2270494171	481779
20430510149	4212086	16	8	4602027	16453153	2095783	14357370	2270510602	481779
20430802135	4212147	15	8	4602092	16453413	2095808	14357605	2270527823	481779
20431009429	4212210	12	8	4602158	16453683	2095831	14357852	2270545333	481779
20431289097	4212269	11	8	4602221	16453941	2095856	14358085	2270562159	481779
20431720053	4212329	11	8	4602282	16454199	2095875	14358324	2270578887	481779
20432061461	4212387	13	8	4602340	16454449	2095901	14358548	2270595135	481779
20432404272	4212447	12	8	4602402	16454705	2095926	14358779	2270611923	481779
20432697735	4212509	12	8	4602464	16454978	2095952	14359026	2270629479	481779
20432950491	4212570	17	8	4602525	16455236	2095973	14359263	2270646305	481779
20433312390	4212631	15	8	4602587	16455496	2095995	14359501	2270663313	481779
20433669712	4212691	17	8	4602648	16455764	2096020	14359744	2270680524	481779
20434093495	4212753	15	8	4602711	16456038	2096052	14359986	2270698239	481779
20434429423	4212815	13	8	4602773	16456289	2096073	14360216	2270714729	481779
20434731192	4212873	15	8	4602835	16456530	2096095	14360435	2270730780	481779
20435081930	4212932	10	8	4602899	16456790	2096121	14360669	2270747787	481779
20435477634	4212991	11	8	4602961	16457066	2096153	14360913	2270765392	481779
20435927960	4213048	12	8	4603020	16457319	2096180	14361139	2270781946	481779
20436400846	4213108	14	8	4603081	16457588	2096209	14361379	2270799299	481779
20436705402	4213168	16	8	4603143	16457856	2096236	14361620	2270816604	481779
20437009515	4213230	13	8	4603208	16458108	2096259	14361849	2270833449	481779
20437337183	4213292	15	8	4603270	16458374	2096286	14362088	2270850712	481779
20437673949	4213353	16	8	4603331	16458630	2096309	14362321	2270867439	481779
20438090110	4213414	13	8	4603393	16458887	2096330	14362557	2270884235	481779
20438377191	4213475	11	8	4603455	16459148	2096358	14362790	2270901166	481779
20438692566	4213533	11	8	4603515	16459398	2096380	14363018	2270917505	481779
20439018036	4213592	12	8	4603576	16459644	2096396	14363248	2270933539	481779
20439231098	4213651	13	8	4603639	16459893	2096416	14363477	2270949916	481779
20439524464	4213709	13	8	4603699	16460138	2096433	14363705	2270965874	481779
20439754460	4213772	12	8	4603768	16460409	2096455	14363954	2270983617	481779
20440094487	4213830	16	8	4603827	16460671	2096485	14364186	2271000654	481779
20440465648	4213890	16	8	4603890	16460934	2096508	14364426	2271017737	481779
20441134888	4213954	14	8	4603954	16461212	2096538	14364674	2271035694	481779
20441354605	4214012	15	8	4604012	16461462	2096561	14364901	2271052025	481779
20441721314	4214076	12	8	4604078	16461737	2096584	14365153	2271069812	481779
20442017848	4214137	14	8	4604140	16462005	2096610	14365395	2271087140	481779
20442355862	4214196	13	8	4604199	16462263	2096635	14365628	2271103832	481779
20442724207	4214258	13	8	4604261	16462531	2096661	14365870	2271121180	481779
20443001155	4214318	17	8	4604321	16462783	2096683	14366100	2271137558	481779
20443312041	4214380	12	8	4604384	16463044	2096712	14366332	2271154738	481779
20443807735	4214438	15	8	4604445	16463325	2096747	14366578	2271172657	481779
20444170007	4214498	14	8	4604506	16463580	2096769	14366811	2271189378	481779
20444471772	4214561	11	8	4604569	16463849	2096796	14367053	2271206829	481779
20444957978	4214621	15	8	4604629	16464133	2096826	14367307	2271224837	481779
20445263284	4214682	15	8	4604690	16464392	2096853	14367539	2271241700	481779
20445668464	4214744	13	8	4604752	16464664	2096882	14367782	2271259312	481779
20446003622	4214804	11	8	4604812	16464919	2096909	14368010	2271275912	481779
20446373215	4214865	14	8	4604873	16465183	2096940	14368243	2271293143	481779
20446800814	4214926	12	8	4604936	16465460	2096966	14368494	2271310800	481779
20447099082	4214984	16	8	4604998	16465719	2096989	14368730	2271327737	481779
20447577984	4215042	14	8	4605056	16465974	2097019	14368955	2271344316	481779
20447987147	4215105	16	8	4605122	16466256	2097046	14369210	2271362473	481779
20448304958	4215166	11	8	4605183	16466513	2097073	14369440	2271379246	481779
20448744701	4215227	12	8	4605244	16466789	2097101	14369688	2271396947	481779
20449020192	4215287	15	8	4605304	16467050	2097131	14369919	2271413925	481779
20449396169	4215348	12	8	4605365	16467302	2097154	14370148	2271430393	481779
20449651811	4215408	15	8	4605431	16467558	2097174	14370384	2271447302	481779
20450021751	4215468	13	8	4605494	16467828	2097204	14370624	2271464729	481779
20450487443	4215526	15	8	4605552	16468086	2097229	14370857	2271481449	481779
20450793620	4215587	14	8	4605614	16468354	2097263	14371091	2271498874	481779
20451010168	4215650	12	8	4605678	16468625	2097299	14371326	2271516655	481779
20451301757	4215709	14	8	4605737	16468877	2097317	14371560	2271532985	481779
20451698456	4215770	12	8	4605801	16469137	2097342	14371795	2271549950	481779
20452050352	4215831	14	8	4605866	16469399	2097364	14372035	2271567139	481779
20452494809	4215889	14	8	4605927	16469656	2097386	14372270	2271583861	481779
20452916557	4215950	13	8	4605991	16469915	2097410	14372505	2271600883	481779
20453266103	4216008	15	8	4606051	16470173	2097432	14372741	2271617554	481779
20453704302	4216070	13	8	4606117	16470440	2097453	14372987	2271634961	481779
20454083087	4216130	17	8	4606177	16470699	2097480	14373219	2271651813	481779
20454468694	4216192	13	8	4606243	16470957	2097503	14373454	2271668892	481779
20454851407	4216252	13	8	4606305	16471232	2097537	14373695	2271686632	481779
20455165010	4216311	16	8	4606364	16471486	2097562	14373924	2271703052	481779
20455795424	4216374	14	8	4606430	16471780	2097601	14374179	2271721978	481779
20456081982	4216433	15	8	4606491	16472030	2097628	14374402	2271738415	481779
20456301251	4216494	12	8	4606553	16472289	2097654	14374635	2271755324	481779
20456774811	4216556	16	8	4606615	16472558	2097677	14374881	2271772751	481779
20457197454	4216613	15	8	4606673	16472813	2097708	14375105	2271789232	481779
20457606622	4216676	10	8	4606737	16473081	2097735	14375346	2271806657	481779
20457976488	4216736	12	8	4606797	16473341	2097759	14375582	2271823423	481779
20458304325	4216793	13	8	4606854	16473589	2097787	14375802	2271839627	481779
20458680781	4216856	14	8	4606918	16473863	2097815	14376048	2271857310	481779
20459055943	4216915	14	8	4606979	16474120	2097838	14376282	2271874008	481779
20459299157	4216975	15	8	4607041	16474384	2097863	14376521	2271891141	481779
20459524772	4217037	13	8	4607105	16474634	2097882	14376752	2271907562	481779
20459797241	4217098	13	8	4607169	16474906	2097911	14376995	2271925187	481779
20460107093	4217158	13	8	4607231	16475161	2097934	14377227	2271941916	481779
20460459409	4217217	14	8	4607290	16475414	2097957	14377457	2271958388	481779
20460718676	4217280	14	8	4607353	16475671	2097977	14377694	2271975217	481779
20461196302	4217340	12	8	4607415	16475921	2097996	14377925	2271991581	481779
20461427936	4217400	12	8	4607476	16476179	2098020	14378159	2272008371	481779
20461853548	4217460	14	8	4607536	16476446	2098043	14378403	2272025446	481779
20462224774	4217520	14	8	4607596	16476709	2098068	14378641	2272042427	481779
20462596548	4217582	15	8	4607658	16476974	2098099	14378875	2272059672	481779
20462821334	4217642	13	8	4607718	16477226	2098129	14379097	2272076202	481779
20463156985	4217704	13	8	4607782	16477498	2098154	14379344	2272093870	481779
20463323121	4217761	15	8	4607840	16477740	2098178	14379562	2272109677	481779
20463763412	4217816	13	8	4607895	16477980	2098201	14379779	2272125150	481779
20464135371	4217870	15	8	4607950	16478220	2098230	14379990	2272140680	481779
20464299833	4217924	13	8	4608004	16478448	2098256	14380192	2272155617	481779
20464555073	4217980	15	8	4608060	16478685	2098276	14380409	2272171009	481779
20464961307	4218032	15	8	4608115	16478908	2098291	14380617	2272185572	481779
20465306219	4218089	12	8	4608174	16479148	2098313	14380835	2272201198	481779
20465576503	4218140	16	8	4608226	16479374	2098333	14381041	2272215933	481779
20465906966	4218194	13	8	4608283	16479611	2098356	14381255	2272231268	481779
20466285756	4218248	13	8	4608341	16479849	2098374	14381475	2272246659	481779
20466457592	4218301	12	8	4608394	16480075	2098399	14381676	2272261390	481779
20466660141	4218354	13	8	4608447	16480316	2098430	14381886	2272276940	481779
20467020769	4218408	15	8	4608501	16480553	2098451	14382102	2272292211	481779
20467229217	4218464	12	8	4608559	16480782	2098469	14382313	2272307308	481779
20467597371	4218519	12	8	4608615	16481022	2098495	14382527	2272322876	481779
20467944063	4218571	14	8	4608669	16481245	2098515	14382730	2272337511	481779
20468172277	4218626	11	8	4608724	16481468	2098540	14382928	2272352174	481779
20468641224	4218678	14	8	4608777	16481712	2098562	14383150	2272367773	481779
20468957048	4218733	14	8	4608834	16481952	2098586	14383366	2272383337	481779
20469395679	4218787	14	8	4608888	16482195	2098613	14383582	2272398947	481779
20469644035	4218840	14	8	4608941	16482430	2098640	14383790	2272414164	481779
20470058614	4218897	12	8	4608999	16482674	2098662	14384012	2272430006	481779
20470495949	4218949	12	8	4609052	16482898	2098683	14384215	2272444502	481779
20470854424	4218995	14	8	4609099	16483109	2098701	14384408	2272458019	481779
20471143593	4219043	12	8	4609149	16483326	2098719	14384607	2272471894	481779
20471582208	4219092	13	8	4609198	16483551	2098743	14384808	2272486193	481779
20471959844	4219137	14	8	4609243	16483756	2098766	14384990	2272499522	481779
20472288787	4219187	13	8	4609293	16483976	2098788	14385188	2272513617	481779
20472566514	4219232	16	8	4609338	16484174	2098803	14385371	2272526334	481779
20472904688	4219282	15	8	4609388	16484400	2098831	14385569	2272540760	481779
20473125506	4219332	10	8	4609438	16484615	2098857	14385758	2272554772	481779
20473270719	4219379	12	8	4609485	16484809	2098871	14385938	2272567409	481779
20473443638	4219425	11	8	4609531	16485004	2098888	14386116	2272580100	481779
20473812341	4219473	11	8	4609579	16485218	2098908	14386310	2272593770	481779
20474149441	4219518	15	8	4609624	16485421	2098931	14386490	2272606924	481779
20474434616	4219568	15	8	4609675	16485653	2098957	14386696	2272621663	481779
20474757690	4219616	15	8	4609723	16485864	2098977	14386887	2272635261	481779
20475120209	4219664	13	8	4609771	16486072	2098995	14387077	2272648702	481779
20475430503	4219712	12	8	4609819	16486281	2099020	14387261	2272662316	481779
20475692818	4219758	12	8	4609866	16486486	2099036	14387450	2272675461	481779
20475954968	4219806	10	8	4609916	16486691	2099052	14387639	2272688750	481779
20476340556	4219852	13	8	4609963	16486902	2099075	14387827	2272702236	481779
20476640220	4219899	14	8	4610010	16487110	2099098	14388012	2272715655	481779
20476946483	4219945	15	8	4610056	16487315	2099120	14388195	2272728937	481779
20477197854	4219994	13	8	4610105	16487535	2099146	14388389	2272743038	481779
20477468092	4220043	12	8	4610155	16487741	2099161	14388580	2272756504	481779
20477822095	4220091	13	8	4610203	16487955	2099179	14388776	2272770163	481779
20478006543	4220140	12	8	4610253	16488164	2099196	14388968	2272783728	481779
20478372555	4220186	12	8	4610299	16488374	2099216	14389158	2272797135	481779
20478759660	4220233	11	8	4610346	16488587	2099240	14389347	2272810777	481779
20479051157	4220279	12	8	4610392	16488789	2099255	14389534	2272823734	481779
20479389077	4220329	14	8	4610442	16489020	2099281	14389739	2272838402	481779
20479695497	4220377	13	8	4610490	16489233	2099297	14389936	2272851974	481779
20479964339	4220425	13	8	4610538	16489439	2099322	14390117	2272865495	481779
20480154048	4220473	13	8	4610586	16489646	2099338	14390308	2272878847	481779
20480476691	4220523	13	8	4610636	16489857	2099356	14390501	2272892595	481779
20480849965	4220569	12	8	4610682	16490055	2099373	14390682	2272905431	481779
20481214057	4220618	12	8	4610731	16490289	2099401	14390888	2272920145	481779
20481481081	4220665	13	8	4610778	16490484	2099417	14391067	2272932944	481779
20481804749	4220714	14	8	4610827	16490706	2099439	14391267	2272947122	481779
20481963312	4220759	11	8	4610872	16490896	2099455	14391441	2272959469	481779
20482234454	4220808	12	8	4610922	16491107	2099474	14391633	2272973155	481779
20482471353	4220854	15	8	4610968	16491337	2099500	14391837	2272987848	481778
20482682609	4220905	14	8	4611019	16491547	2099518	14392029	2273001844	481779
20483104594	4220953	13	8	4611069	16491766	2099539	14392227	2273015981	481779
20483242561	4221002	11	8	4611119	16491962	2099557	14392405	2273028891	481779
20483532160	4221048	11	8	4611166	16492167	2099579	14392588	2273042221	481779
20483808828	4221097	15	8	4611216	16492376	2099599	14392777	2273055780	481779
20484089099	4221144	14	8	4611263	16492588	2099622	14392966	2273069387	481779
20484346307	4221192	13	8	4611312	16492792	2099638	14393154	2273082670	481779
20484566615	4221239	14	8	4611359	16493002	2099666	14393336	2273096314	481779
20484751663	4221288	10	8	4611408	16493204	2099681	14393523	2273109383	481779
20485014435	4221338	14	8	4611458	16493426	2099703	14393723	2273123586	481779
20485198926	4221382	13	8	4611503	16493621	2099719	14393902	2273136097	481779
20485553430	4221430	12	8	4611551	16493837	2099738	14394099	2273149875	481779
20485780050	4221477	14	8	4611598	16494049	2099760	14394289	2273163506	481779
20486009493	4221525	14	8	4611646	16494256	2099780	14394476	2273176830	481779
20486449212	4221576	13	8	4611697	16494481	2099801	14394680	2273191402	481779
20486655527	4221623	15	8	4611744	16494683	2099817	14394866	2273204456	481779
20486879880	4221672	10	8	4611796	16494888	2099834	14395054	2273217844	481779
20487048948	4221718	13	8	4611842	16495087	2099857	14395230	2273230793	481779
20487374701	4221763	11	8	4611888	16495289	2099879	14395410	2273243875	481779
20487691097	4221811	13	8	4611938	16495503	2099897	14395606	2273257661	481779
20487943417	4221857	14	8	4611985	16495705	2099915	14395790	2273270730	481779
20488273232	4221905	15	8	4612034	16495917	2099933	14395984	2273284339	481779
20488709037	4221954	14	8	4612084	16496135	2099954	14396181	2273298416	481779
20488913562	4222004	12	8	4612134	16496343	2099975	14396368	2273311946	481779
20489261340	4222053	11	8	4612183	16496553	2099993	14396560	2273325477	481779
20489466475	4222097	11	8	4612227	16496746	2100013	14396733	2273337987	481779
20489647446	4222145	11	8	4612276	16496960	2100034	14396926	2273351693	481779
20489760461	4222189	13	8	4612324	16497157	2100055	14397102	2273364639	481779
20490207533	4222239	13	8	4612375	16497376	2100071	14397305	2273378713	481779
20490526093	4222287	13	8	4612425	16497594	2100094	14397500	2273392766	481779
20490788719	4222334	13	8	4612472	16497796	2100108	14397688	2273405833	481779
20491057167	4222383	16	8	4612524	16498024	2100139	14397885	2273420580	481779
20491307372	4222432	14	8	4612574	16498240	2100160	14398080	2273434475	481779
20491662190	4222478	12	8	4612620	16498442	2100177	14398265	2273447459	481779
20491918275	4222527	9	8	4612671	16498646	2100193	14398453	2273460820	481779
20492196402	4222573	12	8	4612717	16498859	2100218	14398641	2273474494	481779
20492397537	4222620	13	8	4612764	16499067	2100246	14398821	2273487967	481779
20492599018	4222669	13	8	4612814	16499288	2100275	14399013	2273502289	481779
20492854517	4222715	16	8	4612860	16499495	2100291	14399204	2273515462	481779
20493244357	4222767	12	8	4612912	16499715	2100314	14399401	2273529746	481779
20493590999	4222814	13	8	4612962	16499923	2100332	14399591	2273543344	481779
20493894433	4222861	10	8	4613009	16500120	2100350	14399770	2273556098	481779
20494246845	4222909	10	8	4613057	16500330	2100365	14399965	2273569541	481779
20494467422	4222954	14	8	4613102	16500538	2100382	14400156	2273582823	481779
20494671339	4223002	12	8	4613150	16500735	2100402	14400333	2273595739	481779
20494969933	4223050	17	8	4613200	16500970	2100436	14400534	2273610769	481779
20495221216	4223100	14	8	4613251	16501179	2100457	14400722	2273624493	481779
20495529745	4223148	15	8	4613300	16501392	2100490	14400902	2273638490	481779
20495630205	4223195	12	8	4613347	16501591	2100508	14401083	2273651394	481779
20495878554	4223243	12	8	4613395	16501798	2100528	14401270	2273664782	481779
20496108503	4223289	12	8	4613441	16501999	2100547	14401452	2273677759	481779
20496326452	4223338	12	8	4613490	16502218	2100568	14401650	2273691602	481779
20496547539	4223384	15	8	4613537	16502418	2100588	14401830	2273704726	481779
20496819907	4223434	13	8	4613587	16502640	2100612	14402028	2273718870	481779
20497081108	4223480	16	8	4613634	16502842	2100630	14402212	2273732041	481779
20497354958	4223531	11	8	4613687	16503062	2100651	14402411	2273746267	481779
20497542044	4223578	12	8	4613735	16503259	2100666	14402593	2273759168	481779
20497781432	4223625	10	8	4613783	16503456	2100683	14402773	2273772009	481779
20497981269	4223673	13	8	4613831	16503673	2100712	14402961	2273786058	481779
20498246584	4223718	15	8	4613878	16503877	2100733	14403144	2273799279	481779
20498557769	4223767	13	8	4613928	16504095	2100756	14403339	2273813302	481779
20498790264	4223816	15	8	4613980	16504314	2100778	14403536	2273827390	481779
20499159682	4223862	15	8	4614028	16504528	2100806	14403722	2273841336	481779
20499511981	4223913	14	8	4614079	16504754	2100827	14403927	2273855766	481779
20499805082	4223962	11	8	4614128	16504965	2100845	14404120	2273869385	481779
20500021335	4224007	11	8	4614174	16505165	2100867	14404298	2273882338	481779
20500426899	4224054	11	8	4614221	16505380	2100888	14404492	2273896055	481779
20500752918	4224100	15	8	4614267	16505582	2100907	14404675	2273909097	481779
20500958430	4224146	14	8	4614316	16505793	2100928	14404865	2273922614	481779
20501214760	4224195	15	8	4614366	16506008	2100949	14405059	2273936592	481779
20501486858	4224244	14	8	4614415	16506221	2100970	14405251	2273950315	481779
20501793117	4224295	12	8	4614467	16506440	2100993	14405447	2273964587	481779
20502109641	4224341	12	8	4614516	16506643	2101012	14405631	2273977821	481779
20502335921	4224389	11	8	4614564	16506854	2101035	14405819	2273991390	481779
20502490845	4224434	11	8	4614610	16507038	2101053	14405985	2274003551	481779
20502748546	4224481	12	8	4614658	16507234	2101066	14406168	2274016343	481779
20502922106	4224524	13	8	4614701	16507419	2101081	14406338	2274028335	481779
20503320896	4224572	11	8	4614752	16507635	2101105	14406530	2274042339	481779
20503590807	4224620	14	8	4614800	16507851	2101127	14406724	2274056230	481779
20503967907	4224668	15	8	4614848	16508073	2101147	14406926	2274070314	481779
20504234346	4224716	14	8	4614898	16508286	2101169	14407117	2274084177	481779
20504446248	4224766	14	8	4614950	16508496	2101192	14407304	2274097945	481779
20504728886	4224813	11	8	4614999	16508698	2101206	14407492	2274111036	481779
20504929615	4224862	11	8	4615050	16508918	2101230	14407688	2274125232	481779
20505312806	4224908	14	8	4615096	16509121	2101248	14407873	2274138307	481779
20505534458	4224957	12	8	4615147	16509332	2101265	14408067	2274152008	481779
20505747648	4225004	14	8	4615194	16509534	2101282	14408252	2274165103	481779
20505920072	4225055	13	8	4615245	16509751	2101304	14408447	2274179154	481779
20506302380	4225103	12	8	4615294	16509968	2101327	14408641	2274193114	481779
20506554523	4225147	12	8	4615338	16510162	2101345	14408817	2274205586	481779
20507008584	4225195	12	8	4615388	16510385	2101367	14409018	2274219815	481779
20507345764	4225242	13	8	4615436	16510599	2101392	14409207	2274233562	481779
20507515776	4225289	11	8	4615483	16510796	2101407	14409389	2274246328	481779
20507720223	4225338	12	8	4615532	16511008	2101424	14409584	2274259963	481779
20507956057	4225386	13	8	4615580	16511221	2101450	14409771	2274273772	481779
20508260350	4225433	12	8	4615628	16511427	2101473	14409954	2274287246	481779
20508612668	4225480	12	8	4615675	16511630	2101490	14410140	2274300315	481779
20508792960	4225526	14	8	4615721	16511830	2101513	14410317	2274313330	481779
20509138246	4225576	12	8	4615771	16512046	2101531	14410515	2274327238	481779
20509460479	4225626	15	8	4615821	16512255	2101549	14410706	2274340816	481779
20509631706	4225671	13	8	4615866	16512459	2101572	14410887	2274353949	481779
20509896932	4225721	12	8	4615916	16512669	2101593	14411076	2274367583	481779
20510181784	4225767	13	8	4615966	16512879	2101604	14411275	2274381054	481779
20510500442	4225816	11	8	4616015	16513082	2101620	14411462	2274394296	481779
20510715580	4225863	12	8	4616062	16513288	2101645	14411643	2274407640	481779
20510957268	4225911	12	8	4616110	16513497	2101664	14411833	2274421136	481779
20511135226	4225957	14	8	4616156	16513699	2101683	14412016	2274434095	481779
20511428790	4226006	13	8	4616205	16513917	2101711	14412206	2274448220	481779
20511621025	4226054	12	8	4616253	16514128	2101733	14412395	2274461780	481779
20511942449	4226102	12	8	4616301	16514341	2101752	14412589	2274475434	481779
20512301676	4226149	13	8	4616348	16514554	2101773	14412781	2274488965	481779
20512583969	4226199	12	8	4616398	16514766	2101793	14412973	2274502684	481779
20512841790	4226244	12	8	4616443	16514978	2101813	14413165	2274516100	481779
20513112859	4226292	12	8	4616491	16515190	2101836	14413354	2274529765	481779
20513341152	4226340	14	8	4616539	16515407	2101862	14413545	2274543719	481779
20513572007	4226388	12	8	4616587	16515601	2101872	14413729	2274556318	481779
20514031201	4226437	15	8	4616636	16515816	2101889	14413927	2274570108	481779
20514233304	4226485	13	8	4616685	16516018	2101907	14414111	2274583334	481779
20514518645	4226533	12	8	4616733	16516214	2101919	14414295	2274596116	481779
20514772679	4226583	11	8	4616783	16516424	2101935	14414489	2274609646	481779
20515169500	4226629	13	8	4616829	16516640	2101961	14414679	2274623507	481779
20515363120	4226676	13	8	4616876	16516842	2101978	14414864	2274636512	481779
20515727355	4226724	13	8	4616924	16517055	2101996	14415059	2274650168	481779
20516004302	4226773	10	8	4616975	16517258	2102010	14415248	2274663324	481779
20516243001	4226819	13	8	4617023	16517478	2102030	14415448	2274677344	481779
20516530370	4226866	12	8	4617071	16517680	2102046	14415634	2274690412	481779
20516766209	4226914	13	8	4617119	16517896	2102070	14415826	2274704375	481779
20517036473	4226961	13	8	4617166	16518104	2102096	14416008	2274717773	481779
20517384320	4227009	13	8	4617215	16518319	2102117	14416202	2274731559	481779
20517610926	4227057	14	8	4617263	16518536	2102141	14416395	2274745462	481779
20517836677	4227105	12	8	4617312	16518741	2102157	14416584	2274758738	481779
20518036647	4227153	11	8	4617360	16518938	2102174	14416764	2274771683	481779
20518234337	4227202	11	8	4617410	16519157	2102198	14416959	2274785809	481779
20518678075	4227250	11	8	4617459	16519367	2102211	14417156	2274799309	481779
20519016384	4227297	11	8	4617506	16519573	2102226	14417347	2274812429	481779
20519349327	4227344	13	8	4617553	16519784	2102247	14417537	2274826079	481779
20519739864	4227391	14	8	4617602	16519994	2102263	14417731	2274839449	481779
20520025227	4227440	10	8	4617651	16520207	2102282	14417925	2274853169	481779
20520339222	4227487	11	8	4617698	16520408	2102298	14418110	2274866193	481779
20520527694	4227534	11	8	4617745	16520612	2102321	14418291	2274879442	481779
20520770513	4227581	13	8	4617793	16520827	2102344	14418483	2274893148	481779
20520979817	4227628	12	8	4617840	16521025	2102359	14418666	2274906014	481779
20521259296	4227677	11	8	4617890	16521239	2102379	14418860	2274919861	481779
20521489065	4227726	12	8	4617939	16521447	2102394	14419053	2274933312	481779
20521669849	4227773	13	8	4617986	16521652	2102412	14419240	2274946507	481779
20521970637	4227822	14	8	4618037	16521876	2102433	14419443	2274960856	481779
20522271413	4227870	14	8	4618085	16522082	2102452	14419630	2274974089	481779
20522563198	4227917	12	8	4618137	16522299	2102472	14419827	2274988207	481779
20522985783	4227967	14	8	4618187	16522525	2102494	14420031	2275002565	481779
20523290001	4228011	13	8	4618231	16522725	2102516	14420209	2275015401	481779
20523644894	4228061	11	8	4618281	16522946	2102534	14420412	2275029555	481779
20523928452	4228107	14	8	4618327	16523158	2102560	14420598	2275043124	481779
20524253741	4228155	13	8	4618377	16523378	2102580	14420798	2275057143	481779
20524495446	4228202	14	8	4618424	16523594	2102599	14420995	2275070936	481779
20524768759	4228251	14	8	4618473	16523814	2102627	14421187	2275084994	481779
20525142659	4228299	14	8	4618522	16524022	2102644	14421378	2275098414	481779
20525435340	4228347	14	8	4618570	16524232	2102665	14421567	2275111955	481779
20525670311	4228394	12	8	4618617	16524447	2102689	14421758	2275125682	481779
20525966263	4228443	11	8	4618666	16524660	2102711	14421949	2275139451	481779
20526276965	4228488	13	8	4618711	16524865	2102733	14422132	2275152547	481779
20526518096	4228537	12	8	4618761	16525068	2102749	14422319	2275165757	481779
20526875162	4228583	14	8	4618807	16525272	2102766	14422506	2275178936	481779
20527239564	4228632	14	8	4618856	16525489	2102784	14422705	2275192691	481779
20527458436	4228681	15	8	4618906	16525705	2102803	14422902	2275206623	481779
20527642301	4228728	15	8	4618953	16525921	2102828	14423093	2275220420	481779
20527844641	4228777	12	8	4619002	16526127	2102848	14423279	2275233802	481779
20528140059	4228821	13	8	4619047	16526329	2102870	14423459	2275246852	481779
20528367901	4228871	13	8	4619098	16526542	2102889	14423653	2275260651	481779
20528612678	4228918	15	8	4619145	16526758	2102913	14423845	2275274569	481779
20528777851	4228968	12	8	4619196	16526969	2102934	14424035	2275288242	481779
20528998540	4229015	13	8	4619243	16527175	2102959	14424216	2275301557	481779
20529339088	4229063	12	8	4619294	16527377	2102971	14424406	2275314823	481779
20529597921	4229110	13	8	4619343	16527597	2102992	14424605	2275328858	481779
20529902696	4229158	14	8	4619392	16527804	2103014	14424790	2275342282	481779
20530192912	4229205	16	8	4619439	16528012	2103034	14424978	2275355731	481779
20530413877	4229253	13	8	4619487	16528219	2103052	14425167	2275368950	481779
20530734975	4229301	13	8	4619535	16528439	2103074	14425365	2275383002	481779
20530927526	4229347	13	8	4619582	16528635	2103092	14425543	2275395733	481779
20531148851	4229396	14	8	4619631	16528849	2103112	14425737	2275409562	481779
20531573623	4229442	15	8	4619677	16529058	2103137	14425921	2275423078	481779
20531798812	4229491	12	8	4619726	16529266	2103155	14426111	2275436547	481779
20531948245	4229538	13	8	4619773	16529472	2103183	14426289	2275449961	481779
20532277490	4229587	12	8	4619822	16529688	2103206	14426482	2275463855	481779
20532535169	4229634	13	8	4619869	16529888	2103227	14426661	2275476905	481779
20532817643	4229682	13	8	4619917	16530104	2103247	14426857	2275490716	481779
20533131907	4229728	14	8	4619965	16530297	2103263	14427034	2275503439	481779
20533423008	4229778	13	8	4620015	16530519	2103287	14427232	2275517777	481779
20533742266	4229826	15	8	4620063	16530732	2103311	14427421	2275531462	481779
20533976587	4229873	13	8	4620110	16530937	2103330	14427607	2275544659	481779
20534165498	4229922	12	8	4620159	16531149	2103349	14427800	2275558311	481779
20534350868	4229969	12	8	4620207	16531341	2103366	14427975	2275570974	481779
20534636779	4230016	13	8	4620254	16531554	2103391	14428163	2275584764	481779
20534870807	4230065	15	8	4620304	16531773	2103416	14428357	2275598919	481779
20535144208	4230115	13	8	4620354	16531979	2103437	14428542	2275612427	481779
20535424908	4230163	12	8	4620403	16532190	2103457	14428733	2275625968	481779
20535698922	4230208	15	8	4620452	16532403	2103479	14428924	2275639839	481779
20536090131	4230257	12	8	4620501	16532615	2103499	14429116	2275653489	481779
20536417836	4230305	12	8	4620549	16532827	2103517	14429310	2275667083	481779
20536610650	4230352	12	8	4620596	16533029	2103533	14429496	2275679979	481779
20536782471	4230401	10	8	4620646	16533244	2103556	14429688	2275693847	481779
20537195414	4230445	14	8	4620690	16533440	2103572	14429868	2275706537	481779
20537522463	4230494	12	8	4620739	16533655	2103595	14430060	2275720310	481779
20537904215	4230542	15	8	4620789	16533870	2103617	14430253	2275734344	481779
20538106491	4230591	15	8	4620840	16534082	2103639	14430443	2275748141	481779
20538429284	4230641	13	8	4620890	16534304	2103663	14430641	2275762375	481779
20538624412	4230686	13	8	4620937	16534505	2103686	14430819	2275775459	481779
20538834947	4230736	9	8	4620987	16534728	2103711	14431017	2275789654	481779
20539092628	4230780	12	8	4621033	16534921	2103724	14431197	2275802168	481779
20539474152	4230827	14	8	4621080	16535133	2103744	14431389	2275815787	481779
20539752989	4230873	14	8	4621127	16535338	2103768	14431570	2275829114	481779
20539936671	4230924	13	8	4621180	16535562	2103795	14431767	2275843610	481779
20540326834	4230970	14	8	4621226	16535769	2103811	14431958	2275856857	481779
20540556679	4231021	12	8	4621277	16535988	2103829	14432159	2275870901	481779
20540731621	4231067	16	8	4621324	16536195	2103854	14432341	2275884322	481779
20541030136	4231114	13	8	4621372	16536401	2103872	14432529	2275897624	481779
20541251804	4231162	11	8	4621422	16536597	2103887	14432710	2275910507	481779
20541496593	4231207	13	8	4621468	16536805	2103909	14432896	2275923840	481779
20541752139	4231255	11	8	4621523	16537019	2103927	14433092	2275937824	481779
20541872161	4231302	11	8	4621570	16537226	2103955	14433271	2275951260	481779
20542168307	4231349	13	8	4621617	16537422	2103970	14433452	2275963976	481779
20542490988	4231397	11	8	4621666	16537643	2103997	14433646	2275978132	481779
20542736466	4231443	15	8	4621712	16537843	2104016	14433827	2275991173	481779
20542926381	4231491	13	8	4621760	16538048	2104035	14434013	2276004411	481779
20543233403	4231540	13	8	4621809	16538261	2104057	14434204	2276018266	481779
20543493676	4231589	13	8	4621860	16538474	2104074	14434400	2276031982	481779
20543709612	4231637	12	8	4621909	16538676	2104087	14434589	2276045155	481779
20543935934	4231687	10	8	4621960	16538891	2104106	14434785	2276059054	481779
20544220787	4231731	11	8	4622005	16539094	2104128	14434966	2276072083	481779
20544533692	4231780	9	8	4622054	16539312	2104156	14435156	2276086124	481779
20544890708	4231827	15	8	4622103	16539536	2104185	14435351	2276100630	481779
20545116679	4231875	13	8	4622151	16539738	2104203	14435535	2276113699	481779
20545379342	4231924	15	8	4622200	16539945	2104223	14435722	2276127227	481779
20545683010	4231969	14	8	4622246	16540141	2104246	14435895	2276140067	481779
