bytes_written	total_items	curr_connections	threads	cmd_set	cmd_get	get_misses	get_hits	bytes_read
17440077781	691034	14	8	693168	10822657	2065025	8757632	2224457548	365851
17440343282	691034	15	8	693168	10822816	2065042	8757774	2224474253	365851
17440546547	691034	15	8	693168	10822988	2065073	8757915	2224491751	365851
17440761866	691034	12	8	693168	10823149	2065094	8758055	2224508562	365851
17440999156	691034	13	8	693168	10823312	2065114	8758198	2224525095	365851
17441373432	691034	13	8	693168	10823479	2065139	8758340	2224542097	365851
17441777151	691034	16	8	693168	10823658	2065173	8758485	2224559755	365851
17441964103	691034	14	8	693168	10823831	2065197	8758634	2224576897	365851
17442250151	691034	15	8	693168	10823999	2065223	8758776	2224594319	365851
17442469690	691034	14	8	693168	10824166	2065252	8758914	2224610770	365851
17442685943	691034	14	8	693168	10824333	2065277	8759056	2224627979	365851
17442996067	691034	14	8	693168	10824510	2065307	8759203	2224645389	365851
17443321301	691034	12	8	693168	10824673	2065328	8759345	2224662172	365851
17443558225	691034	11	8	693168	10824828	2065341	8759487	2224678356	365851
17443952571	691034	14	8	693168	10825007	2065374	8759633	2224695964	365851
17444312468	691034	13	8	693168	10825177	2065402	8759775	2224712967	365851
17444755117	691034	14	8	693168	10825350	2065434	8759916	2224730385	365851
17445043054	691034	15	8	693168	10825514	2065459	8760055	2224747381	365851
17445294833	691034	12	8	693168	10825675	2065484	8760191	2224764186	365851
17445560547	691034	14	8	693168	10825852	2065509	8760343	2224781182	365851
17445833960	691034	14	8	693168	10826012	2065528	8760484	2224798126	365851
17446126348	691034	12	8	693168	10826185	2065560	8760625	2224815322	365851
17446424345	691034	15	8	693168	10826365	2065588	8760777	2224833129	365851
17446720465	691034	12	8	693168	10826544	2065620	8760924	2224850868	365851
17447062174	691034	14	8	693168	10826705	2065641	8761064	2224867639	365851
17447260437	691034	14	8	693168	10826877	2065670	8761207	2224884728	365851
17447481006	691034	12	8	693168	10827042	2065692	8761350	2224901623	365851
17447857169	691034	14	8	693168	10827217	2065720	8761497	2224918886	365851
17448222827	691034	16	8	693168	10827394	2065749	8761645	2224936226	365851
17448420769	691034	15	8	693168	10827554	2065771	8761783	2224953044	365851
17448780651	691034	14	8	693168	10827723	2065797	8761926	2224970366	365851
17449052962	691034	14	8	693168	10827889	2065823	8762066	2224987316	365851
17449252250	691034	12	8	693168	10828066	2065857	8762209	2225005116	365851
17449507855	691034	13	8	693168	10828214	2065884	8762330	2225020583	365851
17449723025	691036	13	8	693170	10828376	2065907	8762469	2225040579	365850
17449863028	691036	14	8	693170	10828532	2065931	8762601	2225056794	365850
17450259909	691036	14	8	693170	10828700	2065961	8762739	2225073809	365850
17450557952	691036	16	8	693170	10828876	2065989	8762887	2225091247	365850
17450783640	691036	13	8	693170	10829041	2066016	8763025	2225108374	365850
17451068394	691036	13	8	693170	10829219	2066045	8763174	2225125915	365850
17451302930	691036	12	8	693170	10829387	2066067	8763320	2225142903	365850
17451645986	691036	13	8	693170	10829557	2066089	8763468	2225159776	365850
17451905455	691036	13	8	693170	10829724	2066113	8763611	2225176881	365850
17452132411	691036	13	8	693170	10829884	2066135	8763749	2225193149	365850
17452372467	691036	12	8	693170	10830048	2066162	8763886	2225210023	365850
17452648109	691036	13	8	693170	10830220	2066191	8764029	2225227420	365850
17452925187	691036	13	8	693170	10830389	2066216	8764173	2225244475	365850
17453280214	691036	16	8	693170	10830554	2066237	8764317	2225261387	365850
17453438470	691036	13	8	693170	10830725	2066270	8764455	2225278786	365850
17453668873	691036	13	8	693170	10830906	2066305	8764601	2225296260	365850
17453971444	691036	14	8	693170	10831086	2066334	8764752	2225313998	365850
17454258396	691036	15	8	693170	10831251	2066364	8764887	2225330652	365850
17454746927	691036	13	8	693170	10831421	2066393	8765028	2225347733	365850
17454953561	691036	13	8	693170	10831581	2066415	8765166	2225364363	365850
17455272282	691036	15	8	693170	10831750	2066438	8765312	2225381151	365850
17455548305	691036	14	8	693170	10831908	2066456	8765452	2225397836	365850
17455775098	691036	15	8	693170	10832080	2066489	8765591	2225415350	365850
17456158695	691036	14	8	693170	10832242	2066513	8765729	2225431840	365850
17456674408	691036	13	8	693170	10832422	2066543	8765879	2225449782	365850
17457026849	691036	13	8	693170	10832581	2066566	8766015	2225466162	365850
17457222646	691036	14	8	693170	10832751	2066594	8766157	2225483420	365850
17457575516	691036	13	8	693170	10832923	2066620	8766303	2225500629	365850
17457829301	691036	13	8	693170	10833083	2066639	8766444	2225516869	365850
17458218410	691036	14	8	693170	10833249	2066662	8766587	2225533866	365850
17458496653	691036	15	8	693170	10833421	2066691	8766730	2225550955	365850
17458896593	691036	14	8	693170	10833584	2066712	8766872	2225567750	365850
17459213748	691036	14	8	693170	10833759	2066743	8767016	2225585149	365850
17459564123	691036	15	8	693170	10833924	2066765	8767159	2225601871	365850
17459951016	691036	13	8	693170	10834099	2066792	8767307	2225619366	365850
17460282707	691036	14	8	693170	10834266	2066820	8767446	2225636279	365850
17460570205	691036	14	8	693170	10834436	2066848	8767588	2225653371	365850
17460891509	691036	14	8	693170	10834605	2066872	8767733	2225670153	365850
17461269940	691036	13	8	693170	10834769	2066898	8767871	2225686992	365850
17461752728	691036	16	8	693170	10834950	2066922	8768028	2225704403	365850
17462261509	691036	16	8	693170	10835130	2066949	8768181	2225722127	365850
17462450169	691036	17	8	693170	10835299	2066978	8768321	2225739265	365850
17462721428	691036	13	8	693170	10835463	2067003	8768460	2225756224	365850
17463035620	691036	15	8	693170	10835632	2067029	8768603	2225773133	365850
17463254905	691036	12	8	693170	10835795	2067053	8768742	2225789738	365850
17463488995	691036	15	8	693170	10835969	2067078	8768891	2225807166	365850
17463800970	691036	12	8	693170	10836133	2067102	8769031	2225823715	365850
17464130356	691036	11	8	693170	10836298	2067133	8769165	2225840736	365850
17464625066	691036	13	8	693170	10836477	2067156	8769321	2225858097	365850
17465144057	691036	13	8	693170	10836651	2067184	8769467	2225875319	365850
17465498144	691036	18	8	693170	10836831	2067207	8769624	2225892838	365850
17465854176	691036	16	8	693170	10837003	2067234	8769769	2225910339	365850
17466252329	691036	14	8	693170	10837173	2067261	8769912	2225927749	365850
17466533762	691036	14	8	693170	10837341	2067288	8770053	2225944780	365850
17466963768	691036	13	8	693170	10837499	2067310	8770189	2225961089	365850
17467256415	691036	11	8	693170	10837651	2067329	8770322	2225977222	365850
17467443569	691036	11	8	693170	10837799	2067351	8770448	2225992916	365850
17467708975	691036	13	8	693170	10837971	2067380	8770591	2226010234	365850
17467964926	691036	15	8	693170	10838138	2067411	8770727	2226026720	365850
17468246356	691036	15	8	693170	10838314	2067437	8770877	2226044341	365850
17468579254	691036	14	8	693170	10838480	2067465	8771015	2226061446	365850
17468953143	691036	16	8	693170	10838647	2067489	8771158	2226078246	365850
17469186734	691036	11	8	693170	10838805	2067508	8771297	2226095054	365850
17469586641	691036	14	8	693170	10838982	2067531	8771451	2226112399	365850
17470016874	691036	13	8	693170	10839144	2067550	8771594	2226128900	365850
17470279029	691036	13	8	693170	10839310	2067586	8771724	2226145989	365850
17470580411	691036	13	8	693170	10839475	2067606	8771869	2226162333	365850
17470862207	691036	13	8	693170	10839638	2067632	8772006	2226179345	365850
17471102360	691036	17	8	693170	10839803	2067653	8772150	2226196029	365850
17471406758	691036	14	8	693170	10839963	2067677	8772286	2226212519	365850
17471837427	691036	16	8	693170	10840149	2067707	8772442	2226230381	365850
17472133165	691036	13	8	693170	10840308	2067727	8772581	2226247168	365850
17472297613	691036	12	8	693170	10840475	2067751	8772724	2226264213	365850
17472669935	691036	13	8	693170	10840647	2067777	8772870	2226281311	365850
17473014617	691036	13	8	693170	10840820	2067805	8773015	2226298256	365850
17473215942	691036	14	8	693170	10840983	2067828	8773155	2226315045	365850
17473436877	691036	17	8	693170	10841149	2067854	8773295	2226331749	365850
17473667493	691036	15	8	693170	10841315	2067881	8773434	2226349011	365850
17473927747	691036	16	8	693170	10841487	2067910	8773577	2226366339	365850
17474234097	691036	15	8	693170	10841656	2067944	8773712	2226383509	365850
17474445413	691036	11	8	693170	10841820	2067967	8773853	2226400351	365850
17474772941	691036	15	8	693170	10841997	2067988	8774009	2226417483	365850
17475006142	691036	13	8	693170	10842160	2068015	8774145	2226434059	365850
17475248044	691036	14	8	693170	10842326	2068035	8774291	2226451057	365850
17475624875	691036	13	8	693170	10842489	2068060	8774429	2226467540	365850
17475911418	691036	13	8	693170	10842668	2068091	8774577	2226485316	365850
17476172855	691036	15	8	693170	10842839	2068112	8774727	2226502014	365850
17476370866	691036	13	8	693170	10843006	2068137	8774869	2226519011	365850
17476570831	691036	14	8	693170	10843170	2068161	8775009	2226535929	365850
17476908000	691036	13	8	693170	10843339	2068187	8775152	2226552751	365850
17477031640	691036	14	8	693170	10843505	2068218	8775287	2226569728	365850
17477363819	691036	15	8	693170	10843680	2068243	8775437	2226587169	365850
17477775434	691036	12	8	693170	10843851	2068271	8775580	2226604299	365850
17478100618	691036	16	8	693170	10844021	2068296	8775725	2226621218	365850
17478403530	691036	14	8	693170	10844192	2068322	8775870	2226638386	365850
17478691355	691036	14	8	693170	10844373	2068358	8776015	2226656369	365850
17478999772	691036	16	8	693170	10844550	2068391	8776159	2226673453	365850
17479382236	691036	13	8	693170	10844717	2068415	8776302	2226690689	365850
17479677420	691036	14	8	693170	10844888	2068441	8776447	2226707713	365850
17479870415	691036	14	8	693170	10845046	2068465	8776581	2226724296	365850
17480088812	691036	15	8	693170	10845212	2068488	8776724	2226741319	365850
17480326298	691036	14	8	693170	10845372	2068514	8776858	2226757783	365850
17480564413	691036	12	8	693170	10845547	2068541	8777006	2226775175	365850
17480945151	691036	14	8	693170	10845724	2068566	8777158	2226792324	365850
17481362940	691036	12	8	693170	10845887	2068590	8777297	2226809271	365850
17481730854	691036	14	8	693170	10846062	2068613	8777449	2226826566	365850
17481978597	691036	14	8	693170	10846218	2068633	8777585	2226842726	365850
17482166123	691036	12	8	693170	10846390	2068666	8777724	2226860199	365850
17482415323	691036	13	8	693170	10846561	2068695	8777866	2226877374	365850
17482646895	691036	13	8	693170	10846726	2068721	8778005	2226893703	365850
17482970081	691036	14	8	693170	10846900	2068748	8778152	2226911205	365850
17483227645	691036	12	8	693170	10847061	2068775	8778286	2226927758	365850
17483444771	691036	12	8	693170	10847231	2068798	8778433	2226944980	365850
17483796031	691036	15	8	693170	10847395	2068816	8778579	2226961587	365850
17484175394	691036	13	8	693170	10847564	2068845	8778719	2226978715	365850
17484417357	691036	15	8	693170	10847740	2068873	8778867	2226996152	365850
17484655461	691036	13	8	693170	10847884	2068887	8778997	2227011706	365850
17485015897	691036	13	8	693170	10848069	2068913	8779156	2227029333	365850
17485186604	691036	14	8	693170	10848218	2068936	8779282	2227045547	365850
17485314197	691036	15	8	693170	10848375	2068962	8779413	2227061775	365850
17485562167	691036	13	8	693170	10848547	2068992	8779555	2227079170	365850
17485940162	691036	14	8	693170	10848716	2069020	8779696	2227096380	365850
17486313521	691036	14	8	693170	10848898	2069050	8779848	2227113717	365850
17486617330	691036	14	8	693170	10849062	2069069	8779993	2227130903	365850
17486793134	691036	17	8	693170	10849233	2069103	8780130	2227147715	365850
17487143993	691036	12	8	693170	10849402	2069133	8780269	2227165114	365850
17487364909	691036	15	8	693170	10849561	2069160	8780401	2227181597	365850
17487640230	691036	11	8	693170	10849721	2069179	8780542	2227197887	365850
17487814127	691036	14	8	693170	10849878	2069206	8780672	2227214314	365850
17488119176	691036	12	8	693170	10850047	2069228	8780819	2227231358	365850
17488390741	691036	15	8	693170	10850212	2069248	8780964	2227248169	365850
17488640524	691036	14	8	693170	10850382	2069283	8781099	2227265165	365850
17489020337	691036	15	8	693170	10850559	2069315	8781244	2227282919	365850
17489197800	691036	14	8	693170	10850729	2069342	8781387	2227300043	365850
17489433862	691036	12	8	693170	10850888	2069362	8781526	2227316683	365850
17489683900	691036	13	8	693170	10851044	2069386	8781658	2227333064	365850
17489992906	691036	12	8	693170	10851234	2069413	8781821	2227350860	365850
17490317275	691036	13	8	693170	10851410	2069441	8781969	2227368057	365850
17490686703	691036	13	8	693170	10851571	2069465	8782106	2227384430	365850
17491064771	691036	15	8	693170	10851747	2069491	8782256	2227402033	365850
17491298868	691036	17	8	693170	10851926	2069520	8782406	2227419955	365850
17491652017	691036	14	8	693170	10852096	2069541	8782555	2227436680	365850
17491874007	691036	13	8	693170	10852262	2069569	8782693	2227453790	365850
17492152271	691036	13	8	693170	10852431	2069594	8782837	2227470841	365850
17492607936	691036	12	8	693170	10852604	2069624	8782980	2227488288	365850
17492922594	691036	13	8	693170	10852769	2069651	8783118	2227505180	365850
17493416699	691036	12	8	693170	10852947	2069675	8783272	2227522463	365850
17493862727	691036	15	8	693170	10853129	2069707	8783422	2227540232	365850
17494146577	691036	16	8	693170	10853290	2069726	8783564	2227556776	365850
17494423317	691036	12	8	693170	10853458	2069754	8783704	2227573611	365850
17494841831	691036	16	8	693170	10853637	2069783	8783854	2227591310	365850
17495071137	691036	15	8	693170	10853807	2069812	8783995	2227608163	365850
17495278244	691036	17	8	693170	10853962	2069830	8784132	2227624254	365850
17495522112	691036	15	8	693170	10854138	2069855	8784283	2227642025	365850
17495755761	691036	14	8	693170	10854308	2069879	8784429	2227659130	365850
17496137179	691036	13	8	693170	10854486	2069912	8784574	2227676399	365850
17496416806	691036	13	8	693170	10854652	2069937	8784715	2227693248	365850
17496688778	691036	11	8	693170	10854812	2069961	8784851	2227709747	365850
17497011058	691036	15	8	693170	10854980	2069988	8784992	2227726655	365850
17497191848	691036	14	8	693170	10855151	2070020	8785131	2227743798	365850
17497422200	691036	14	8	693170	10855321	2070053	8785268	2227760929	365850
17497656957	691036	15	8	693170	10855482	2070073	8785409	2227777630	365850
17498064244	691036	14	8	693170	10855658	2070099	8785559	2227795370	365850
17498349935	691036	15	8	693170	10855817	2070124	8785693	2227811654	365850
17498514296	691036	13	8	693170	10855985	2070150	8785835	2227828801	365850
17498694473	691036	13	8	693170	10856143	2070172	8785971	2227845227	365850
17498798139	691036	12	8	693170	10856305	2070198	8786107	2227861958	365850
17499101051	691036	15	8	693170	10856479	2070220	8786259	2227879304	365850
17499434291	691036	16	8	693170	10856653	2070245	8786408	2227896740	365850
17499834563	691036	14	8	693170	10856834	2070274	8786560	2227914587	365850
17500382790	691036	14	8	693170	10857013	2070297	8786716	2227932275	365850
17500669164	691036	13	8	693170	10857171	2070319	8786852	2227948683	365850
17500998501	691036	12	8	693170	10857350	2070348	8787002	2227966132	365850
17501192189	691036	12	8	693170	10857519	2070382	8787137	2227983129	365850
17501461202	691036	13	8	693170	10857690	2070410	8787280	2228000243	365850
17501878959	691036	13	8	693170	10857859	2070435	8787424	2228016931	365850
17502148978	691036	15	8	693170	10858024	2070459	8787565	2228034067	365850
17502420873	691036	15	8	693170	10858183	2070480	8787703	2228050510	365850
17502691256	691036	14	8	693170	10858362	2070512	8787850	2228068215	365850
17502885991	691036	16	8	693170	10858521	2070538	8787983	2228084939	365850
17503063669	691036	15	8	693170	10858685	2070566	8788119	2228101933	365850
17503287406	691036	13	8	693170	10858852	2070593	8788259	2228118654	365850
17503617362	691036	12	8	693170	10859020	2070614	8788406	2228135670	365850
17503850879	691036	12	8	693170	10859168	2070639	8788529	2228151195	365850
17504181086	691036	12	8	693170	10859339	2070664	8788675	2228168446	365850
17504519320	691036	12	8	693170	10859497	2070689	8788808	2228184527	365850
17504695138	691036	14	8	693170	10859657	2070711	8788946	2228201339	365850
17504913032	691036	14	8	693170	10859817	2070733	8789084	2228217717	365850
17505284008	691036	14	8	693170	10859988	2070755	8789233	2228234856	365850
17505494808	691036	17	8	693170	10860162	2070783	8789379	2228252173	365850
17505797456	691036	14	8	693170	10860322	2070802	8789520	2228268789	365850
17506336106	691036	14	8	693170	10860501	2070828	8789673	2228286704	365850
17506584441	691036	11	8	693170	10860661	2070853	8789808	2228302920	365850
17506930045	691036	12	8	693170	10860825	2070880	8789945	2228319623	365850
17507322232	691036	12	8	693170	10860988	2070906	8790082	2228336175	365850
17507562967	691036	13	8	693170	10861145	2070935	8790210	2228352537	365850
17507816777	691036	12	8	693170	10861297	2070954	8790343	2228368586	365850
17507998567	691036	13	8	693170	10861456	2070973	8790483	2228385017	365850
17508445968	691036	14	8	693170	10861629	2071001	8790628	2228402300	365850
17508775481	691036	15	8	693170	10861802	2071032	8790770	2228419505	365850
17509072024	691036	12	8	693170	10861970	2071059	8790911	2228436690	365850
17509350564	691036	17	8	693170	10862142	2071084	8791058	2228453709	365850
17509575895	691036	16	8	693170	10862299	2071104	8791195	2228470197	365850
17509796669	691036	11	8	693170	10862458	2071127	8791331	2228486742	365850
17510045614	691036	12	8	693170	10862615	2071149	8791466	2228502734	365850
17510254877	691036	11	8	693170	10862786	2071180	8791606	2228519940	365850
17510508206	691036	16	8	693170	10862950	2071203	8791747	2228536545	365850
17510797922	691036	15	8	693170	10863124	2071232	8791892	2228554230	365850
17511144666	691036	15	8	693170	10863291	2071258	8792033	2228570752	365850
17511354603	691036	14	8	693170	10863453	2071277	8792176	2228587526	365850
17511640666	691036	14	8	693170	10863623	2071303	8792320	2228604533	365850
17511929705	691036	13	8	693170	10863802	2071332	8792470	2228622080	365850
17512138929	691036	13	8	693170	10863969	2071353	8792616	2228639053	365850
17512484984	691036	13	8	693170	10864136	2071383	8792753	2228656059	365850
17512985827	691036	14	8	693170	10864314	2071411	8792903	2228673496	365850
17513208348	691036	14	8	693170	10864477	2071437	8793040	2228690489	365850
17513510534	691036	15	8	693170	10864637	2071460	8793177	2228707204	365850
17513768324	691036	13	8	693170	10864800	2071487	8793313	2228723874	365850
17513968817	691036	14	8	693170	10864961	2071511	8793450	2228740862	365850
17514467938	691036	13	8	693170	10865135	2071537	8793598	2228758039	365850
17514812200	691036	14	8	693170	10865299	2071565	8793734	2228774749	365850
17515134487	691036	13	8	693170	10865464	2071593	8793871	2228791827	365850
17515606277	691036	13	8	693170	10865641	2071617	8794024	2228809232	365850
17515871293	691036	14	8	693170	10865805	2071644	8794161	2228825682	365850
17516119317	691036	14	8	693170	10865975	2071674	8794301	2228842756	365850
17516305263	691036	15	8	693170	10866146	2071704	8794442	2228860006	365850
17516470972	691036	16	8	693170	10866300	2071729	8794571	2228876329	365850
17516827973	691036	14	8	693170	10866465	2071750	8794715	2228893482	365850
17517153300	691038	14	8	693172	10866662	2071779	8794883	2228956313	365848
17517498365	691038	14	8	693172	10866842	2071812	8795030	2228974059	365848
17517817116	691040	13	8	693174	10867012	2071834	8795178	2228990887	365846
17518068970	691040	11	8	693174	10867168	2071859	8795309	2229007014	365846
17518192439	691040	12	8	693174	10867328	2071883	8795445	2229023536	365846
17518548678	691040	14	8	693174	10867496	2071910	8795586	2229040418	365846
17518769577	691040	14	8	693174	10867670	2071936	8795734	2229057743	365846
17518975352	691040	14	8	693174	10867839	2071962	8795877	2229074469	365846
17519146942	691040	13	8	693174	10867998	2071980	8796018	2229091282	365846
17519428960	691040	15	8	693174	10868178	2072012	8796166	2229108925	365846
17519666356	691040	15	8	693174	10868334	2072033	8796301	2229125323	365846
17519959990	691040	14	8	693174	10868494	2072054	8796440	2229141794	365846
17520315334	691040	16	8	693174	10868663	2072074	8796589	2229158808	365846
17520519864	691040	12	8	693174	10868831	2072106	8796725	2229175752	365846
17520808740	691040	15	8	693174	10869002	2072133	8796869	2229192986	365846
17520998718	691040	12	8	693174	10869150	2072155	8796995	2229208813	365846
17521534710	691040	12	8	693174	10869322	2072190	8797132	2229226395	365846
17521834732	691040	16	8	693174	10869485	2072215	8797270	2229242936	365846
17522217590	691040	13	8	693174	10869655	2072236	8797419	2229259993	365846
17522456437	691040	16	8	693174	10869820	2072259	8797561	2229276191	365846
17522796403	691040	14	8	693174	10869983	2072283	8797700	2229293272	365846
17523056936	691040	14	8	693174	10870145	2072295	8797850	2229310019	365846
17523303551	691040	13	8	693174	10870303	2072317	8797986	2229326442	365846
17523661854	691040	13	8	693174	10870471	2072342	8798129	2229343552	365846
17524086434	691040	12	8	693174	10870634	2072362	8798272	2229359826	365846
17524326692	691040	12	8	693174	10870797	2072387	8798410	2229376737	365846
17524596642	691040	15	8	693174	10870965	2072411	8798554	2229393448	365846
17525006797	691040	15	8	693174	10871132	2072440	8798692	2229410535	365846
17525351282	691040	15	8	693174	10871307	2072472	8798835	2229428122	365846
17525628679	691040	17	8	693174	10871486	2072506	8798980	2229445767	365846
17525775393	691040	13	8	693174	10871637	2072529	8799108	2229461958	365846
17525998695	691040	16	8	693174	10871806	2072554	8799252	2229479126	365846
17526300302	691040	13	8	693174	10871960	2072578	8799382	2229495039	365846
17526641237	691040	12	8	693174	10872121	2072603	8799518	2229511885	365846
17526837887	691040	11	8	693174	10872283	2072627	8799656	2229528202	365846
17527172166	691040	12	8	693174	10872443	2072652	8799791	2229544681	365846
17527459754	691040	15	8	693174	10872610	2072673	8799937	2229561288	365846
17527748683	691040	13	8	693174	10872775	2072703	8800072	2229578253	365846
17528048716	691040	16	8	693174	10872952	2072732	8800220	2229596171	365846
17528359277	691040	16	8	693174	10873115	2072755	8800360	2229612790	365846
17528608025	691040	13	8	693174	10873287	2072789	8800498	2229630243	365846
17528896560	691040	16	8	693174	10873461	2072821	8800640	2229648000	365846
17529318066	691040	10	8	693174	10873629	2072848	8800781	2229664834	365846
17529768720	691040	12	8	693174	10873794	2072871	8800923	2229681696	365846
17530138752	691040	13	8	693174	10873958	2072899	8801059	2229698165	365846
17530394604	691040	11	8	693174	10874137	2072927	8801210	2229715289	365846
17530668992	691040	13	8	693174	10874299	2072946	8801353	2229731797	365846
17530948849	691040	15	8	693174	10874461	2072971	8801490	2229748426	365846
17531294298	691040	16	8	693174	10874644	2073000	8801644	2229766631	365846
17531645602	691040	14	8	693174	10874810	2073024	8801786	2229783681	365846
17531983228	691040	13	8	693174	10874965	2073040	8801925	2229799882	365846
17532197481	691040	16	8	693174	10875139	2073070	8802069	2229817490	365846
17532381936	691040	13	8	693174	10875297	2073096	8802201	2229833642	365846
17532879730	691040	12	8	693174	10875473	2073126	8802347	2229851293	365846
17533176741	691040	13	8	693174	10875634	2073148	8802486	2229867771	365846
17533494804	691040	13	8	693174	10875806	2073176	8802630	2229884807	365846
17533859691	691040	13	8	693174	10875976	2073201	8802775	2229902153	365846
17534062182	691040	15	8	693174	10876127	2073223	8802904	2229918106	365846
17534306413	691040	14	8	693174	10876300	2073250	8803050	2229935484	365846
17534503692	691040	15	8	693174	10876465	2073273	8803192	2229952130	365846
17534791773	691040	13	8	693174	10876620	2073291	8803329	2229968483	365846
17535148114	691040	13	8	693174	10876790	2073316	8803474	2229985894	365846
17535434095	691040	12	8	693174	10876953	2073338	8803615	2230002515	365846
17535906401	691040	14	8	693174	10877121	2073363	8803758	2230019396	365846
17536194567	691040	13	8	693174	10877283	2073385	8803898	2230035859	365846
17536572512	691040	11	8	693174	10877450	2073408	8804042	2230052799	365846
17536860004	691040	15	8	693174	10877621	2073431	8804190	2230069864	365846
17537176944	691041	13	8	693175	10877782	2073459	8804323	2230086595	365845
17537530409	691041	12	8	693175	10877944	2073478	8804466	2230103633	365845
17537825631	691041	15	8	693175	10878106	2073498	8804608	2230119863	365845
17538054150	691041	16	8	693175	10878279	2073524	8804755	2230137216	365845
17538409399	691041	13	8	693175	10878451	2073556	8804895	2230154596	365845
17538796634	691041	13	8	693175	10878609	2073578	8805031	2230170832	365845
17539137987	691041	11	8	693175	10878777	2073608	8805169	2230187970	365845
17539646064	691041	14	8	693175	10878949	2073637	8805312	2230204992	365845
17539978868	691041	12	8	693175	10879112	2073655	8805457	2230221689	365845
17540397699	691041	14	8	693175	10879291	2073683	8805608	2230239239	365845
17540625938	691041	16	8	693175	10879467	2073717	8805750	2230256824	365845
17540932376	691041	14	8	693175	10879629	2073740	8805889	2230273837	365845
17541302828	691041	15	8	693175	10879795	2073766	8806029	2230290815	365845
17541449568	691041	14	8	693175	10879953	2073789	8806164	2230307324	365845
17541817536	691041	12	8	693175	10880124	2073819	8806305	2230324472	365845
17542219193	691041	12	8	693175	10880298	2073849	8806449	2230341521	365845
17542468267	691041	10	8	693175	10880453	2073871	8806582	2230357519	365845
17542718798	691041	10	8	693175	10880612	2073893	8806719	2230373883	365845
17543001306	691041	13	8	693175	10880777	2073916	8806861	2230390363	365845
17543146417	691041	13	8	693175	10880937	2073938	8806999	2230406978	365845
17543458757	691041	17	8	693175	10881102	2073964	8807138	2230423685	365845
17543695679	691041	14	8	693175	10881274	2073987	8807287	2230441086	365845
17543885137	691041	16	8	693175	10881444	2074019	8807425	2230458569	365845
17544037087	691041	16	8	693175	10881612	2074048	8807564	2230475735	365845
17544365880	691041	13	8	693175	10881775	2074073	8807702	2230492660	365845
17544595990	691041	11	8	693175	10881935	2074105	8807830	2230509223	365845
17544870321	691041	11	8	693175	10882096	2074129	8807967	2230525462	365845
17545246704	691041	11	8	693175	10882269	2074157	8808112	2230542437	365845
17545616874	691041	12	8	693175	10882438	2074183	8808255	2230559160	365845
17545913420	691042	14	8	693176	10882613	2074219	8808394	2230576539	365844
17546279233	691044	11	8	693178	10882782	2074245	8808537	2230594041	365842
17546573848	691044	16	8	693178	10882956	2074275	8808681	2230611254	365842
17546755364	691044	15	8	693178	10883128	2074308	8808820	2230628716	365842
17547001397	691044	14	8	693178	10883290	2074326	8808964	2230645493	365842
17547226008	691044	15	8	693178	10883457	2074354	8809103	2230662353	365842
17547512330	691044	12	8	693178	10883624	2074378	8809246	2230679639	365842
17547913193	691044	13	8	693178	10883803	2074407	8809396	2230697492	365842
17548235534	691044	14	8	693178	10883966	2074423	8809543	2230714084	365842
17548456413	691044	13	8	693178	10884136	2074447	8809689	2230731634	365842
17548714183	691044	15	8	693178	10884302	2074472	8809830	2230748316	365842
17549056256	691044	11	8	693178	10884474	2074504	8809970	2230765528	365842
17549226684	691044	15	8	693178	10884628	2074527	8810101	2230781874	365842
17549459005	691044	13	8	693178	10884802	2074558	8810244	2230799185	365842
17549727457	691044	14	8	693178	10884976	2074585	8810391	2230816614	365842
17549889002	691044	14	8	693178	10885126	2074603	8810523	2230832833	365842
17550262481	691044	15	8	693178	10885301	2074628	8810673	2230850047	365842
17550542686	691044	13	8	693178	10885465	2074651	8810814	2230867207	365842
17550852141	691044	14	8	693178	10885637	2074678	8810959	2230884330	365842
17551155939	691044	13	8	693178	10885796	2074695	8811101	2230900954	365842
17551512089	691044	13	8	693178	10885967	2074723	8811244	2230918101	365842
17551918745	691044	15	8	693178	10886136	2074750	8811386	2230935158	365842
17552050382	691044	14	8	693178	10886286	2074769	8811517	2230951340	365842
17552330179	691044	14	8	693178	10886454	2074797	8811657	2230968466	365842
17552618179	691044	16	8	693178	10886630	2074829	8811801	2230985797	365842
17552923336	691044	13	8	693178	10886794	2074850	8811944	2231002760	365842
17553250854	691044	15	8	693178	10886965	2074874	8812091	2231019664	365842
17553492512	691044	12	8	693178	10887119	2074902	8812217	2231036062	365842
17553865829	691044	14	8	693178	10887299	2074933	8812366	2231053613	365842
17554166136	691044	12	8	693178	10887459	2074959	8812500	2231070031	365842
17554699169	691044	15	8	693178	10887644	2074987	8812657	2231087968	365842
17555065809	691044	14	8	693178	10887818	2075015	8812803	2231105085	365842
17555491693	691044	14	8	693178	10887989	2075034	8812955	2231122454	365842
17555823183	691044	14	8	693178	10888163	2075066	8813097	2231139754	365842
17556205603	691044	14	8	693178	10888332	2075093	8813239	2231156541	365842
17556429490	691044	14	8	693178	10888504	2075123	8813381	2231174050	365842
17556585170	691044	14	8	693178	10888666	2075150	8813516	2231190438	365842
17556772060	691044	13	8	693178	10888822	2075172	8813650	2231206729	365842
17557121467	691044	15	8	693178	10888987	2075202	8813785	2231223392	365842
17557223290	691044	14	8	693178	10889146	2075233	8813913	2231240503	365842
17557538066	691044	16	8	693178	10889313	2075256	8814057	2231257371	365842
17557708164	691044	12	8	693178	10889466	2075277	8814189	2231273340	365842
17558071067	691044	14	8	693178	10889636	2075304	8814332	2231290746	365842
17558413249	691044	13	8	693178	10889800	2075327	8814473	2231307173	365842
17558642162	691044	13	8	693178	10889957	2075350	8814607	2231324273	365842
17558873577	691044	16	8	693178	10890119	2075378	8814741	2231340781	365842
17559249929	691044	13	8	693178	10890299	2075409	8814890	2231358392	365842
17559483841	691044	15	8	693178	10890467	2075428	8815039	2231375714	365842
17559826306	691044	14	8	693178	10890628	2075452	8815176	2231392079	365842
17560095104	691044	11	8	693178	10890783	2075471	8815312	2231408424	365842
17560271256	691044	12	8	693178	10890951	2075495	8815456	2231425379	365842
17560552407	691044	13	8	693178	10891110	2075518	8815592	2231441512	365842
17560937237	691044	15	8	693178	10891285	2075548	8815737	2231459003	365842
17561405083	691044	14	8	693178	10891454	2075570	8815884	2231475896	365842
17561765760	691044	15	8	693178	10891618	2075596	8816022	2231492838	365842
17562101674	691044	13	8	693178	10891786	2075626	8816160	2231509729	365842
17562478142	691044	14	8	693178	10891959	2075652	8816307	2231527020	365842
17562862069	691044	14	8	693178	10892125	2075678	8816447	2231543896	365842
17563076916	691045	14	8	693179	10892287	2075700	8816587	2231572781	365841
17563384226	691045	13	8	693179	10892468	2075729	8816739	2231590438	365841
17563774745	691046	12	8	693180	10892638	2075752	8816886	2231607480	365840
17564018846	691046	13	8	693180	10892802	2075779	8817023	2231624399	365840
17564394661	691046	14	8	693180	10892977	2075809	8817168	2231641688	365840
17564600797	691046	15	8	693180	10893140	2075834	8817306	2231658366	365840
17564763400	691046	14	8	693180	10893300	2075857	8817443	2231675362	365840
17565131982	691047	13	8	693181	10893468	2075877	8817591	2231693368	365840
17565428449	691047	14	8	693181	10893647	2075906	8817741	2231711080	365840
17565906381	691047	15	8	693181	10893812	2075929	8817883	2231727258	365840
17566177041	691047	13	8	693181	10893955	2075951	8818004	2231742565	365840
17566657562	691047	14	8	693181	10894103	2075974	8818129	2231757313	365840
17566992691	691047	13	8	693181	10894239	2075991	8818248	2231771742	365840
17567262275	691047	15	8	693181	10894399	2076019	8818380	2231787984	365840
17567518382	691047	14	8	693181	10894555	2076048	8818507	2231803434	365840
17567755823	691047	12	8	693181	10894713	2076075	8818638	2231819068	365840
17568022531	691047	15	8	693181	10894867	2076101	8818766	2231834382	365840
17568308048	691047	13	8	693181	10895003	2076119	8818884	2231848729	365840
17568571129	691047	12	8	693181	10895152	2076143	8819009	2231863793	365840
17568812606	691047	14	8	693181	10895291	2076162	8819129	2231878065	365840
17569110080	691047	13	8	693181	10895432	2076180	8819252	2231892885	365840
17569338596	691047	13	8	693181	10895590	2076208	8819382	2231908714	365840
17569605489	691047	13	8	693181	10895743	2076234	8819509	2231924213	365840
17569849082	691047	12	8	693181	10895891	2076255	8819636	2231939214	365840
17570182666	691047	14	8	693181	10896046	2076279	8819767	2231954385	365840
17570391884	691047	12	8	693181	10896183	2076295	8819888	2231968924	365840
17570542044	691047	14	8	693181	10896327	2076317	8820010	2231983692	365840
17570818680	691047	13	8	693181	10896471	2076337	8820134	2231998847	365840
17571008915	691047	14	8	693181	10896627	2076366	8820261	2232014340	365840
17571204696	691047	13	8	693181	10896767	2076389	8820378	2232029246	365840
17571374772	691047	11	8	693181	10896920	2076418	8820502	2232044722	365840
17571571692	691047	13	8	693181	10897063	2076442	8820621	2232059005	365840
17571686279	691047	14	8	693181	10897189	2076465	8820724	2232072073	365840
17571901100	691047	12	8	693181	10897308	2076482	8820826	2232084893	365840
17572203761	691047	12	8	693181	10897434	2076504	8820930	2232098324	365840
17572425716	691047	14	8	693181	10897563	2076520	8821043	2232111448	365840
17572605999	691047	14	8	693181	10897692	2076539	8821153	2232125014	365840
17572837770	691047	15	8	693181	10897825	2076564	8821261	2232138190	365840
17572983034	691047	14	8	693181	10897946	2076582	8821364	2232151525	365840
17573345447	691047	11	8	693181	10898083	2076599	8821484	2232165331	365840
17573623410	691047	12	8	693181	10898224	2076626	8821598	2232178992	365840
17573973419	691047	11	8	693181	10898347	2076645	8821702	2232191795	365840
17574082238	691047	11	8	693181	10898467	2076667	8821800	2232204488	365840
17574303368	691047	15	8	693181	10898590	2076687	8821903	2232217344	365840
17574675033	691047	14	8	693181	10898720	2076706	8822014	2232230966	365840
17574914574	691047	14	8	693181	10898848	2076724	8822124	2232244408	365840
17575181444	691047	13	8	693181	10898977	2076744	8822233	2232257606	365840
17575478854	691047	12	8	693181	10899112	2076764	8822348	2232270937	365840
17575580187	691047	12	8	693181	10899233	2076786	8822447	2232283789	365840
17575882596	691047	10	8	693181	10899350	2076801	8822549	2232296320	365840
17576207610	691047	12	8	693181	10899485	2076829	8822656	2232309890	365840
17576390683	691047	11	8	693181	10899617	2076852	8822765	2232323055	365840
17576632106	691047	15	8	693181	10899754	2076873	8822881	2232336542	365840
17576827774	691047	14	8	693181	10899879	2076894	8822985	2232349931	365840
17576978185	691047	14	8	693181	10900010	2076919	8823091	2232363598	365840
17577171975	691047	13	8	693181	10900138	2076937	8823201	2232376836	365840
17577447005	691047	11	8	693181	10900265	2076959	8823306	2232389995	365840
17577664003	691047	12	8	693181	10900393	2076979	8823414	2232402978	365840
17577818462	691047	11	8	693181	10900509	2076999	8823510	2232415438	365840
17578015008	691047	12	8	693181	10900633	2077022	8823611	2232428518	365840
17578147666	691047	13	8	693181	10900763	2077042	8823721	2232442115	365840
17578379008	691047	14	8	693181	10900894	2077070	8823824	2232455571	365840
17578643855	691047	14	8	693181	10901026	2077095	8823931	2232469405	365840
17578843866	691047	12	8	693181	10901156	2077116	8824040	2232482957	365840
17578998625	691047	13	8	693181	10901288	2077137	8824151	2232496595	365840
17579178709	691047	12	8	693181	10901422	2077161	8824261	2232509888	365840
17579523466	691047	13	8	693181	10901552	2077183	8824369	2232523190	365840
17579675241	691047	11	8	693181	10901683	2077204	8824479	2232536449	365840
17579987284	691047	12	8	693181	10901815	2077223	8824592	2232550080	365840
17580364534	691047	14	8	693181	10901946	2077243	8824703	2232563189	365840
17580633189	691047	11	8	693181	10902079	2077265	8824814	2232576762	365840
17580946597	691047	14	8	693181	10902224	2077285	8824939	2232591066	365840
17581138278	691047	14	8	693181	10902350	2077302	8825048	2232604154	365840
17581305815	691047	14	8	693181	10902483	2077322	8825161	2232617677	365840
17581586379	691047	12	8	693181	10902614	2077343	8825271	2232630952	365840
17581752927	691047	11	8	693181	10902740	2077361	8825379	2232643911	365840
17582007772	691047	14	8	693181	10902871	2077379	8825492	2232657627	365840
17582245589	691047	14	8	693181	10902995	2077398	8825597	2232670496	365840
17582533050	691047	13	8	693181	10903131	2077424	8825707	2232684207	365840
17582749761	691047	15	8	693181	10903263	2077444	8825819	2232697522	365840
17582953464	691047	12	8	693181	10903379	2077460	8825919	2232710214	365840
17583111097	691047	12	8	693181	10903498	2077475	8826023	2232723068	365840
17583326262	691047	11	8	693181	10903618	2077499	8826119	2232735389	365840
17583657159	691047	12	8	693181	10903748	2077522	8826226	2232748714	365840
17583794770	691047	14	8	693181	10903869	2077539	8826330	2232761743	365840
17584058814	691047	15	8	693181	10904003	2077560	8826443	2232775197	365840
17584299970	691047	13	8	693181	10904145	2077585	8826560	2232789748	365840
17584530470	691047	14	8	693181	10904276	2077604	8826672	2232803140	365840
17584755599	691047	10	8	693181	10904395	2077621	8826774	2232815660	365840
17584999959	691047	12	8	693181	10904517	2077635	8826882	2232828297	365840
17585297234	691047	11	8	693181	10904636	2077654	8826982	2232840854	365840
17585672054	691047	13	8	693181	10904777	2077676	8827101	2232854667	365840
17585969477	691047	15	8	693181	10904912	2077700	8827212	2232868464	365840
17586087989	691047	14	8	693181	10905033	2077718	8827315	2232881204	365840
17586286323	691047	13	8	693181	10905169	2077744	8827425	2232895012	365840
17586504627	691047	11	8	693181	10905307	2077768	8827539	2232909019	365840
17586801610	691047	11	8	693181	10905436	2077787	8827649	2232922417	365840
17586970615	691047	11	8	693181	10905555	2077809	8827746	2232934829	365840
17587229864	691047	11	8	693181	10905677	2077829	8827848	2232947736	365840
17587483614	691047	12	8	693181	10905800	2077848	8827952	2232960568	365840
17587875407	691047	13	8	693181	10905940	2077870	8828070	2232974479	365840
17587990670	691047	12	8	693181	10906058	2077883	8828175	2232987123	365840
17588282607	691047	13	8	693181	10906192	2077901	8828291	2233000677	365840
17588582901	691047	14	8	693181	10906322	2077923	8828399	2233014285	365840
17588816336	691047	13	8	693181	10906444	2077937	8828507	2233027123	365840
17589062508	691047	11	8	693181	10906563	2077956	8828607	2233039665	365840
17589357280	691047	9	8	693181	10906701	2077979	8828722	2233053291	365840
17589565321	691047	13	8	693181	10906834	2078002	8828832	2233066789	365840
17589807660	691047	12	8	693181	10906964	2078022	8828942	2233079878	365840
17590064740	691047	14	8	693181	10907087	2078033	8829054	2233092869	365840
17590312248	691047	14	8	693181	10907213	2078057	8829156	2233106152	365840
17590457209	691047	11	8	693181	10907332	2078072	8829260	2233119116	365840
17590683529	691047	13	8	693181	10907462	2078091	8829371	2233132453	365840
17590883783	691047	10	8	693181	10907582	2078110	8829472	2233145212	365840
17591047320	691047	11	8	693181	10907710	2078132	8829578	2233158474	365840
17591310767	691047	16	8	693181	10907839	2078153	8829686	2233171680	365840
17591747007	691047	13	8	693181	10907974	2078172	8829802	2233185211	365840
17591946358	691047	14	8	693181	10908114	2078188	8829926	2233199016	365840
17592226360	691047	14	8	693181	10908246	2078207	8830039	2233212475	365840
17592442395	691047	15	8	693181	10908377	2078226	8830151	2233225632	365840
17592706296	691047	12	8	693181	10908502	2078247	8830255	2233238569	365840
17592964122	691047	13	8	693181	10908641	2078273	8830368	2233252208	365840
17593105831	691047	12	8	693181	10908765	2078290	8830475	2233265071	365840
17593463750	691047	14	8	693181	10908905	2078315	8830590	2233278976	365840
17593752881	691047	15	8	693181	10909044	2078335	8830709	2233292677	365840
17593931580	691047	13	8	693181	10909168	2078355	8830813	2233306110	365840
17594094752	691047	15	8	693181	10909299	2078373	8830926	2233319348	365840
17594228495	691047	10	8	693181	10909423	2078395	8831028	2233332712	365840
17594515886	691047	13	8	693181	10909559	2078416	8831143	2233346349	365840
17594702004	691047	11	8	693181	10909684	2078438	8831246	2233359160	365840
17595146274	691047	12	8	693181	10909822	2078459	8831363	2233373019	365840
17595285835	691047	14	8	693181	10909953	2078487	8831466	2233386325	365840
17595544872	691047	13	8	693181	10910075	2078506	8831569	2233399318	365840
17595765067	691047	14	8	693181	10910207	2078526	8831681	2233412645	365840
17596063633	691047	15	8	693181	10910333	2078542	8831791	2233425662	365840
17596177697	691047	13	8	693181	10910467	2078570	8831897	2233439690	365840
17596353466	691047	10	8	693181	10910593	2078588	8832005	2233452736	365840
17596596550	691047	11	8	693181	10910721	2078604	8832117	2233465712	365840
17596748924	691047	11	8	693181	10910837	2078621	8832216	2233478163	365840
17597009555	691047	13	8	693181	10910976	2078641	8832335	2233491745	365840
17597440347	691047	13	8	693181	10911096	2078653	8832443	2233504334	365840
17597761311	691047	14	8	693181	10911229	2078669	8832560	2233517859	365840
17597875946	691047	14	8	693181	10911354	2078683	8832671	2233531052	365840
17598120784	691047	12	8	693181	10911488	2078700	8832788	2233544942	365840
17598373670	691047	12	8	693181	10911609	2078717	8832892	2233557590	365840
17598590403	691047	11	8	693181	10911739	2078736	8833003	2233570940	365840
17598884014	691047	10	8	693181	10911860	2078750	8833110	2233583248	365840
17599198537	691047	11	8	693181	10911995	2078771	8833224	2233596628	365840
17599324466	691047	13	8	693181	10912112	2078790	8833322	2233608854	365840
17599670326	691047	12	8	693181	10912234	2078801	8833433	2233621493	365840
17599998900	691047	15	8	693181	10912368	2078819	8833549	2233635093	365840
17600088958	691047	15	8	693181	10912490	2078841	8833649	2233648439	365840
17600393802	691047	15	8	693181	10912616	2078860	8833756	2233661516	365840
17600616858	691047	14	8	693181	10912745	2078877	8833868	2233674850	365840
17600909870	691047	12	8	693181	10912871	2078896	8833975	2233688045	365840
17601241915	691047	10	8	693181	10912999	2078917	8834082	2233701556	365840
17601351267	691047	14	8	693181	10913143	2078944	8834199	2233715384	365840
17601502851	691047	13	8	693181	10913272	2078965	8834307	2233728836	365840
17601818267	691047	14	8	693181	10913410	2078989	8834421	2233742728	365840
17602112111	691047	12	8	693181	10913550	2079010	8834540	2233756689	365840
17602246426	691047	11	8	693181	10913672	2079031	8834641	2233769825	365840
17602518177	691047	12	8	693181	10913800	2079056	8834744	2233782621	365840
17602720916	691047	12	8	693181	10913924	2079073	8834851	2233795637	365840
17602926044	691047	12	8	693181	10914042	2079091	8834951	2233808285	365840
17603319147	691047	13	8	693181	10914171	2079113	8835058	2233821709	365840
17603467639	691047	12	8	693181	10914303	2079136	8835167	2233835316	365840
17603739474	691047	13	8	693181	10914436	2079154	8835282	2233848764	365840
17603823968	691047	13	8	693181	10914562	2079174	8835388	2233861769	365840
17604130384	691047	12	8	693181	10914694	2079199	8835495	2233875153	365840
17604356686	691047	14	8	693181	10914811	2079214	8835597	2233887558	365840
17604502307	691047	13	8	693181	10914945	2079237	8835708	2233901528	365840
17604701308	691047	14	8	693181	10915080	2079253	8835827	2233915282	365840
17604863970	691047	13	8	693181	10915195	2079266	8835929	2233927583	365840
17605007465	691047	11	8	693181	10915323	2079287	8836036	2233940986	365840
17605192216	691047	13	8	693181	10915457	2079313	8836144	2233954569	365840
17605457300	691047	11	8	693181	10915589	2079331	8836258	2233968027	365840
17605694507	691048	13	8	693182	10915732	2079352	8836380	2233981919	365839
17605927975	691048	14	8	693182	10915862	2079373	8836489	2233995098	365839
17606071150	691048	14	8	693182	10915976	2079389	8836587	2234007474	365839
17606318691	691048	13	8	693182	10916107	2079408	8836699	2234020961	365839
17606628794	691048	13	8	693182	10916237	2079429	8836808	2234034281	365839
17606857814	691048	12	8	693182	10916366	2079452	8836914	2234047938	365839
17607155667	691048	13	8	693182	10916500	2079475	8837025	2234061171	365839
17607316312	691048	11	8	693182	10916624	2079491	8837133	2234074232	365839
17607563560	691048	12	8	693182	10916748	2079511	8837237	2234087393	365839
17607824087	691048	12	8	693182	10916873	2079530	8837343	2234100314	365839
17607988697	691048	14	8	693182	10917009	2079555	8837454	2234114056	365839
17608214254	691048	14	8	693182	10917144	2079583	8837561	2234127689	365839
17608508977	691048	14	8	693182	10917282	2079607	8837675	2234141707	365839
17608750871	691048	13	8	693182	10917414	2079627	8837787	2234155302	365839
17608994848	691048	12	8	693182	10917548	2079645	8837903	2234168843	365839
17609220905	691048	13	8	693182	10917677	2079666	8838011	2234182174	365839
17609461859	691048	12	8	693182	10917799	2079682	8838117	2234195180	365839
17609684807	691048	12	8	693182	10917928	2079702	8838226	2234208198	365839
17609850276	691048	14	8	693182	10918059	2079730	8838329	2234221847	365839
17610113965	691048	11	8	693182	10918195	2079759	8838436	2234235390	365839
17610210970	691048	13	8	693182	10918327	2079787	8838540	2234248742	365839
17610428383	691048	12	8	693182	10918453	2079812	8838641	2234262007	365839
17610614449	691048	13	8	693182	10918581	2079833	8838748	2234275133	365839
17610900271	691048	13	8	693182	10918696	2079840	8838856	2234287733	365839
17611135269	691048	14	8	693182	10918824	2079863	8838961	2234300908	365839
17611480355	691048	13	8	693182	10918963	2079886	8839077	2234314750	365839
17611628908	691048	13	8	693182	10919093	2079909	8839184	2234327992	365839
17611837803	691048	12	8	693182	10919227	2079928	8839299	2234341700	365839
17612134852	691048	12	8	693182	10919361	2079947	8839414	2234355313	365839
17612329393	691048	11	8	693182	10919486	2079961	8839525	2234368399	365839
17612557894	691048	11	8	693182	10919605	2079981	8839624	2234381178	365839
17612785208	691048	13	8	693182	10919735	2080006	8839729	2234394555	365839
17612911265	691048	11	8	693182	10919854	2080027	8839827	2234407112	365839
17613087329	691048	13	8	693182	10919979	2080045	8839934	2234420335	365839
17613458720	691048	13	8	693182	10920116	2080065	8840051	2234433843	365839
17613700498	691048	11	8	693182	10920243	2080086	8840157	2234447191	365839
17613871052	691048	13	8	693182	10920370	2080104	8840266	2234460176	365839
17614119650	691048	12	8	693182	10920505	2080127	8840378	2234473807	365839
17614316472	691048	13	8	693182	10920638	2080149	8840489	2234487327	365839
17614512298	691048	13	8	693182	10920771	2080174	8840597	2234501035	365839
17614779393	691048	14	8	693182	10920910	2080204	8840706	2234515032	365839
17614993330	691048	12	8	693182	10921040	2080226	8840814	2234528751	365839
17615289476	691048	14	8	693182	10921176	2080245	8840931	2234542018	365839
17615623281	691048	12	8	693182	10921303	2080264	8841039	2234555472	365839
17615901229	691048	12	8	693182	10921441	2080292	8841149	2234569317	365839
17616083440	691048	12	8	693182	10921556	2080309	8841247	2234581465	365839
17616206801	691048	12	8	693182	10921683	2080329	8841354	2234594885	365839
17616458052	691048	13	8	693182	10921795	2080340	8841455	2234607165	365839
17616803246	691048	12	8	693182	10921924	2080365	8841559	2234620441	365839
17616951621	691048	14	8	693182	10922049	2080384	8841665	2234633691	365839
17617169691	691048	13	8	693182	10922180	2080400	8841780	2234647138	365839
17617291270	691048	14	8	693182	10922305	2080429	8841876	2234660296	365839
17617490292	691048	14	8	693182	10922432	2080451	8841981	2234673600	365839
17617613781	691048	13	8	693182	10922550	2080466	8842084	2234686199	365839
17617780001	691048	11	8	693182	10922679	2080488	8842191	2234699698	365839
17618052218	691048	13	8	693182	10922802	2080505	8842297	2234712372	365839
17618260757	691048	11	8	693182	10922930	2080522	8842408	2234725508	365839
17618615409	691048	13	8	693182	10923067	2080539	8842528	2234738957	365839
17618815042	691048	12	8	693182	10923203	2080561	8842642	2234752742	365839
17619055218	691048	14	8	693182	10923339	2080586	8842753	2234766864	365839
17619167902	691048	14	8	693182	10923465	2080613	8842852	2234779896	365839
17619316009	691048	12	8	693182	10923590	2080638	8842952	2234793047	365839
17619538893	691049	13	8	693183	10923718	2080660	8843058	2234806072	365838
17619729700	691049	13	8	693183	10923850	2080681	8843169	2234819536	365838
17620020465	691049	15	8	693183	10923986	2080700	8843286	2234833281	365838
17620145131	691049	12	8	693183	10924111	2080716	8843395	2234846551	365838
17620653215	691049	12	8	693183	10924238	2080730	8843508	2234859487	365838
17620879837	691049	12	8	693183	10924378	2080759	8843619	2234873369	365838
17621042892	691049	14	8	693183	10924504	2080782	8843722	2234886545	365838
17621260514	691049	12	8	693183	10924631	2080803	8843828	2234899757	365838
17621675455	691049	15	8	693183	10924780	2080829	8843951	2234914067	365838
17622025368	691049	14	8	693183	10924895	2080843	8844052	2234926643	365838
17622265952	691049	13	8	693183	10925026	2080868	8844158	2234940250	365838
17622511635	691049	14	8	693183	10925157	2080893	8844264	2234953207	365838
17622741320	691049	13	8	693183	10925298	2080923	8844375	2234967362	365838
17622977416	691049	13	8	693183	10925431	2080942	8844489	2234980461	365838
17623280561	691049	13	8	693183	10925565	2080968	8844597	2234994220	365838
17623488451	691049	12	8	693183	10925681	2080981	8844700	2235006852	365838
17623669328	691049	14	8	693183	10925810	2081002	8844808	2235020274	365838
17624085389	691049	13	8	693183	10925941	2081019	8844922	2235033379	365838
17624347609	691049	13	8	693183	10926067	2081041	8845026	2235046754	365838
17624548068	691049	13	8	693183	10926192	2081060	8845132	2235059386	365838
17624675827	691049	12	8	693183	10926319	2081076	8845243	2235072866	365838
17624892607	691049	14	8	693183	10926459	2081101	8845358	2235086497	365838
17625062226	691049	12	8	693183	10926584	2081122	8845462	2235099747	365838
17625575124	691049	13	8	693183	10926720	2081141	8845579	2235113719	365838
17625745818	691049	11	8	693183	10926855	2081162	8845693	2235126810	365838
17626137522	691049	12	8	693183	10926993	2081181	8845812	2235140623	365838
17626449945	691049	13	8	693183	10927129	2081200	8845929	2235154509	365838
17626622376	691049	12	8	693183	10927250	2081218	8846032	2235167401	365838
17626823161	691049	13	8	693183	10927383	2081244	8846139	2235180814	365838
17626955673	691049	15	8	693183	10927518	2081269	8846249	2235194250	365838
17627265009	691049	12	8	693183	10927644	2081290	8846354	2235207647	365838
17627543091	691051	13	8	693185	10927783	2081318	8846465	2235223367	365837
17627861914	691051	12	8	693185	10927911	2081340	8846571	2235236240	365837
17628247184	691051	11	8	693185	10928034	2081357	8846677	2235249366	365837
17628354033	691051	14	8	693185	10928164	2081382	8846782	2235262737	365837
17628496851	691051	12	8	693185	10928289	2081404	8846885	2235275707	365837
17628682516	691051	15	8	693185	10928422	2081427	8846995	2235289328	365837
17628868907	691051	14	8	693185	10928546	2081448	8847098	2235302567	365837
17629151729	691051	12	8	693185	10928677	2081472	8847205	2235316369	365837
17629376397	691051	12	8	693185	10928794	2081489	8847305	2235328713	365837
17629682812	691051	9	8	693185	10928919	2081505	8847414	2235341830	365837
17629906744	691051	13	8	693185	10929044	2081529	8847515	2235354558	365837
17630004170	691051	13	8	693185	10929172	2081556	8847616	2235367899	365837
17630163511	691051	15	8	693185	10929292	2081572	8847720	2235380844	365837
17630451762	691051	13	8	693185	10929417	2081585	8847832	2235393899	365837
17630644374	691051	14	8	693185	10929550	2081613	8847937	2235407352	365837
17630779003	691051	13	8	693185	10929678	2081635	8848043	2235420959	365837
17631027756	691051	14	8	693185	10929808	2081653	8848155	2235433895	365837
17631239483	691051	13	8	693185	10929931	2081675	8848256	2235447057	365837
17631548857	691051	13	8	693185	10930075	2081699	8848376	2235460777	365837
17631802172	691051	13	8	693185	10930200	2081718	8848482	2235473740	365837
17632012196	691051	11	8	693185	10930318	2081732	8848586	2235486481	365837
17632365071	691051	12	8	693185	10930442	2081744	8848698	2235499330	365837
17632719647	691051	12	8	693185	10930575	2081763	8848812	2235512606	365837
17632902471	691051	10	8	693185	10930694	2081779	8848915	2235525402	365837
17633132469	691051	15	8	693185	10930823	2081799	8849024	2235538696	365837
17633589116	691051	14	8	693185	10930952	2081819	8849133	2235551973	365837
17633759749	691051	13	8	693185	10931075	2081839	8849236	2235565327	365837
17633951129	691051	13	8	693185	10931212	2081867	8849345	2235579146	365837
17634110308	691051	12	8	693185	10931343	2081889	8849454	2235592740	365837
17634203620	691051	11	8	693185	10931469	2081912	8849557	2235606047	365837
17634396519	691051	12	8	693185	10931595	2081929	8849666	2235618715	365837
17634594008	691051	10	8	693185	10931712	2081943	8849769	2235631333	365837
17634796857	691053	14	8	693187	10931859	2081972	8849887	2235645691	365836
17634964594	691055	13	8	693189	10931982	2081994	8849988	2235658517	365834
17635220115	691055	13	8	693189	10932110	2082015	8850095	2235672300	365834
17635587371	691055	14	8	693189	10932241	2082039	8850202	2235685317	365834
