0.420000000546
0.483333333085
0.456666665773
0.576666666816
0.476666666567
0.489999999603
0.5
0.483333333085
0.52999999995
0.493333333482
0.480000000447
0.526666667312
0.520000000795
0.493333333482
0.453333333135
0.506666666518
0.483333333085
0.473333333929
0.476666666567
0.52999999995
0.493333333482
0.510000000397
0.47000000005
0.496666667362
0.5
0.526666667312
0.493333332241
0.52999999995
0.513333334277
0.513333333035
0.509999999156
0.493333333482
0.623333333681
0.47000000005
0.47000000005
0.480000000447
0.47000000005
0.463333333532
0.483333333085
0.449999999255
0.489999999603
0.550000000745
0.593333333731
0.456666667014
0.613333333284
0.583333333333
0.506666666518
0.536666666468
0.490000000844
0.513333333035
0.516666666915
0.516666666915
0.826666666816
0.5
0.526666666071
0.496666667362
0.543333332986
0.796666666865
0.546666666865
0.49666666612
0.486666666965
0.510000000397
0.53333333383
0.52999999995
0.493333333482
0.490000000844
0.5
0.570000000298
0.530000001192
0.479999999205
0.503333332638
0.49666666612
0.506666666518
0.479999999205
0.50333333388
0.489999999603
0.473333332688
0.556666667263
0.523333333433
0.50333333388
0.466666667412
0.506666666518
0.486666666965
0.513333333035
0.473333332688
0.513333334277
0.473333332688
0.696666666617
0.490000000844
0.486666666965
0.533333332588
0.570000000298
0.506666666518
0.486666666965
0.483333333085
0.503333332638
0.496666667362
0.583333333333
0.52999999995
0.523333333433
0.513333333035
0.440000000099
0.473333333929
0.476666666567
0.483333333085
0.486666666965
0.489999999603
0.503333332638
0.50333333388
0.5
0.513333333035
0.486666666965
0.569999999056
0.503333332638
0.493333333482
0.516666666915
0.510000000397
0.5
0.630000000199
0.543333332986
0.553333333383
0.479999999205
0.480000000447
0.476666666567
0.693333333979
0.493333333482
0.479999999205
0.506666666518
0.50333333388
0.496666667362
0.479999999205
0.509999999156
0.483333333085
0.509999999156
0.47000000005
0.646666665872
0.473333333929
0.47000000005
0.483333333085
0.516666666915
0.496666667362
0.496666667362
0.486666665723
0.480000000447
0.516666666915
0.513333333035
0.50333333388
0.566666666418
0.49666666612
0.49666666612
0.516666666915
0.49666666612
0.526666667312
0.520000000795
0.486666666965
0.50333333388
0.506666666518
0.486666665723
0.523333333433
0.526666666071
0.526666666071
0.546666666865
0.50333333388
0.533333332588
0.533333332588
0.463333333532
0.479999999205
0.536666666468
0.493333333482
0.53666666771
0.5
0.473333333929
0.523333333433
0.536666666468
0.5
0.5
0.5
0.453333333135
0.476666666567
0.513333333035
0.5
0.480000000447
0.573333334178
0.496666667362
0.476666666567
0.476666666567
0.47000000005
0.46666666617
0.476666666567
0.489999999603
0.510000000397
0.486666666965
0.46666666617
0.473333333929
0.483333333085
0.489999999603
0.473333333929
0.47000000005
0.519999999553
0.489999999603
0.473333333929
0.516666666915
0.539999999106
0.540000000348
0.503333332638
0.536666666468
0.483333333085
0.52999999995
0.606666666766
0.513333333035
0.483333333085
0.526666667312
0.46666666617
0.510000000397
0.506666666518
0.480000000447
0.493333333482
0.486666665723
0.559999999901
0.72000000005
0.56333333378
0.486666666965
0.5
0.450000000497
0.479999999205
0.473333332688
0.650000000993
0.579999999454
0.47000000005
0.483333333085
0.486666666965
0.483333333085
0.516666666915
0.473333333929
0.503333332638
0.546666666865
0.46666666617
0.479999999205
0.473333332688
0.519999999553
0.446666666617
0.539999999106
0.5
0.459999999652
0.493333333482
0.443333333979
0.493333333482
0.906666667511
0.513333333035
0.47000000005
0.476666666567
0.473333333929
0.556666666021
0.773333333433
0.506666666518
0.506666666518
0.496666667362
0.493333333482
0.56333333378
0.519999999553
0.603333332886
0.50333333388
0.5
0.506666666518
0.483333333085
0.483333333085
0.510000000397
0.47000000005
0.586666667213
0.480000000447
0.5
0.510000000397
0.453333333135
0.46666666617
0.5
0.5
0.473333332688
0.460000000894
0.46666666617
0.460000000894
0.503333332638
0.476666666567
0.480000000447
0.506666666518
0.463333333532
0.473333333929
0.460000000894
0.486666666965
0.476666666567
0.433333333582
0.476666666567
0.486666666965
0.786666666468
0.483333333085
0.463333333532
0.493333333482
0.559999999901
0.81333333378
0.489999999603
0.46666666617
0.5
0.493333332241
0.506666666518
0.980000000447
0.510000000397
0.506666667759
0.826666666816
0.606666666766
0.479999999205
0.559999999901
0.476666666567
0.599999999007
0.77999999995
0.490000000844
0.46666666617
0.480000000447
0.46666666617
0.543333332986
0.483333333085
0.613333334525
0.47000000005
0.513333333035
0.510000000397
0.493333332241
0.523333333433
0.546666666865
0.459999999652
0.696666666617
0.519999999553
0.486666666965
0.473333333929
0.480000000447
0.539999999106
0.546666666865
0.493333333482
0.5
0.510000000397
0.496666667362
0.510000000397
0.459999999652
0.513333334277
0.513333333035
0.563333332539
0.456666665773
0.486666666965
0.480000000447
0.473333333929
0.513333333035
0.540000000348
0.486666666965
0.496666667362
0.49666666612
0.493333333482
0.489999999603
0.493333333482
0.506666666518
0.573333334178
0.56666666766
0.559999999901
0.583333333333
0.489999999603
0.523333332191
0.493333333482
0.543333332986
0.489999999603
0.5
0.510000000397
0.486666666965
0.540000000348
0.486666666965
0.486666666965
0.510000000397
0.523333333433
0.493333333482
0.489999999603
0.493333333482
0.486666666965
0.506666666518
0.503333332638
0.5
0.516666666915
0.663333334029
0.47000000005
0.493333333482
0.49666666612
0.460000000894
0.489999999603
0.473333333929
0.479999999205
0.450000000497
0.456666665773
0.463333333532
0.486666666965
0.506666666518
0.479999999205
0.516666666915
0.463333333532
0.463333333532
0.540000000348
0.516666666915
0.540000000348
0.516666665673
0.536666666468
0.483333333085
0.476666666567
0.503333332638
0.623333333681
0.546666666865
0.456666665773
0.5
0.476666666567
0.473333332688
0.466666667412
0.463333333532
0.569999999056
0.489999999603
0.486666666965
0.510000000397
0.506666666518
0.50333333388
0.526666666071
0.446666666617
0.513333333035
0.733333333085
0.850000000248
0.516666666915
0.50333333388
0.520000000795
0.486666666965
0.486666665723
0.493333333482
0.49666666612
0.52999999995
0.460000000894
0.509999999156
0.540000000348
0.540000000348
0.550000000745
0.516666666915
0.53333333383
0.483333333085
0.53333333383
0.493333333482
0.586666667213
0.626666667561
0.540000000348
0.503333332638
0.513333333035
0.456666665773
0.463333333532
0.456666665773
0.483333334327
0.506666666518
0.489999999603
0.5
0.5
0.483333333085
0.510000000397
0.49666666612
0.479999999205
0.5
0.506666666518
0.553333333383
0.509999999156
0.473333332688
0.559999999901
0.5
0.466666667412
0.480000000447
0.50333333388
0.46666666617
0.47000000005
0.47000000005
0.486666666965
0.493333333482
0.480000000447
0.466666667412
0.493333333482
0.473333332688
0.459999999652
0.496666667362
0.589999999851
0.510000000397
0.593333333731
0.556666667263
0.586666667213
0.600000000248
0.516666666915
0.486666666965
0.50333333388
0.49666666612
0.636666666716
0.75
0.503333332638
0.513333333035
0.479999999205
0.583333333333
0.546666666865
0.5
0.516666666915
0.486666666965
0.50333333388
0.486666666965
0.713333333532
0.539999999106
0.543333332986
0.540000000348
0.519999999553
0.516666666915
0.543333332986
0.696666666617
0.473333333929
0.479999999205
0.466666667412
0.493333333482
0.483333334327
0.5
0.46666666617
0.483333333085
0.489999999603
0.52999999995
0.489999999603
0.513333334277
0.513333333035
0.50333333388
0.456666665773
0.480000000447
0.593333333731
0.463333333532
0.509999999156
0.466666667412
0.506666666518
0.50333333388
0.5
0.493333333482
0.5
0.476666666567
0.50333333388
0.52999999995
0.503333332638
0.593333333731
0.493333333482
0.486666666965
0.516666666915
0.493333333482
0.49666666612
0.526666666071
0.493333333482
0.533333332588
0.596666666369
0.573333332936
0.466666667412
0.483333333085
0.556666667263
0.56333333378
0.600000000248
0.866666667163
0.479999999205
0.693333332737
0.553333333383
0.596666666369
0.5
0.536666666468
0.636666666716
0.596666666369
0.459999999652
0.466666667412
0.739999999603
0.489999999603
0.446666666617
0.489999999603
0.50333333388
0.459999999652
0.480000000447
0.74666666612
0.536666666468
0.679999999702
0.550000000745
0.50333333388
0.519999999553
0.446666666617
0.483333333085
0.446666666617
0.47000000005
0.480000000447
0.536666666468
0.483333334327
0.463333333532
0.489999999603
0.473333332688
0.489999999603
0.479999999205
0.47000000005
0.46666666617
0.770000000795
0.526666666071
0.546666666865
0.490000000844
0.46666666617
0.476666666567
0.486666665723
0.520000000795
0.5
0.52999999995
0.459999999652
0.476666666567
0.483333333085
0.5
0.526666666071
0.483333333085
0.493333333482
0.503333332638
0.473333332688
0.473333333929
0.663333332787
0.546666666865
0.56333333378
0.480000000447
0.543333334227
0.476666666567
0.540000000348
0.573333332936
0.50333333388
0.559999999901
0.473333333929
0.506666666518
0.516666666915
0.53333333383
0.683333333582
0.523333333433
0.46666666617
0.559999999901
0.513333333035
0.596666666369
0.473333333929
0.506666666518
0.833333333333
0.506666666518
0.503333332638
0.763333333035
0.516666666915
0.536666666468
0.480000000447
0.50333333388
0.506666666518
0.5
0.516666666915
0.5
0.959999999652
0.486666666965
0.483333334327
0.5
0.513333333035
0.493333333482
0.643333333234
0.540000000348
0.563333332539
0.489999999603
0.509999999156
0.493333332241
0.493333333482
0.513333333035
0.476666666567
0.490000000844
0.486666666965
0.496666667362
0.490000000844
0.559999999901
0.736666666965
0.553333333383
0.453333333135
0.47000000005
0.480000000447
0.473333333929
0.480000000447
0.43666666622
0.456666667014
0.486666665723
0.903333333631
0.546666666865
0.540000000348
0.473333333929
0.520000000795
0.503333332638
0.489999999603
0.506666666518
0.50333333388
0.526666666071
0.479999999205
0.516666666915
0.506666666518
0.510000000397
0.49666666612
0.576666666816
0.483333333085
0.476666666567
0.5
0.5
0.47000000005
0.47000000005
0.489999999603
0.479999999205
0.480000000447
0.489999999603
0.47000000005
0.476666666567
0.519999999553
0.546666666865
0.510000000397
0.473333333929
0.543333332986
0.876666666319
0.473333332688
0.463333333532
0.47000000005
0.5
0.453333333135
0.476666666567
0.493333333482
0.503333332638
0.486666666965
0.486666666965
0.53333333383
0.586666665971
0.459999999652
0.476666666567
0.473333333929
0.473333332688
0.486666665723
0.550000000745
0.5
0.506666666518
0.523333333433
0.74666666612
0.486666665723
0.476666666567
0.490000000844
0.489999999603
0.486666666965
0.546666665624
0.536666666468
0.456666667014
0.490000000844
0.50333333388
0.636666666716
0.486666666965
0.50333333388
0.556666666021
0.473333332688
0.446666666617
0.629999998957
0.473333333929
0.47000000005
0.453333333135
0.49666666612
0.466666667412
0.506666666518
0.50333333388
0.539999999106
0.510000000397
0.506666666518
0.49666666612
0.456666665773
0.49666666612
0.456666667014
0.47000000005
0.456666667014
0.603333334128
0.516666665673
0.49666666612
0.509999999156
0.510000000397
0.490000000844
0.493333333482
0.483333334327
0.47000000005
0.566666666418
0.546666666865
0.489999999603
0.546666666865
0.493333333482
0.49666666612
0.510000000397
0.489999999603
0.579999999454
0.476666666567
0.580000000695
0.56333333378
0.543333334227
0.449999999255
0.493333333482
0.523333333433
0.49666666612
0.523333333433
0.460000000894
0.49666666612
0.523333333433
0.536666666468
0.489999999603
0.486666665723
0.486666666965
0.513333333035
0.526666667312
0.476666667809
0.68666666622
0.690000000099
0.510000000397
0.506666666518
0.543333332986
0.563333332539
0.556666666021
0.553333333383
0.586666665971
0.47000000005
0.52999999995
0.483333333085
0.493333332241
0.480000000447
0.53333333383
0.513333333035
0.520000000795
0.459999999652
0.513333333035
0.516666666915
0.446666666617
0.47000000005
0.506666666518
0.5
0.49666666612
0.496666667362
0.456666667014
0.480000000447
0.476666666567
0.490000000844
0.47000000005
0.473333333929
0.456666665773
0.463333333532
0.570000000298
0.550000000745
0.493333333482
0.483333333085
0.493333333482
0.516666666915
0.526666667312
0.523333332191
0.5
0.526666667312
0.486666666965
0.516666666915
0.559999999901
0.543333334227
0.46666666617
0.576666666816
0.523333333433
0.493333333482
0.489999999603
0.546666665624
0.473333333929
0.520000000795
0.613333333284
0.506666666518
0.479999999205
0.480000000447
0.5
0.516666665673
0.476666666567
0.473333333929
0.473333333929
0.52999999995
0.52999999995
0.489999999603
0.549999999503
0.740000000844
0.46666666617
0.516666666915
0.469999998808
0.473333332688
0.5
0.526666666071
0.53333333383
0.506666666518
0.479999999205
0.463333333532
0.483333333085
0.473333332688
0.516666666915
0.496666667362
0.460000000894
0.47000000005
1.10666666677
0.493333333482
0.533333332588
0.503333332638
0.50333333388
0.46666666617
0.483333333085
0.5
0.526666666071
0.486666666965
0.489999999603
0.489999999603
0.513333333035
0.540000000348
0.506666666518
0.519999999553
0.510000000397
0.649999999752
0.496666667362
0.493333333482
0.503333332638
0.540000000348
0.496666667362
0.509999999156
0.46333333229
0.486666666965
0.533333332588
0.506666666518
0.559999999901
0.493333333482
0.513333334277
0.47000000005
0.47000000005
0.476666666567
0.523333333433
0.52999999995
0.523333333433
0.5
0.503333332638
0.53333333383
0.510000000397
0.53333333383
0.496666667362
0.490000000844
0.476666666567
0.473333333929
0.456666667014
0.483333333085
0.453333333135
0.483333333085
0.469999998808
0.486666666965
0.47000000005
0.50333333388
0.489999999603
0.463333333532
0.473333333929
0.489999999603
0.46666666617
0.5
0.473333333929
0.510000000397
0.5
0.600000000248
0.5
0.503333332638
0.600000000248
0.516666666915
0.586666665971
0.513333333035
0.486666666965
0.493333332241
0.52999999995
0.446666666617
0.480000000447
0.476666666567
0.46666666617
0.516666666915
0.553333333383
0.473333333929
0.53333333383
0.566666666418
0.539999999106
0.5
0.490000000844
0.449999999255
0.490000000844
0.456666667014
0.459999999652
0.473333333929
0.536666666468
0.479999999205
0.496666667362
0.489999999603
0.456666667014
0.489999999603
0.516666666915
0.589999999851
0.700000000497
0.553333333383
0.536666666468
0.5
0.476666666567
0.5
0.479999999205
0.50333333388
0.503333332638
0.506666666518
0.486666666965
0.476666666567
0.456666667014
0.480000000447
0.479999999205
0.480000000447
0.506666666518
0.583333333333
0.573333334178
0.52999999995
0.539999999106
0.466666667412
0.489999999603
0.546666666865
0.566666666418
0.47000000005
0.536666666468
0.523333333433
0.47000000005
0.506666666518
0.5
0.49666666612
0.459999999652
0.506666666518
0.460000000894
0.5
0.5
0.473333333929
0.476666666567
0.486666666965
0.476666666567
0.483333333085
0.486666666965
0.486666666965
0.513333334277
0.479999999205
0.450000000497
0.489999999603
0.480000000447
0.506666666518
0.493333333482
0.483333333085
0.473333333929
0.463333333532
0.496666667362
0.483333333085
0.476666666567
0.516666666915
0.47000000005
0.489999999603
0.486666666965
0.456666667014
0.47000000005
0.466666667412
0.46666666617
0.670000000546
0.503333332638
0.446666666617
0.479999999205
0.523333333433
0.503333332638
0.466666667412
0.493333333482
0.486666666965
0.506666667759
0.543333332986
0.5
0.5
0.523333333433
0.506666666518
0.523333333433
0.526666667312
0.473333332688
0.459999999652
0.5
0.52999999995
0.569999999056
0.539999999106
0.486666666965
0.610000000646
0.543333332986
0.476666666567
0.52999999995
0.46666666617
0.496666667362
0.450000000497
0.476666666567
0.546666666865
0.47000000005
0.476666666567
0.53333333383
0.456666665773
0.473333333929
0.510000000397
0.480000000447
0.490000000844
0.463333333532
0.50333333388
0.5
0.480000000447
0.519999999553
0.533333332588
0.526666667312
0.463333333532
0.486666665723
0.483333333085
0.893333333234
0.490000000844
0.463333333532
0.486666666965
0.519999999553
0.476666666567
0.506666666518
0.476666666567
0.510000000397
0.489999999603
0.5
0.536666666468
0.47000000005
0.50333333388
0.473333333929
0.486666665723
0.493333333482
0.476666666567
0.5
0.459999999652
0.490000000844
0.526666666071
0.5
0.543333334227
0.559999999901
0.520000000795
0.46666666617
0.480000000447
0.473333333929
0.486666665723
0.443333332737
0.463333333532
0.486666666965
0.453333333135
0.536666666468
0.49666666612
0.59666666761
0.489999999603
0.556666666021
0.563333332539
0.46666666617
0.436666667461
0.473333333929
0.480000000447
0.476666666567
0.473333333929
0.47000000005
0.46666666617
0.510000000397
0.493333333482
0.899999999752
0.46666666617
0.486666665723
0.459999999652
0.480000000447
0.49666666612
0.540000000348
0.573333332936
0.483333333085
0.476666666567
0.5
0.476666666567
0.47000000005
0.476666666567
0.486666665723
0.480000000447
0.46666666617
0.589999999851
0.569999999056
0.543333332986
0.463333333532
0.456666667014
0.536666666468
0.540000000348
0.540000000348
0.483333333085
0.506666666518
0.503333332638
0.559999999901
0.643333333234
0.510000000397
0.453333333135
0.5
0.516666666915
0.546666666865
0.519999999553
0.496666667362
0.46666666617
0.46333333229
0.560000001142
0.506666666518
0.52999999995
0.459999999652
0.450000000497
0.50333333388
0.459999999652
0.486666666965
0.503333332638
0.50333333388
0.489999999603
0.543333332986
0.5
0.5
0.540000000348
0.480000000447
0.546666666865
0.5
0.510000000397
0.486666666965
0.463333333532
0.483333333085
0.47000000005
0.549999999503
0.636666666716
0.519999999553
0.490000000844
0.476666667809
0.459999999652
0.616666667163
0.510000000397
0.496666667362
0.736666666965
0.526666666071
0.473333333929
0.47000000005
0.496666667362
0.556666666021
0.526666666071
0.516666666915
0.49666666612
0.549999999503
0.566666666418
0.476666667809
0.47000000005
0.663333334029
0.523333333433
0.526666666071
0.493333333482
0.483333333085
0.493333332241
0.506666666518
0.473333332688
0.513333333035
0.526666667312
0.506666666518
0.443333332737
0.476666666567
0.463333333532
0.506666666518
0.459999999652
0.483333333085
0.479999999205
0.459999999652
0.473333333929
0.473333333929
0.483333333085
0.703333333135
0.466666667412
0.513333333035
0.493333333482
0.490000000844
0.513333334277
0.523333333433
0.656666667511
0.483333333085
0.466666667412
0.683333333582
0.559999999901
0.5
0.5
0.526666667312
0.50333333388
0.466666667412
0.863333333284
0.496666667362
0.516666666915
0.47000000005
0.519999999553
0.550000000745
0.459999999652
0.473333332688
0.490000000844
0.489999999603
0.466666667412
0.50333333388
0.489999999603
0.50333333388
0.483333334327
0.513333334277
0.543333332986
0.53333333383
0.456666667014
0.5
0.456666667014
0.516666665673
0.463333333532
0.576666666816
0.483333333085
0.483333333085
0.469999998808
0.5
0.463333333532
0.739999999603
0.516666666915
0.490000000844
0.493333333482
0.553333333383
0.519999999553
0.47000000005
0.486666666965
0.463333333532
0.506666666518
0.5
0.493333333482
0.47000000005
0.743333333482
0.513333333035
0.483333333085
0.503333332638
0.476666666567
0.486666666965
0.486666666965
0.5
0.520000000795
0.526666666071
0.526666666071
0.526666666071
0.52999999995
0.510000000397
0.496666667362
0.5
0.49666666612
0.520000000795
0.540000000348
0.5
0.47000000005
0.75
0.460000000894
0.480000000447
0.623333333681
0.509999999156
0.536666666468
0.533333332588
0.480000000447
0.473333332688
0.483333333085
0.5
0.559999999901
0.486666666965
0.5
0.540000000348
0.483333334327
0.480000000447
0.486666666965
0.52999999995
0.526666667312
0.609999999404
0.509999999156
0.483333333085
0.490000000844
0.473333333929
0.473333333929
0.590000001093
0.5
0.506666666518
0.47000000005
0.463333333532
0.473333332688
0.46666666617
0.493333333482
0.456666667014
0.473333332688
0.473333333929
0.49666666612
0.533333332588
0.56333333378
0.549999999503
0.56333333378
0.47000000005
0.526666667312
0.526666666071
0.50333333388
0.516666666915
0.479999999205
0.446666666617
0.50333333388
0.553333333383
0.53666666771
0.516666666915
0.543333332986
0.489999999603
0.489999999603
0.493333333482
0.50333333388
0.49666666612
0.476666666567
0.456666667014
0.483333333085
0.5
0.509999999156
0.47000000005
0.473333332688
0.506666666518
0.72000000005
0.47000000005
0.496666667362
0.476666666567
0.506666666518
0.540000000348
0.506666666518
0.5
0.5
0.473333333929
0.510000000397
0.5
0.46666666617
0.486666666965
0.573333332936
0.486666666965
0.480000000447
0.52999999995
0.456666665773
0.46666666617
0.5
0.546666666865
0.526666667312
0.486666666965
0.510000000397
0.520000000795
0.540000000348
0.479999999205
0.46666666617
0.493333333482
0.513333333035
0.506666666518
0.480000000447
0.450000000497
0.486666666965
0.473333332688
0.473333332688
0.46666666617
0.543333332986
0.476666666567
0.459999999652
0.490000000844
0.476666666567
0.613333333284
0.473333332688
0.50333333388
0.516666666915
0.46666666617
0.466666667412
0.489999999603
0.47000000005
0.489999999603
0.603333332886
0.526666666071
0.52999999995
0.49666666612
0.446666666617
0.49666666612
0.49666666612
0.469999998808
0.483333333085
0.579999999454
0.486666666965
0.476666666567
0.476666666567
0.486666666965
0.506666666518
0.510000000397
0.543333332986
0.486666665723
0.519999999553
0.523333333433
0.773333333433
0.5
0.46666666617
0.486666665723
0.47000000005
0.480000000447
0.490000000844
0.473333333929
0.480000000447
0.493333333482
0.513333333035
0.513333333035
0.490000000844
0.533333332588
0.516666666915
0.879999998957
0.493333333482
0.536666666468
0.526666666071
0.523333333433
0.49666666612
0.463333333532
0.446666666617
0.46666666617
0.513333334277
0.496666667362
0.476666666567
0.503333332638
0.493333333482
0.483333334327
0.479999999205
0.483333333085
0.47000000005
0.476666666567
0.49666666612
0.506666667759
0.476666666567
0.506666666518
0.520000000795
0.566666666418
0.473333333929
0.473333333929
0.463333333532
0.5
0.46666666617
0.456666665773
0.503333332638
0.49666666612
0.49666666612
0.486666666965
0.476666666567
0.489999999603
0.68666666622
0.613333333284
0.509999999156
0.519999999553
0.496666667362
0.49666666612
0.490000000844
0.506666666518
0.480000000447
0.636666666716
0.506666666518
0.519999999553
0.47000000005
0.506666666518
0.433333333582
0.516666666915
0.486666666965
0.496666667362
0.603333332886
0.483333333085
0.473333332688
0.46666666617
0.493333332241
0.506666666518
0.506666666518
0.496666667362
0.49666666612
0.490000000844
0.526666666071
0.453333333135
0.523333333433
0.543333332986
0.480000000447
0.546666666865
0.489999999603
0.473333333929
0.479999999205
0.47000000005
0.480000000447
0.489999999603
0.549999999503
0.493333332241
0.476666666567
0.490000000844
0.513333334277
0.446666666617
0.493333333482
0.483333333085
0.49666666612
0.476666666567
0.506666666518
0.473333333929
0.473333333929
0.5
0.526666667312
0.483333333085
0.443333333979
0.5
0.550000000745
0.466666667412
0.566666666418
0.480000000447
0.473333332688
0.486666666965
0.47000000005
0.47000000005
0.476666666567
0.446666666617
0.493333333482
0.47000000005
0.453333333135
0.496666667362
0.480000000447
0.463333333532
0.476666666567
0.459999999652
0.493333333482
0.53666666771
0.506666666518
0.493333333482
0.489999999603
0.489999999603
0.493333333482
0.479999999205
0.489999999603
0.523333333433
0.493333333482
0.556666666021
0.47000000005
0.526666667312
0.496666667362
0.493333333482
0.473333332688
0.506666666518
0.50333333388
0.466666667412
0.516666665673
0.52999999995
0.5
0.523333333433
0.666666666667
0.570000000298
0.606666666766
0.463333333532
0.473333333929
0.506666666518
0.483333333085
0.483333334327
0.480000000447
0.516666666915
0.513333333035
0.5
0.519999999553
0.483333333085
0.476666666567
0.686666667461
0.510000000397
0.47000000005
0.486666666965
0.496666667362
0.46666666617
0.46666666617
0.473333332688
0.489999999603
0.47000000005
0.486666665723
0.483333333085
0.506666666518
0.47000000005
0.453333333135
0.506666666518
0.489999999603
0.480000000447
0.463333333532
0.526666666071
0.480000000447
0.476666666567
0.473333332688
0.473333332688
0.493333333482
0.486666665723
0.539999999106
0.480000000447
0.493333333482
0.456666667014
0.480000000447
0.489999999603
0.503333332638
0.543333334227
0.47000000005
0.473333333929
0.486666666965
0.49666666612
0.553333333383
0.480000000447
0.483333333085
0.486666665723
0.49666666612
0.480000000447
0.506666666518
0.456666667014
0.47000000005
0.493333333482
0.519999999553
0.516666666915
0.49666666612
0.503333332638
0.483333334327
0.496666667362
0.553333333383
0.476666666567
0.526666667312
0.47000000005
0.463333333532
0.486666665723
0.503333332638
0.513333333035
0.47000000005
0.47000000005
0.463333333532
0.506666666518
0.480000000447
0.546666666865
0.569999999056
0.486666666965
0.46333333229
0.493333333482
0.486666666965
0.526666666071
0.53333333383
0.483333334327
0.503333332638
0.473333332688
0.516666666915
0.519999999553
0.476666666567
0.476666666567
0.506666666518
0.446666666617
0.526666667312
0.543333332986
0.5
0.516666666915
0.513333334277
0.593333332489
0.493333333482
0.570000000298
0.510000000397
0.49666666612
0.47000000005
0.483333333085
0.46666666617
0.526666666071
0.486666666965
0.473333332688
0.480000000447
0.5
0.510000000397
0.509999999156
0.519999999553
0.516666666915
0.476666666567
0.480000000447
0.526666666071
0.47000000005
0.483333334327
0.466666667412
0.49666666612
0.453333334376
0.460000000894
0.456666667014
0.480000000447
0.493333333482
0.450000000497
0.47000000005
0.456666665773
0.903333333631
0.506666666518
0.513333333035
0.493333333482
0.480000000447
0.513333334277
0.483333334327
0.490000000844
0.526666666071
0.703333334376
0.576666666816
0.47000000005
0.469999998808
0.510000000397
0.490000000844
0.463333333532
0.480000000447
0.476666667809
0.513333333035
0.49666666612
0.546666666865
0.506666666518
0.600000000248
0.480000000447
0.496666667362
0.489999999603
0.49666666612
0.476666666567
0.486666666965
0.510000000397
0.46333333229
0.516666666915
0.456666667014
0.493333333482
0.476666666567
0.476666666567
0.466666667412
0.483333334327
0.50333333388
0.570000000298
0.453333333135
0.483333333085
0.486666665723
0.476666666567
0.476666666567
0.480000000447
0.503333332638
0.520000000795
0.743333333482
0.546666666865
0.453333333135
0.483333333085
0.489999999603
0.610000000646
0.52999999995
0.510000000397
0.479999999205
0.513333333035
0.533333332588
0.5
0.46666666617
0.513333333035
0.516666666915
0.506666667759
0.5
0.543333334227
0.476666666567
0.516666666915
0.526666667312
0.516666666915
0.516666665673
0.483333334327
0.446666666617
0.479999999205
0.473333332688
0.47000000005
0.486666666965
0.490000000844
0.580000000695
0.510000000397
0.46666666617
0.52999999995
0.489999999603
0.490000000844
0.459999999652
0.473333333929
0.483333333085
0.533333332588
0.46333333229
0.49666666612
0.493333333482
0.516666666915
0.489999999603
0.493333333482
0.463333333532
0.483333334327
0.5
0.476666666567
0.513333333035
0.456666665773
0.510000000397
0.496666667362
0.489999999603
0.476666667809
0.466666667412
0.493333333482
0.466666667412
0.47000000005
0.526666666071
0.479999999205
0.496666667362
0.490000000844
0.453333333135
0.543333332986
0.519999999553
0.47000000005
0.506666666518
0.49666666612
0.50333333388
0.47000000005
0.490000000844
0.47000000005
0.46666666617
0.446666666617
0.52999999995
0.563333332539
0.489999999603
0.513333333035
0.489999999603
0.50333333388
0.5
0.530000001192
0.626666666319
0.463333333532
0.453333334376
0.476666666567
0.52999999995
0.5
0.480000000447
0.459999999652
0.586666665971
0.510000000397
0.516666666915
0.553333333383
0.486666666965
0.546666665624
0.50333333388
0.473333333929
0.486666666965
0.516666665673
0.526666666071
0.460000000894
0.480000000447
0.47000000005
0.506666666518
0.483333334327
0.506666666518
0.486666666965
0.52999999995
0.503333332638
0.489999999603
0.5
0.489999999603
0.5
0.46666666617
0.520000000795
0.52999999995
0.576666666816
0.503333332638
0.516666666915
0.526666667312
0.539999999106
0.553333333383
0.463333333532
0.486666666965
0.489999999603
0.49666666612
0.480000000447
0.513333334277
0.506666666518
0.50333333388
0.466666667412
0.460000000894
0.483333333085
0.476666666567
0.480000000447
0.489999999603
0.486666666965
0.436666667461
0.493333333482
0.463333333532
0.459999999652
0.490000000844
0.503333332638
0.519999999553
0.459999999652
0.506666666518
0.489999999603
0.560000001142
0.479999999205
0.519999999553
0.466666667412
0.52999999995
0.46333333229
0.489999999603
0.489999999603
0.493333333482
0.493333333482
0.496666667362
0.513333333035
0.566666666418
0.75
0.483333333085
0.506666666518
0.463333333532
0.523333333433
0.456666667014
0.47000000005
0.49666666612
0.559999999901
0.463333333532
0.503333332638
0.539999999106
0.493333333482
0.486666666965
0.480000000447
0.493333333482
0.509999999156
0.5
0.549999999503
0.523333333433
0.46666666617
0.566666666418
0.519999999553
0.49666666612
0.489999999603
0.50333333388
0.556666667263
0.49666666612
0.486666665723
0.49666666612
0.459999999652
0.480000000447
0.46333333229
0.68666666622
0.46666666617
0.479999999205
0.480000000447
0.483333333085
0.483333333085
0.486666666965
0.52999999995
0.47000000005
0.559999999901
0.5
0.513333333035
0.519999999553
0.506666666518
0.493333333482
0.486666666965
0.46666666617
0.456666667014
0.52999999995
0.5
0.516666666915
0.516666666915
0.503333332638
0.486666666965
0.516666666915
0.536666666468
0.489999999603
0.47000000005
0.476666666567
0.483333333085
0.479999999205
0.480000000447
0.473333333929
0.47000000005
0.47000000005
0.46333333229
0.483333333085
0.510000000397
0.580000000695
0.510000000397
0.476666666567
0.506666666518
0.476666666567
0.446666666617
0.49666666612
0.460000000894
0.493333333482
0.493333333482
0.480000000447
0.476666666567
0.463333333532
0.636666666716
0.536666666468
0.473333333929
0.516666666915
0.5
0.520000000795
0.459999999652
0.47000000005
0.509999999156
0.460000000894
0.513333333035
0.476666667809
0.520000000795
0.476666666567
0.5
0.483333333085
0.540000000348
0.479999999205
0.490000000844
0.506666666518
0.456666665773
0.456666667014
0.503333332638
0.52999999995
0.520000000795
0.50333333388
0.493333333482
0.493333333482
0.5
0.513333333035
0.526666666071
0.489999999603
0.480000000447
0.540000000348
0.839999999851
0.576666665574
0.466666667412
0.473333333929
0.510000000397
0.519999999553
0.473333332688
0.510000000397
0.486666666965
0.5
0.46666666617
0.473333332688
0.493333333482
0.459999999652
0.456666667014
0.480000000447
0.46666666617
0.536666666468
0.523333333433
0.450000000497
0.46666666617
0.456666667014
0.466666667412
0.50333333388
0.516666666915
0.503333332638
0.486666666965
0.463333333532
0.456666665773
0.493333333482
0.476666666567
0.480000000447
0.47000000005
0.5
0.466666667412
0.473333332688
0.486666666965
0.519999999553
0.683333333582
0.883333332837
0.463333333532
0.489999999603
0.486666666965
0.473333333929
0.476666666567
0.483333333085
0.46666666617
0.46333333229
0.43666666622
0.463333333532
0.480000000447
0.453333333135
0.506666666518
0.5
0.460000000894
0.523333332191
0.46666666617
0.483333333085
0.513333333035
0.606666666766
0.493333333482
0.486666666965
0.486666666965
0.459999999652
0.47000000005
0.5
0.513333333035
0.50333333388
0.519999999553
0.483333333085
0.47000000005
0.47000000005
0.5
0.509999999156
0.619999999801
0.463333333532
0.459999999652
0.473333332688
0.520000000795
0.583333333333
0.570000000298
0.506666666518
0.520000000795
0.46666666617
0.483333333085
0.520000000795
0.546666666865
0.543333332986
0.476666666567
0.473333332688
0.540000000348
0.483333333085
0.476666666567
0.47000000005
0.486666666965
0.473333332688
0.523333333433
0.47000000005
0.50333333388
0.513333334277
0.523333333433
0.473333333929
0.656666667511
0.496666667362
0.486666666965
0.47000000005
0.486666666965
0.480000000447
0.510000000397
0.480000000447
0.473333333929
0.533333332588
0.5
0.50333333388
0.493333333482
0.490000000844
0.463333333532
0.480000000447
0.506666667759
0.5
0.47000000005
0.476666666567
0.449999999255
0.483333334327
0.473333333929
0.536666666468
0.469999998808
0.486666666965
0.476666667809
0.656666666269
0.510000000397
0.5
0.450000000497
0.463333333532
0.490000000844
0.516666666915
0.5
0.486666666965
0.479999999205
0.480000000447
0.550000000745
0.536666666468
0.513333333035
0.53666666771
0.559999999901
0.566666666418
0.513333334277
0.463333333532
0.486666666965
0.466666667412
0.493333332241
0.52999999995
0.47000000005
0.493333333482
0.483333333085
0.460000000894
0.466666667412
0.453333333135
0.473333332688
0.486666666965
0.483333333085
0.476666666567
0.480000000447
0.503333332638
0.493333333482
0.480000000447
0.503333332638
0.486666666965
0.476666666567
0.606666666766
0.5
0.473333332688
0.486666665723
0.489999999603
0.513333333035
0.476666667809
0.5
0.460000000894
0.49666666612
0.50333333388
0.483333333085
0.490000000844
0.480000000447
0.5
0.513333333035
0.5
0.506666666518
0.49666666612
0.493333333482
0.490000000844
0.446666666617
0.480000000447
0.536666666468
0.476666666567
0.483333333085
0.463333333532
0.463333333532
0.539999999106
0.49666666612
0.519999999553
0.490000000844
0.516666666915
0.47000000005
0.483333333085
0.489999999603
0.473333333929
0.473333333929
0.513333333035
0.483333333085
0.479999999205
0.503333332638
0.460000000894
0.493333333482
0.506666666518
0.490000000844
0.549999999503
0.539999999106
0.546666665624
0.580000000695
0.520000000795
0.520000000795
0.463333333532
0.496666667362
0.466666667412
0.483333333085
0.483333333085
0.516666666915
0.506666667759
0.513333333035
0.483333333085
0.513333333035
0.490000000844
0.463333333532
0.493333333482
0.476666666567
0.49666666612
0.506666666518
0.5
0.503333332638
0.513333333035
0.483333333085
0.453333333135
0.483333333085
0.516666666915
0.53333333383
0.510000000397
0.489999999603
0.47000000005
0.476666666567
0.489999999603
0.489999999603
0.510000000397
0.46666666617
0.510000000397
0.656666667511
0.516666666915
0.493333333482
0.496666667362
0.523333333433
0.53333333383
0.50333333388
0.5
0.513333333035
0.526666666071
0.513333333035
0.5
0.513333333035
0.510000000397
0.513333333035
0.5
0.536666666468
0.506666666518
0.536666666468
0.506666666518
0.489999999603
0.606666666766
0.456666665773
0.483333333085
0.546666666865
0.483333333085
0.5
0.516666665673
0.540000000348
0.489999999603
0.483333333085
0.5
0.50333333388
0.489999999603
0.570000000298
0.5
0.510000000397
0.503333332638
0.5
0.526666666071
0.556666667263
0.5
0.483333333085
0.530000001192
0.473333333929
0.520000000795
0.543333332986
0.516666665673
0.523333333433
0.546666666865
0.566666666418
0.580000000695
0.706666667014
0.510000000397
0.486666665723
0.513333333035
0.483333333085
0.480000000447
0.52999999995
0.52999999995
0.56333333378
0.486666665723
0.493333333482
0.5
0.520000000795
0.499999998758
0.483333333085
0.493333333482
0.483333334327
0.523333333433
0.496666667362
0.493333332241
0.463333333532
0.553333333383
0.460000000894
0.47000000005
0.489999999603
0.459999999652
0.516666666915
0.556666666021
0.506666666518
0.566666666418
0.559999999901
0.47000000005
0.483333333085
0.473333332688
0.466666667412
0.483333333085
0.510000000397
0.473333333929
0.5
0.543333334227
0.526666666071
0.540000000348
0.509999999156
0.483333333085
0.56666666766
0.46666666617
0.53333333383
0.493333332241
0.546666665624
0.52999999995
0.519999999553
0.49666666612
0.50333333388
0.476666666567
0.476666666567
0.476666666567
0.506666667759
0.486666666965
0.483333333085
0.493333332241
0.526666666071
0.489999999603
0.510000000397
0.489999999603
0.5
0.510000000397
0.493333333482
0.47000000005
0.456666667014
0.476666667809
0.476666666567
0.463333333532
0.453333333135
0.509999999156
0.460000000894
0.520000000795
0.490000000844
0.550000000745
0.510000000397
0.490000000844
0.463333333532
0.489999999603
0.486666666965
0.53333333383
0.47000000005
0.456666667014
0.519999999553
0.49666666612
0.5
0.463333333532
0.476666666567
0.483333333085
0.479999999205
0.509999999156
0.59666666761
0.49666666612
0.536666666468
0.53333333383
0.536666666468
0.47000000005
0.513333333035
0.526666667312
0.53333333383
0.479999999205
0.526666667312
0.476666666567
0.486666665723
0.510000000397
0.536666666468
0.569999999056
0.46333333229
0.493333333482
0.473333333929
0.49666666612
0.489999999603
0.520000000795
0.646666667114
0.476666666567
0.483333333085
0.49666666612
0.540000000348
0.50333333388
0.540000000348
0.526666666071
0.480000000447
0.489999999603
0.480000000447
0.490000000844
0.5
0.50333333388
0.519999999553
0.473333332688
0.506666666518
0.486666666965
0.493333333482
0.486666665723
0.573333332936
0.489999999603
0.47000000005
0.476666666567
0.523333333433
0.510000000397
0.483333334327
0.513333333035
0.5
0.516666666915
0.50333333388
0.493333333482
0.453333333135
0.483333333085
0.506666666518
0.546666665624
0.570000000298
0.50333333388
0.473333332688
0.496666667362
0.496666667362
0.473333333929
0.483333333085
0.493333333482
0.623333333681
0.600000000248
0.519999999553
0.626666666319
0.516666665673
0.483333333085
0.473333332688
0.636666666716
0.553333333383
0.523333333433
0.460000000894
0.486666666965
0.519999999553
0.5
0.479999999205
0.489999999603
0.479999999205
0.533333332588
0.463333333532
0.536666666468
0.486666666965
0.47000000005
0.476666666567
0.483333333085
0.459999999652
0.476666666567
0.47000000005
0.520000000795
0.486666666965
0.480000000447
0.479999999205
0.526666667312
0.483333333085
0.493333333482
0.5
0.496666667362
0.47000000005
0.453333333135
0.493333333482
0.513333333035
0.459999999652
0.486666665723
0.513333334277
0.480000000447
0.480000000447
0.486666666965
0.486666666965
0.516666665673
0.503333332638
0.540000000348
0.493333333482
0.540000000348
0.5
0.483333333085
0.49666666612
0.509999999156
0.46666666617
0.453333334376
0.463333333532
0.513333334277
0.496666667362
0.486666665723
0.456666667014
0.52999999995
0.50333333388
0.52999999995
0.580000000695
0.536666666468
0.493333333482
0.47000000005
0.476666666567
0.510000000397
0.509999999156
0.519999999553
0.50333333388
0.503333332638
0.519999999553
0.473333332688
0.510000000397
0.486666666965
0.549999999503
0.46333333229
0.459999999652
0.489999999603
0.513333333035
0.513333333035
0.459999999652
0.466666667412
0.519999999553
0.523333333433
0.52999999995
0.480000000447
0.480000000447
0.480000000447
0.453333333135
0.476666666567
0.47000000005
0.533333332588
0.47000000005
0.453333333135
0.459999999652
0.473333332688
0.47000000005
0.483333334327
0.47000000005
0.479999999205
0.473333332688
0.473333333929
0.473333332688
0.489999999603
0.519999999553
0.486666666965
0.483333333085
0.480000000447
0.456666667014
0.479999999205
0.496666667362
0.480000000447
0.483333333085
0.493333333482
0.496666667362
0.493333333482
0.506666666518
0.516666666915
0.510000000397
0.453333333135
0.5
0.483333333085
0.493333333482
0.483333333085
0.46666666617
0.46666666617
0.47000000005
0.47000000005
0.453333333135
0.463333333532
0.519999999553
0.493333333482
0.47000000005
0.486666666965
0.5
0.490000000844
0.446666666617
0.479999999205
0.473333333929
0.493333333482
0.519999999553
0.546666666865
0.546666666865
0.449999999255
0.493333333482
0.540000000348
0.550000000745
0.436666667461
0.483333333085
0.476666666567
0.47000000005
0.516666666915
0.463333333532
0.459999999652
0.460000000894
0.490000000844
0.519999999553
0.506666666518
0.770000000795
0.483333333085
0.539999999106
0.5
0.593333332489
0.483333333085
0.510000000397
0.519999999553
0.493333333482
0.486666666965
0.540000000348
0.463333333532
0.50333333388
0.699999999255
0.476666666567
0.510000000397
0.539999999106
0.503333332638
0.600000000248
0.493333333482
0.496666667362
0.526666667312
0.489999999603
0.473333333929
0.513333333035
0.526666666071
0.523333333433
0.506666666518
0.50333333388
0.5
0.483333333085
0.493333333482
0.476666666567
0.476666666567
0.47000000005
0.496666667362
0.47000000005
0.483333333085
0.473333333929
0.486666666965
0.453333333135
0.513333333035
0.493333332241
0.489999999603
0.483333334327
0.579999999454
0.556666667263
0.526666667312
0.556666666021
0.473333332688
0.453333333135
0.543333332986
0.490000000844
0.49666666612
0.506666667759
0.479999999205
0.473333332688
0.47000000005
0.559999999901
0.510000000397
0.52999999995
0.510000000397
0.489999999603
0.5
0.443333332737
0.46666666617
0.539999999106
0.519999999553
0.506666666518
0.483333333085
0.490000000844
0.506666666518
0.486666665723
0.506666666518
0.523333332191
0.460000000894
0.473333332688
0.493333332241
0.486666666965
0.469999998808
0.493333333482
0.47000000005
0.489999999603
0.50333333388
0.493333333482
0.493333333482
0.516666665673
0.5
0.526666666071
0.463333333532
0.476666666567
0.479999999205
0.483333334327
0.476666666567
0.490000000844
0.52999999995
0.513333333035
0.50333333388
0.52999999995
0.550000000745
0.52999999995
0.556666666021
0.650000000993
0.530000001192
0.519999999553
0.869999999801
0.493333332241
0.493333333482
0.50333333388
0.549999999503
0.52999999995
0.480000000447
0.493333333482
0.489999999603
0.550000000745
0.546666666865
0.513333333035
0.496666667362
0.5
0.510000000397
0.476666666567
0.493333332241
0.463333333532
0.480000000447
0.476666667809
0.473333332688
0.5
0.496666667362
0.50333333388
0.493333333482
0.480000000447
0.473333332688
0.520000000795
0.483333334327
0.533333332588
0.473333332688
0.473333333929
0.519999999553
0.490000000844
0.516666666915
0.473333333929
0.489999999603
0.466666667412
0.46666666617
0.606666666766
0.46666666617
0.483333334327
0.510000000397
0.626666666319
0.513333333035
0.456666667014
0.480000000447
0.486666666965
0.476666666567
0.516666666915
0.49666666612
0.486666666965
0.486666665723
0.509999999156
0.5
0.506666666518
0.52999999995
0.570000000298
0.52999999995
0.483333333085
0.453333333135
0.503333332638
0.486666666965
0.489999999603
0.489999999603
0.50333333388
0.566666666418
0.46666666617
0.463333333532
0.483333333085
0.49666666612
0.526666667312
0.579999999454
0.476666666567
0.516666665673
0.480000000447
0.503333332638
0.506666666518
0.5
0.513333333035
0.640000000596
0.46666666617
0.486666666965
0.516666666915
0.493333333482
0.483333334327
0.5
0.543333332986
0.473333332688
0.483333333085
0.46666666617
0.513333334277
0.523333333433
0.503333332638
0.473333333929
0.496666667362
0.493333332241
0.609999999404
0.476666666567
0.473333333929
0.479999999205
0.530000001192
0.46666666617
0.510000000397
0.506666666518
0.476666666567
0.473333333929
0.453333333135
0.460000000894
0.483333333085
0.483333333085
0.473333333929
0.47000000005
0.52999999995
0.476666666567
0.523333333433
0.483333333085
0.463333333532
0.46666666617
0.486666666965
0.459999999652
0.47000000005
0.476666666567
0.49666666612
0.513333334277
0.473333332688
0.49666666612
0.506666666518
0.503333332638
0.46666666617
0.486666665723
0.52999999995
0.483333333085
0.483333333085
0.49666666612
0.47000000005
0.480000000447
0.463333333532
0.489999999603
0.473333333929
0.50333333388
0.486666666965
0.47000000005
0.460000000894
0.476666666567
0.47000000005
0.486666666965
0.489999999603
0.49666666612
0.593333332489
0.480000000447
0.489999999603
0.5
0.49666666612
0.50333333388
0.516666665673
0.523333333433
0.523333333433
0.533333332588
0.5
0.5
0.483333333085
0.493333333482
0.556666666021
0.450000000497
0.493333333482
0.463333333532
0.5
0.459999999652
0.489999999603
0.523333333433
0.506666666518
0.523333333433
0.493333333482
0.440000000099
0.613333333284
0.473333332688
0.483333333085
0.47000000005
0.480000000447
0.496666667362
0.49666666612
0.53333333383
0.533333332588
0.46666666617
0.490000000844
0.476666667809
0.473333333929
0.523333333433
0.480000000447
0.539999999106
0.473333332688
0.523333333433
0.533333332588
0.523333333433
0.513333334277
0.513333333035
0.479999999205
0.47000000005
0.456666667014
0.489999999603
0.473333333929
0.456666667014
0.53666666771
0.52999999995
0.486666665723
0.443333333979
0.543333332986
0.556666666021
0.52999999995
0.523333333433
0.553333333383
0.476666666567
0.493333333482
0.476666666567
0.463333333532
0.493333333482
0.440000000099
0.476666666567
0.506666666518
0.5
0.47000000005
0.473333333929
0.476666666567
0.506666666518
0.50333333388
0.506666666518
0.493333333482
0.536666666468
0.516666665673
0.486666666965
0.473333332688
0.483333333085
0.670000000546
0.486666665723
0.493333333482
0.493333333482
0.490000000844
0.516666666915
0.543333334227
0.546666666865
0.513333333035
0.5
0.75
0.483333333085
0.47000000005
0.47000000005
0.526666667312
0.47000000005
0.453333333135
0.473333332688
0.5
0.47000000005
0.456666667014
0.47000000005
0.486666666965
0.513333333035
0.50333333388
0.473333333929
0.473333333929
0.483333334327
0.486666665723
0.5
0.50333333388
0.486666665723
0.473333332688
0.463333333532
0.523333333433
0.540000000348
0.540000000348
0.510000000397
0.483333333085
0.5
0.49666666612
0.489999999603
0.486666666965
0.483333333085
0.506666666518
0.503333332638
0.516666665673
0.486666666965
0.493333333482
0.510000000397
0.503333332638
0.480000000447
0.489999999603
0.496666667362
0.496666667362
0.5
0.489999999603
0.46666666617
0.519999999553
0.506666667759
0.486666666965
0.483333334327
0.483333333085
0.486666665723
0.480000000447
0.489999999603
0.506666666518
0.486666665723
0.50333333388
0.526666667312
0.480000000447
0.540000000348
0.450000000497
0.46333333229
0.493333333482
0.646666665872
0.540000000348
0.486666666965
0.47000000005
0.476666666567
0.473333333929
0.483333333085
0.50333333388
0.47000000005
0.473333333929
0.543333332986
0.483333333085
0.506666666518
0.473333333929
0.466666667412
0.483333333085
0.459999999652
0.466666667412
0.493333333482
0.46666666617
0.493333333482
0.47000000005
0.47000000005
0.5
0.473333332688
0.456666665773
0.463333333532
0.776666666071
0.486666665723
0.47000000005
0.483333333085
0.486666666965
0.520000000795
0.473333333929
0.479999999205
0.516666666915
0.566666666418
0.47000000005
0.47000000005
0.510000000397
0.486666666965
0.493333333482
0.47000000005
0.549999999503
0.53333333383
0.510000000397
0.473333332688
0.520000000795
0.540000000348
0.459999999652
0.493333333482
0.513333334277
0.49666666612
0.519999999553
0.5
0.510000000397
0.50333333388
0.543333332986
0.483333333085
0.489999999603
0.463333333532
0.459999999652
0.486666666965
0.52999999995
0.489999999603
0.516666665673
0.463333333532
0.483333333085
0.483333334327
0.46666666617
0.466666667412
0.513333333035
0.506666666518
0.486666666965
0.519999999553
0.516666666915
0.509999999156
0.47000000005
0.47000000005
0.5
0.486666665723
0.47000000005
0.46666666617
0.466666667412
0.473333332688
0.47000000005
0.476666666567
0.463333333532
0.493333333482
0.476666666567
0.443333332737
0.489999999603
0.493333333482
0.490000000844
0.486666666965
0.489999999603
0.476666666567
0.489999999603
0.483333333085
0.510000000397
0.47000000005
0.49666666612
0.5
0.519999999553
0.509999999156
0.5
0.489999999603
0.523333333433
0.486666666965
0.543333334227
0.450000000497
0.493333333482
0.509999999156
0.479999999205
0.516666666915
0.453333333135
0.5
0.450000000497
0.503333332638
0.539999999106
0.503333332638
0.453333333135
0.460000000894
0.483333333085
0.519999999553
0.450000000497
0.453333334376
0.46666666617
0.536666666468
0.479999999205
0.476666666567
0.493333333482
0.519999999553
0.486666666965
0.506666667759
0.606666666766
0.640000000596
0.543333334227
0.493333333482
0.506666666518
0.50333333388
0.506666666518
0.5
0.546666665624
0.483333334327
0.473333332688
0.466666667412
0.463333333532
0.476666666567
0.480000000447
0.46666666617
0.483333333085
0.453333333135
0.480000000447
0.5
0.473333332688
0.463333333532
0.5
0.483333334327
0.46666666617
0.496666667362
0.483333333085
0.480000000447
0.46666666617
0.5
0.46666666617
0.463333333532
0.473333333929
0.453333333135
0.480000000447
0.47000000005
0.510000000397
0.523333333433
0.456666667014
0.480000000447
0.473333333929
0.493333333482
0.47000000005
0.509999999156
0.506666667759
0.480000000447
0.483333333085
0.463333333532
0.489999999603
0.486666665723
0.456666665773
0.46666666617
0.513333334277
0.519999999553
0.50333333388
0.47000000005
0.463333333532
0.46666666617
0.47000000005
0.646666667114
0.46666666617
0.476666666567
0.479999999205
0.483333333085
0.516666666915
0.546666666865
0.523333333433
0.480000000447
0.459999999652
0.476666666567
0.503333332638
0.49666666612
0.490000000844
0.513333333035
0.480000000447
0.460000000894
0.5
0.509999999156
0.506666666518
0.453333333135
0.49666666612
0.493333333482
0.496666667362
0.506666666518
0.526666666071
0.46666666617
0.473333332688
0.486666666965
0.46666666617
0.476666666567
0.493333333482
0.576666666816
0.459999999652
0.480000000447
0.490000000844
0.476666666567
0.480000000447
0.473333333929
0.473333333929
0.486666665723
0.463333333532
0.486666666965
0.49666666612
0.533333332588
0.516666666915
0.476666666567
0.68666666622
0.840000001093
0.526666666071
0.459999999652
0.540000000348
0.663333332787
0.516666666915
0.493333333482
0.493333333482
0.466666667412
0.456666665773
0.506666666518
0.49666666612
0.489999999603
0.489999999603
0.523333333433
0.463333333532
0.553333333383
0.47000000005
0.473333333929
0.533333332588
0.449999999255
0.463333333532
0.483333333085
0.476666666567
0.47000000005
0.476666666567
0.463333333532
0.490000000844
0.510000000397
0.496666667362
0.46666666617
0.453333333135
0.480000000447
0.519999999553
0.490000000844
0.486666666965
0.5
0.489999999603
0.479999999205
0.480000000447
0.483333333085
0.493333333482
0.49666666612
0.453333333135
0.570000000298
0.483333333085
0.513333333035
0.490000000844
0.493333333482
0.483333333085
0.50333333388
0.53333333383
0.53333333383
0.486666666965
0.476666666567
0.483333333085
0.493333333482
0.503333332638
0.516666665673
0.493333333482
0.489999999603
0.523333333433
0.489999999603
0.483333333085
0.536666666468
0.506666666518
0.5
0.49666666612
0.493333333482
0.516666666915
0.493333333482
0.5
0.5
0.509999999156
0.480000000447
0.47000000005
0.496666667362
0.493333333482
0.456666667014
0.483333333085
0.49666666612
0.483333333085
0.503333332638
0.483333333085
0.463333333532
0.496666667362
0.513333333035
0.5
0.453333333135
0.466666667412
0.486666666965
0.486666666965
0.466666667412
0.52999999995
0.486666666965
0.516666666915
0.483333333085
0.5
0.486666666965
0.520000000795
0.556666666021
0.46666666617
0.49666666612
0.603333332886
0.50333333388
0.453333333135
0.476666666567
0.480000000447
0.473333333929
0.480000000447
0.473333332688
0.476666666567
0.463333333532
0.466666667412
0.473333332688
0.456666665773
0.489999999603
0.490000000844
0.506666666518
0.50333333388
0.473333333929
0.473333333929
0.50333333388
0.539999999106
0.533333332588
0.489999999603
0.483333333085
0.5
0.493333333482
0.486666665723
0.49666666612
0.543333334227
0.486666666965
0.47000000005
0.49666666612
0.486666666965
0.476666666567
0.466666667412
0.486666666965
0.476666666567
0.47000000005
0.476666666567
0.480000000447
0.476666667809
0.453333333135
0.490000000844
0.540000000348
0.52999999995
0.473333333929
0.456666665773
0.516666666915
0.510000000397
0.5
0.463333333532
0.519999999553
0.510000000397
0.489999999603
0.526666666071
0.503333332638
0.50333333388
0.493333333482
0.483333333085
0.513333333035
0.553333333383
0.480000000447
0.463333333532
0.510000000397
0.510000000397
0.483333333085
0.473333332688
0.536666666468
0.506666667759
0.503333332638
0.473333333929
0.476666666567
0.469999998808
0.479999999205
0.489999999603
0.479999999205
0.486666665723
0.483333333085
0.47000000005
0.456666665773
0.49666666612
0.476666666567
0.47000000005
0.47000000005
0.473333332688
0.480000000447
0.483333333085
0.480000000447
0.476666666567
0.52999999995
0.480000000447
0.473333332688
0.49666666612
0.5
0.473333332688
0.46666666617
0.493333333482
0.493333333482
0.479999999205
0.480000000447
0.49666666612
0.476666666567
0.476666666567
0.5
0.503333332638
0.480000000447
0.47000000005
0.463333333532
0.463333333532
0.473333333929
0.47000000005
0.5
0.480000000447
0.516666666915
0.446666666617
0.489999999603
0.5
0.50333333388
0.5
0.5
0.510000000397
0.46666666617
0.463333333532
0.493333333482
0.506666666518
0.52999999995
0.543333332986
0.576666665574
0.459999999652
0.47000000005
0.456666667014
0.493333333482
0.460000000894
0.456666667014
0.516666666915
0.506666666518
0.516666665673
0.513333333035
0.483333334327
0.5
0.5
0.480000000447
0.5
0.483333333085
0.556666666021
0.493333333482
0.473333332688
0.47000000005
0.466666667412
0.473333332688
0.46666666617
0.476666666567
0.476666667809
0.493333333482
0.463333333532
0.47000000005
0.456666665773
0.456666667014
0.483333333085
0.513333334277
0.483333333085
0.450000000497
0.449999999255
0.460000000894
0.476666666567
0.476666666567
0.490000000844
0.483333333085
0.490000000844
0.483333333085
0.466666667412
0.47000000005
0.506666666518
0.5
0.5
0.47000000005
0.513333333035
0.53333333383
0.510000000397
0.46666666617
0.486666666965
0.476666666567
0.476666666567
0.450000000497
0.453333333135
0.50333333388
0.506666666518
0.483333333085
0.5
0.513333333035
0.473333332688
0.513333333035
0.553333333383
0.506666666518
0.486666665723
0.526666666071
0.493333333482
0.493333333482
0.47000000005
0.486666666965
0.489999999603
0.46666666617
0.456666667014
0.486666665723
0.476666666567
0.50333333388
0.539999999106
0.47000000005
0.456666667014
0.489999999603
0.480000000447
0.47000000005
0.493333333482
0.503333332638
0.476666666567
0.486666666965
0.513333333035
0.509999999156
0.50333333388
0.473333332688
0.489999999603
0.46666666617
0.50333333388
0.440000000099
0.523333333433
0.496666667362
0.513333333035
0.459999999652
0.480000000447
0.5
0.466666667412
0.556666666021
0.486666666965
0.486666665723
0.459999999652
0.453333334376
0.486666666965
0.483333333085
0.50333333388
0.519999999553
0.453333333135
0.453333334376
0.480000000447
0.483333333085
0.473333332688
0.609999999404
0.490000000844
0.503333332638
0.46666666617
0.460000000894
0.510000000397
0.483333333085
0.503333332638
0.459999999652
0.459999999652
0.506666666518
0.526666666071
0.466666667412
0.493333333482
0.566666666418
0.473333333929
0.496666667362
0.493333333482
0.459999999652
0.466666667412
0.523333332191
0.476666667809
0.480000000447
0.47000000005
0.473333332688
0.453333333135
0.46333333229
0.473333332688
0.50333333388
0.496666667362
0.466666667412
0.456666665773
0.483333334327
0.473333332688
0.666666666667
0.559999999901
0.493333333482
0.456666667014
0.463333333532
0.473333333929
0.456666667014
0.456666665773
0.510000000397
0.479999999205
0.473333333929
0.460000000894
0.490000000844
0.483333333085
0.526666666071
0.486666666965
0.483333333085
0.479999999205
0.450000000497
0.53333333383
0.479999999205
0.493333333482
0.490000000844
0.50333333388
0.476666666567
0.509999999156
0.5
0.523333332191
0.519999999553
0.503333332638
0.469999998808
0.50333333388
0.473333333929
0.486666666965
0.47000000005
0.46666666617
0.493333333482
0.510000000397
0.493333332241
0.483333333085
0.46666666617
0.490000000844
0.479999999205
0.479999999205
0.493333333482
0.473333332688
0.5
0.503333332638
0.483333333085
0.513333334277
0.519999999553
0.453333333135
0.47000000005
0.479999999205
0.46666666617
0.463333333532
0.513333333035
0.5
0.50333333388
0.463333333532
0.5
0.459999999652
0.503333332638
0.493333333482
0.453333333135
0.473333333929
0.483333333085
0.473333333929
0.429999999702
0.673333333184
0.513333333035
0.523333333433
0.556666667263
0.459999999652
0.510000000397
0.49666666612
0.446666666617
0.460000000894
0.503333332638
0.443333332737
0.46666666617
0.473333332688
0.483333333085
0.486666666965
0.473333333929
0.459999999652
0.473333332688
0.46666666617
0.46666666617
0.50333333388
0.453333333135
0.47000000005
0.52999999995
0.483333333085
0.483333334327
0.459999999652
0.52999999995
0.506666666518
0.473333333929
0.483333334327
0.49666666612
0.46666666617
0.486666665723
0.503333332638
0.473333332688
0.53333333383
0.480000000447
0.493333333482
0.5
0.559999999901
0.563333332539
0.523333332191
0.543333332986
0.496666667362
0.489999999603
0.550000000745
0.536666666468
0.566666666418
0.453333333135
0.493333333482
0.453333333135
0.456666667014
0.496666667362
0.523333333433
0.486666666965
0.47000000005
0.536666666468
0.546666665624
0.52999999995
0.453333334376
0.473333333929
0.459999999652
0.493333333482
0.463333333532
0.510000000397
0.47000000005
0.496666667362
0.496666667362
0.466666667412
0.47000000005
0.513333333035
0.513333333035
0.5
0.503333332638
0.459999999652
0.466666667412
0.513333333035
0.519999999553
0.480000000447
0.483333333085
0.466666667412
0.479999999205
0.483333333085
0.480000000447
0.463333333532
0.483333333085
0.483333334327
0.476666666567
0.663333334029
0.453333334376
0.473333332688
0.473333333929
0.47000000005
0.493333333482
0.476666666567
0.463333333532
0.43666666622
0.483333333085
0.49666666612
0.486666665723
0.52999999995
0.513333333035
0.540000000348
0.450000000497
0.473333333929
0.496666667362
0.480000000447
0.503333332638
0.466666667412
0.493333332241
0.47000000005
0.496666667362
0.479999999205
0.489999999603
0.489999999603
0.486666666965
0.440000000099
0.510000000397
0.503333332638
0.513333334277
0.583333333333
0.476666666567
0.486666665723
0.483333333085
0.456666667014
0.47000000005
0.473333332688
0.5
0.553333333383
0.473333333929
0.483333333085
0.480000000447
0.490000000844
0.476666666567
0.506666666518
0.493333333482
0.556666666021
0.459999999652
0.463333333532
0.463333333532
0.610000000646
0.47000000005
0.476666666567
0.479999999205
0.489999999603
0.503333332638
0.546666666865
0.473333333929
0.460000000894
0.453333333135
0.453333334376
0.493333333482
0.479999999205
0.49666666612
0.510000000397
0.5
0.513333334277
0.489999999603
0.459999999652
0.49666666612
0.46666666617
0.463333333532
0.483333333085
0.483333333085
0.46666666617
0.476666666567
0.486666666965
0.466666667412
0.50333333388
0.459999999652
0.603333334128
0.483333333085
0.46666666617
0.473333332688
0.473333333929
0.49666666612
0.486666666965
0.476666666567
0.456666667014
0.443333332737
0.473333332688
0.46666666617
0.473333333929
0.463333333532
0.489999999603
0.466666667412
0.479999999205
0.473333333929
0.506666666518
0.476666666567
0.463333333532
0.456666667014
0.473333333929
0.463333333532
0.459999999652
0.453333333135
0.46666666617
0.486666665723
0.493333333482
0.466666667412
0.486666666965
0.449999999255
0.47000000005
0.503333332638
0.489999999603
0.49666666612
0.493333333482
0.536666666468
0.489999999603
0.490000000844
0.473333333929
0.47000000005
0.476666666567
0.493333333482
0.50333333388
0.480000000447
0.473333333929
0.49666666612
0.459999999652
0.5
0.483333334327
0.526666666071
0.49666666612
0.46666666617
0.550000000745
0.589999999851
0.476666666567
0.47000000005
0.503333332638
0.463333333532
0.496666667362
0.459999999652
0.473333333929
0.506666666518
0.479999999205
0.496666667362
0.536666666468
0.503333332638
0.483333333085
0.460000000894
0.453333333135
0.506666666518
0.473333333929
0.510000000397
0.486666665723
0.453333333135
0.509999999156
0.516666666915
0.459999999652
0.47000000005
0.486666666965
0.460000000894
0.489999999603
0.480000000447
0.486666666965
0.556666667263
0.513333333035
0.506666666518
0.459999999652
0.460000000894
0.483333333085
0.476666666567
0.459999999652
0.476666666567
0.496666667362
0.47000000005
0.47000000005
0.460000000894
0.5
0.46666666617
0.480000000447
0.476666666567
0.466666667412
0.486666665723
0.493333332241
0.50333333388
0.476666666567
0.463333333532
0.473333332688
0.456666667014
0.510000000397
0.456666667014
0.473333332688
0.509999999156
0.5
0.473333333929
0.49666666612
0.473333332688
0.50333333388
0.486666666965
0.47000000005
0.466666667412
0.446666666617
0.493333333482
0.456666665773
0.486666666965
0.479999999205
0.480000000447
0.486666666965
0.52999999995
0.446666666617
0.5
0.50333333388
0.486666665723
0.480000000447
0.489999999603
0.46666666617
0.479999999205
0.469999998808
0.486666666965
0.483333334327
0.466666667412
0.520000000795
0.480000000447
0.519999999553
0.526666667312
0.483333333085
0.489999999603
0.479999999205
0.573333332936
0.526666666071
0.523333333433
0.533333332588
0.46666666617
0.486666666965
0.543333332986
0.480000000447
0.459999999652
0.506666667759
0.459999999652
0.443333332737
0.480000000447
0.483333333085
0.486666666965
0.473333333929
0.476666666567
0.463333333532
0.796666665624
0.46333333229
0.486666666965
0.506666666518
0.489999999603
0.483333333085
0.473333332688
0.489999999603
0.49666666612
0.489999999603
0.476666666567
0.486666666965
0.49666666612
0.480000000447
0.496666667362
0.49666666612
0.5
0.466666667412
0.506666666518
0.463333333532
0.5
0.466666667412
0.473333333929
0.493333333482
0.5
0.459999999652
0.49666666612
0.486666665723
0.453333333135
0.490000000844
0.493333333482
0.49666666612
0.493333333482
0.453333334376
0.456666667014
0.456666665773
0.490000000844
0.483333333085
0.479999999205
0.459999999652
0.456666667014
0.476666666567
0.46666666617
0.459999999652
0.476666666567
0.489999999603
0.459999999652
0.479999999205
0.480000000447
0.49666666612
0.486666666965
0.479999999205
0.479999999205
0.463333333532
0.480000000447
0.509999999156
0.49666666612
0.476666666567
0.473333333929
0.453333333135
0.536666666468
0.513333333035
0.516666666915
0.486666665723
0.47000000005
0.456666667014
0.46666666617
0.489999999603
0.483333333085
0.473333333929
0.47000000005
0.486666666965
0.476666666567
0.47000000005
0.49666666612
0.513333333035
0.493333333482
0.486666665723
0.476666666567
0.49666666612
0.516666666915
0.47000000005
0.480000000447
0.459999999652
0.473333333929
0.47000000005
0.480000000447
0.506666666518
0.486666666965
0.476666666567
0.520000000795
0.509999999156
0.473333333929
0.47000000005
0.496666667362
0.520000000795
0.506666667759
0.486666665723
0.456666665773
0.49666666612
0.483333334327
0.466666667412
0.476666666567
0.676666667064
0.52999999995
0.493333333482
0.476666666567
0.480000000447
0.480000000447
0.476666666567
0.47000000005
0.486666666965
0.709999999652
0.489999999603
0.506666666518
0.480000000447
0.453333333135
0.530000001192
0.513333333035
0.47000000005
0.493333332241
0.479999999205
0.459999999652
0.489999999603
0.480000000447
0.476666666567
0.486666666965
0.473333333929
0.46666666617
0.479999999205
0.50333333388
0.490000000844
0.46666666617
0.476666666567
0.493333332241
0.480000000447
0.47000000005
0.483333334327
0.503333332638
0.493333332241
0.459999999652
0.47000000005
0.503333332638
0.483333333085
0.510000000397
0.47000000005
0.540000000348
0.480000000447
0.47000000005
0.466666667412
0.509999999156
0.503333332638
0.5
0.52999999995
0.47000000005
0.47000000005
0.5
0.486666666965
0.480000000447
0.453333333135
0.486666666965
0.50333333388
0.476666666567
0.483333334327
0.493333333482
0.490000000844
0.489999999603
0.496666667362
0.540000000348
0.486666665723
0.480000000447
0.479999999205
0.493333332241
0.476666666567
0.483333333085
0.5
0.496666667362
0.483333333085
0.493333333482
0.516666666915
0.49666666612
0.479999999205
0.5
0.476666666567
0.483333333085
0.473333333929
0.510000000397
0.506666666518
0.453333334376
0.486666666965
0.479999999205
0.496666667362
0.479999999205
0.49666666612
0.446666666617
0.46666666617
0.503333332638
0.483333333085
0.446666666617
0.493333333482
0.503333332638
0.50333333388
0.549999999503
0.479999999205
0.46666666617
0.50333333388
0.486666665723
0.466666667412
0.453333333135
0.463333333532
0.46333333229
0.506666667759
0.520000000795
0.493333333482
0.459999999652
0.489999999603
0.5
0.459999999652
0.466666667412
0.513333333035
0.453333333135
0.480000000447
0.493333333482
0.469999998808
0.476666667809
0.480000000447
0.46666666617
0.5
0.476666666567
0.483333333085
0.443333332737
0.47000000005
0.513333333035
0.540000000348
0.49666666612
0.493333333482
0.490000000844
0.493333333482
0.523333332191
0.496666667362
0.450000000497
0.480000000447
0.459999999652
0.456666665773
0.486666666965
0.486666665723
0.503333332638
0.486666666965
0.483333334327
0.5
0.473333332688
0.47000000005
0.546666665624
0.489999999603
0.476666666567
0.506666666518
0.52999999995
0.540000000348
0.473333333929
0.473333332688
0.526666667312
0.53333333383
0.459999999652
0.483333333085
0.479999999205
0.493333333482
0.483333334327
0.489999999603
0.486666666965
0.456666665773
0.46333333229
0.479999999205
0.513333333035
0.47000000005
0.480000000447
0.496666667362
0.47000000005
0.463333333532
0.5
0.479999999205
0.519999999553
0.47000000005
0.489999999603
0.50333333388
0.46666666617
0.493333333482
0.486666666965
0.483333333085
0.473333332688
0.453333333135
0.476666666567
0.49666666612
0.493333333482
0.49666666612
0.493333332241
0.480000000447
0.486666666965
0.50333333388
0.486666666965
0.476666666567
0.486666666965
0.50333333388
0.473333332688
0.456666667014
0.496666667362
0.506666666518
0.456666667014
0.476666666567
0.676666667064
0.493333333482
0.603333332886
0.506666666518
0.486666665723
0.443333332737
0.47000000005
0.456666667014
0.456666665773
0.456666667014
0.486666666965
0.476666666567
0.453333334376
0.50333333388
0.473333333929
0.480000000447
0.46666666617
0.46666666617
0.46666666617
0.483333334327
0.473333332688
0.5
0.473333333929
0.489999999603
0.46666666617
0.463333333532
0.483333333085
0.459999999652
0.486666666965
0.469999998808
0.459999999652
0.506666666518
0.506666666518
0.493333333482
0.446666667859
0.473333333929
0.463333333532
0.463333333532
0.463333333532
0.486666666965
0.513333333035
0.493333333482
0.453333334376
0.463333333532
0.493333332241
0.486666666965
0.49666666612
0.506666666518
0.536666666468
0.510000000397
0.486666666965
0.46666666617
0.480000000447
0.486666666965
0.513333333035
0.496666667362
0.5
0.476666666567
0.43666666622
0.459999999652
0.483333333085
0.5
0.506666666518
0.489999999603
0.460000000894
0.663333334029
0.516666665673
0.473333332688
0.493333332241
0.47000000005
0.466666667412
0.473333333929
0.483333333085
0.46333333229
0.463333333532
0.476666666567
0.456666667014
0.630000000199
0.480000000447
0.459999999652
0.463333333532
0.47000000005
0.453333333135
0.479999999205
0.47000000005
0.493333333482
0.480000000447
0.520000000795
0.466666667412
0.473333333929
0.483333333085
0.52999999995
0.463333333532
0.473333333929
0.5
0.476666666567
0.46666666617
0.483333333085
0.480000000447
0.476666666567
0.446666666617
0.466666667412
0.453333333135
0.459999999652
0.486666666965
0.496666667362
0.47000000005
0.493333333482
0.486666666965
0.483333333085
0.503333332638
0.47000000005
0.493333333482
0.486666666965
0.47000000005
0.46333333229
0.476666666567
0.463333333532
0.523333333433
0.486666666965
0.5
0.489999999603
0.513333333035
0.459999999652
0.483333333085
0.480000000447
0.49666666612
0.476666666567
0.510000000397
0.460000000894
0.510000000397
0.493333333482
0.479999999205
0.49666666612
0.473333333929
0.526666667312
0.483333333085
0.46666666617
0.506666666518
0.479999999205
0.506666666518
0.476666666567
0.479999999205
0.483333333085
0.479999999205
0.46666666617
0.47000000005
0.480000000447
0.520000000795
0.503333332638
0.456666665773
0.476666666567
0.5
0.479999999205
0.483333333085
0.473333332688
0.493333333482
0.489999999603
0.473333333929
0.486666666965
0.476666666567
0.490000000844
0.486666666965
0.5
0.510000000397
0.479999999205
0.449999999255
0.486666665723
0.466666667412
0.506666666518
0.466666667412
0.473333332688
0.519999999553
0.493333333482
0.510000000397
0.46666666617
0.486666666965
0.459999999652
0.486666666965
0.486666665723
0.456666665773
0.476666667809
0.50333333388
0.47000000005
0.519999999553
0.483333333085
0.483333334327
0.603333332886
0.536666666468
0.496666667362
0.486666665723
0.5
0.479999999205
0.523333332191
0.53333333383
0.516666666915
0.513333333035
0.49666666612
0.46666666617
0.489999999603
0.493333333482
0.486666666965
0.486666665723
0.480000000447
0.483333333085
0.489999999603
0.513333334277
0.536666666468
0.50333333388
0.483333333085
0.480000000447
0.50333333388
0.483333333085
0.473333332688
0.466666667412
0.473333333929
0.49666666612
0.466666667412
0.5
0.456666667014
0.479999999205
0.486666666965
0.490000000844
0.486666666965
0.483333333085
0.5
0.459999999652
0.463333333532
0.459999999652
0.493333333482
0.50333333388
0.493333333482
0.503333332638
0.493333333482
0.486666666965
0.459999999652
0.459999999652
0.506666666518
0.486666665723
0.476666666567
0.486666666965
0.473333333929
0.483333333085
0.47000000005
0.519999999553
0.516666665673
0.479999999205
0.466666667412
0.473333332688
0.510000000397
0.5
0.479999999205
0.456666665773
0.476666666567
0.460000000894
0.476666666567
0.486666666965
0.473333332688
0.466666667412
0.473333332688
0.473333332688
0.459999999652
0.473333332688
0.483333333085
0.473333332688
0.510000000397
0.5
0.506666666518
0.476666666567
0.473333333929
0.47000000005
0.466666667412
0.476666666567
0.453333333135
0.460000000894
0.466666667412
0.483333333085
0.493333333482
0.49666666612
0.47000000005
0.50333333388
0.483333333085
0.489999999603
0.47000000005
0.476666666567
0.476666666567
0.473333333929
0.516666666915
0.479999999205
0.46666666617
0.503333332638
0.46666666617
0.489999999603
0.453333334376
0.453333333135
0.46666666617
0.473333332688
0.503333332638
0.506666666518
0.476666666567
0.480000000447
0.473333333929
0.463333333532
0.50333333388
0.50333333388
0.493333333482
0.52999999995
0.456666667014
0.50333333388
0.493333333482
0.46666666617
0.496666667362
0.5
0.463333333532
0.473333333929
0.483333333085
0.476666666567
0.5
0.5
0.473333332688
0.506666666518
0.503333332638
0.493333333482
0.493333333482
0.5
0.490000000844
0.506666667759
0.5
0.489999999603
0.486666665723
0.473333332688
0.46666666617
0.496666667362
0.506666666518
0.476666666567
0.479999999205
0.489999999603
0.460000000894
0.50333333388
0.486666666965
0.483333333085
0.46333333229
0.459999999652
0.493333333482
0.506666667759
0.460000000894
0.463333333532
0.493333333482
0.476666666567
0.476666666567
0.486666666965
0.480000000447
0.506666666518
0.473333333929
0.483333333085
0.493333333482
0.46333333229
0.476666666567
0.483333334327
0.483333333085
0.496666667362
0.606666666766
0.640000000596
0.623333332439
0.5
0.486666666965
0.46666666617
0.46666666617
0.483333333085
0.46333333229
0.46666666617
0.473333333929
0.526666667312
0.480000000447
0.480000000447
0.486666665723
0.523333333433
0.486666665723
0.446666666617
0.493333333482
0.459999999652
0.460000000894
0.459999999652
0.47000000005
0.473333333929
0.483333333085
0.47000000005
0.459999999652
0.52999999995
0.483333333085
0.516666666915
0.483333333085
0.476666666567
0.519999999553
0.509999999156
0.493333333482
0.520000000795
0.5
0.466666667412
0.490000000844
0.513333333035
0.5
0.523333333433
0.513333333035
0.536666666468
0.493333333482
0.506666666518
0.483333333085
0.49666666612
0.843333332489
0.456666667014
0.459999999652
0.47000000005
0.476666666567
0.49666666612
0.5
0.519999999553
0.576666666816
0.483333334327
0.493333333482
0.5
0.453333334376
0.52999999995
0.480000000447
0.476666666567
0.463333333532
0.46333333229
0.483333333085
0.479999999205
0.486666666965
0.506666666518
0.489999999603
0.503333332638
0.473333332688
0.456666665773
0.46666666617
0.490000000844
0.456666667014
0.49666666612
0.480000000447
0.483333333085
0.466666667412
0.473333332688
0.493333333482
0.5
0.5
0.476666666567
0.453333333135
0.463333333532
0.509999999156
0.493333333482
0.456666667014
0.493333333482
0.506666667759
0.5
0.506666666518
0.486666665723
0.5
0.489999999603
0.483333333085
0.489999999603
0.510000000397
0.449999999255
0.503333332638
0.523333332191
0.516666666915
0.489999999603
0.503333332638
0.52999999995
0.490000000844
0.480000000447
0.506666667759
0.513333333035
0.506666666518
0.483333333085
0.506666666518
0.476666666567
0.483333333085
0.47000000005
0.47000000005
0.46666666617
0.50333333388
0.456666665773
0.483333334327
0.463333333532
0.486666666965
0.473333332688
0.486666666965
0.489999999603
0.47000000005
0.50333333388
0.473333332688
0.49666666612
0.496666667362
0.510000000397
0.493333333482
0.489999999603
0.43666666622
0.453333334376
0.476666666567
0.476666666567
0.459999999652
0.493333333482
0.5
0.479999999205
0.513333334277
0.52999999995
0.509999999156
0.489999999603
0.503333332638
0.5
0.493333332241
0.473333333929
0.49666666612
0.486666666965
0.489999999603
0.490000000844
0.513333333035
0.513333333035
0.46666666617
0.509999999156
0.476666666567
0.47000000005
0.483333334327
0.493333332241
0.446666666617
0.456666665773
0.496666667362
0.480000000447
0.489999999603
0.506666666518
0.483333334327
0.490000000844
0.47000000005
0.480000000447
0.49666666612
0.493333333482
0.486666666965
0.456666667014
0.463333333532
0.47000000005
0.476666666567
0.476666667809
0.523333333433
0.486666666965
0.456666667014
0.489999999603
0.483333333085
0.493333332241
0.476666666567
0.489999999603
0.456666667014
0.483333333085
0.506666666518
0.506666666518
0.543333332986
0.53333333383
0.50333333388
0.489999999603
0.47000000005
0.493333333482
0.509999999156
0.476666666567
0.476666666567
0.480000000447
0.459999999652
0.460000000894
0.47000000005
0.469999998808
0.486666666965
0.52999999995
0.520000000795
0.509999999156
0.510000000397
0.480000000447
0.480000000447
0.480000000447
0.630000000199
0.503333332638
0.510000000397
0.480000000447
0.466666667412
0.47000000005
0.480000000447
0.476666667809
