bytes_written	total_items	curr_connections	threads	cmd_set	cmd_get	get_misses	get_hits	bytes_read
13722465421	3025772	17	8	3297772	11332569	1577160	9755409	1899491160	479231
13723183887	3025954	27	8	3297967	11333309	1577252	9756057	1899607091	479235
13724337756	3026165	22	8	3298190	11334124	1577348	9756776	1899811711	479250
13725555624	3026355	24	8	3298388	11334928	1577438	9757490	1899902848	479257
13726395447	3026540	28	8	3298578	11335721	1577519	9758202	1899964942	479259
13727285715	3026751	26	8	3298800	11336549	1577621	9758928	1900074922	479269
13728298784	3027008	22	8	3299072	11337478	1577770	9759708	1900255479	479298
13729349062	3027198	25	8	3299272	11338293	1577861	9760432	1900356065	479301
13730349072	3027382	28	8	3299462	11339080	1577951	9761129	1900439114	479302
13731141442	3027587	21	8	3299683	11339887	1578031	9761856	1900637231	479309
13732229594	3027789	22	8	3299897	11340709	1578134	9762575	1900715124	479317
13733188419	3027996	26	8	3300113	11341559	1578245	9763314	1900892631	479322
13734087266	3028189	27	8	3300316	11342371	1578333	9764038	1901008892	479325
13734993059	3028384	25	8	3300534	11343176	1578421	9764755	1901192187	479330
13736242468	3028605	19	8	3300774	11344016	1578524	9765492	1901376627	479338
13737135723	3028838	24	8	3301022	11344867	1578654	9766213	1901544995	479362
13738183714	3029053	31	8	3301254	11345727	1578763	9766964	1901706963	479376
13739005411	3029249	26	8	3301454	11346512	1578849	9767663	1901795057	479379
13740121555	3029453	23	8	3301675	11347366	1578941	9768425	1901895091	479386
13741257555	3029641	25	8	3301872	11348187	1579036	9769151	1901981375	479387
13742280478	3029846	26	8	3302091	11349010	1579131	9769879	1902130619	479398
13743543884	3030098	24	8	3302353	11349914	1579268	9770646	1902283277	479433
13744733627	3030420	24	8	3302690	11351027	1579485	9771542	1902391735	479501
13745792027	3030626	19	8	3302903	11351841	1579581	9772260	1902541749	479510
13746803562	3030814	25	8	3303102	11352612	1579668	9772944	1902690986	479515
13747921279	3030997	24	8	3303295	11353460	1579755	9773705	1902792247	479516
13748839918	3031183	20	8	3303491	11354232	1579826	9774406	1902896980	479519
13749801790	3031370	27	8	3303695	11355016	1579913	9775103	1903015568	479528
13750636902	3031610	24	8	3303944	11355870	1580053	9775817	1903226309	479556
13751396191	3031802	22	8	3304146	11356637	1580149	9776488	1903324120	479559
13752465045	3031986	28	8	3304345	11357408	1580230	9777178	1903476454	479560
13753383266	3032173	25	8	3304541	11358218	1580325	9777893	1903568194	479563
13754294782	3032394	18	8	3304775	11359024	1580431	9778593	1903758110	479578
13755268652	3032618	23	8	3305016	11359857	1580550	9779307	1903969119	479598
13756312336	3032821	26	8	3305229	11360669	1580649	9780020	1904136287	479611
13757485155	3033018	26	8	3305434	11361488	1580746	9780742	1904271248	479618
13758305292	3033215	25	8	3305641	11362271	1580831	9781440	1904413483	479627
13759295156	3033398	27	8	3305841	11363059	1580910	9782149	1904514337	479628
13760243351	3033593	23	8	3306044	11363888	1581003	9782885	1904597198	479631
13761124810	3033767	28	8	3306231	11364650	1581066	9783584	1904647885	479630
13762219975	3033952	26	8	3306425	11365446	1581147	9784299	1904813455	479635
13763185701	3034151	25	8	3306637	11366256	1581244	9785012	1904975412	479648
13764122494	3034336	26	8	3306834	11367039	1581343	9785696	1905103176	479653
13765065949	3034536	24	8	3307047	11367837	1581446	9786391	1905243147	479665
13765996731	3034722	28	8	3307239	11368624	1581527	9787097	1905347826	479670
13766911906	3034950	28	8	3307484	11369494	1581660	9787834	1905484596	479688
13768128492	3035133	24	8	3307687	11370267	1581735	9788532	1905547554	479689
13769109515	3035339	21	8	3307909	11371079	1581847	9789232	1905714085	479708
13770067275	3035524	31	8	3308112	11371889	1581951	9789938	1905789342	479712
13771067831	3035740	22	8	3308346	11372755	1582061	9790694	1905936938	479730
13772505879	3035945	29	8	3308558	11373586	1582169	9791417	1906047647	479744
13773545259	3036135	23	8	3308761	11374409	1582255	9792154	1906141814	479749
13774690641	3036324	29	8	3308963	11375189	1582336	9792853	1906266914	479755
13775522275	3036515	29	8	3309166	11375986	1582436	9793550	1906347156	479760
13776224225	3036704	21	8	3309367	11376750	1582533	9794217	1906436785	479768
13777119949	3036892	24	8	3309563	11377522	1582615	9794907	1906530906	479774
13778122862	3037090	27	8	3309773	11378355	1582717	9795638	1906672509	479779
13779283881	3037280	21	8	3309978	11379133	1582799	9796334	1906761145	479783
13780066263	3037473	27	8	3310188	11379903	1582885	9797018	1906847554	479791
13781140743	3037657	30	8	3310381	11380679	1582969	9797710	1906972364	479796
13782121921	3037843	27	8	3310579	11381466	1583067	9798399	1907046054	479798
13783089325	3038052	30	8	3310793	11382256	1583170	9799086	1907169046	479814
13784344618	3038246	24	8	3310999	11383051	1583253	9799798	1907245790	479819
13785555319	3038421	27	8	3311187	11383841	1583327	9800514	1907361373	479820
13786426534	3038612	27	8	3311384	11384639	1583412	9801227	1907475643	479826
13787399461	3038819	27	8	3311608	11385451	1583518	9801933	1907597796	479839
13788112294	3038992	27	8	3311795	11386213	1583596	9802617	1907709294	479840
13789073624	3039182	25	8	3312003	11387004	1583686	9803318	1907801942	479848
13789947139	3039360	21	8	3312195	11387755	1583753	9804002	1907857550	479849
13790893474	3039535	28	8	3312386	11388543	1583839	9804704	1907945283	479853
13791926462	3039725	23	8	3312583	11389324	1583912	9805412	1908047237	479859
13792944903	3039928	16	8	3312796	11390112	1583998	9806114	1908137934	479873
13793953805	3040104	23	8	3312992	11390878	1584077	9806801	1908210967	479874
13794871652	3040300	22	8	3313201	11391689	1584184	9807505	1908273110	479881
13795889872	3040489	27	8	3313400	11392471	1584279	9808192	1908377069	479888
13796971637	3040690	31	8	3313616	11393253	1584381	9808872	1908438873	479903
13797790467	3040875	29	8	3313814	11394004	1584476	9809528	1908524576	479912
13798595838	3041061	20	8	3314015	11394761	1584555	9810206	1908613467	479919
13799625854	3041256	22	8	3314220	11395586	1584642	9810944	1908813883	479923
13800533591	3041450	27	8	3314425	11396390	1584746	9811644	1908903806	479928
13801287091	3041631	21	8	3314620	11397182	1584823	9812359	1909005340	479931
13802568796	3041816	26	8	3314816	11397974	1584904	9813070	1909108225	479934
13803950299	3042007	24	8	3315022	11398786	1584996	9813790	1909183424	479940
13804988487	3042201	24	8	3315225	11399575	1585091	9814484	1909332089	479949
13806189416	3042387	24	8	3315431	11400376	1585171	9815205	1909446531	479950
13807157849	3042577	23	8	3315629	11401161	1585255	9815906	1909541447	479956
13808261747	3042770	29	8	3315833	11401978	1585359	9816619	1909652970	479964
13809364581	3042971	29	8	3316043	11402771	1585453	9817318	1909835232	479974
13810352703	3043172	23	8	3316258	11403607	1585555	9818052	1909978068	479983
13811254578	3043360	23	8	3316458	11404385	1585637	9818748	1910054828	479988
13812126387	3043547	25	8	3316652	11405186	1585722	9819464	1910202981	479993
13813169538	3043726	27	8	3316849	11405953	1585803	9820150	1910274508	479994
13814174896	3043929	27	8	3317073	11406771	1585916	9820855	1910414596	480006
13815201669	3044129	23	8	3317286	11407581	1586005	9821576	1910558831	480013
13816105473	3044319	26	8	3317490	11408389	1586094	9822295	1910722768	480020
13816844839	3044532	25	8	3317712	11409237	1586206	9823031	1910869995	480039
13817820947	3044719	24	8	3317912	11410021	1586292	9823729	1910922574	480042
13818757631	3044908	28	8	3318118	11410791	1586366	9824425	1911012947	480048
13819703111	3045096	23	8	3318328	11411596	1586446	9825150	1911070528	480049
13820713493	3045310	22	8	3318553	11412441	1586554	9825887	1911345580	480059
13821990328	3045492	25	8	3318750	11413221	1586645	9826576	1911417333	480060
13822882417	3045680	22	8	3318946	11414002	1586741	9827261	1911501305	480068
13823754646	3045879	24	8	3319156	11414813	1586835	9827978	1911645335	480075
13824663609	3046083	29	8	3319379	11415638	1586945	9828693	1911788688	480090
13825566973	3046275	29	8	3319582	11416406	1587015	9829391	1911914209	480093
13826568338	3046455	22	8	3319778	11417205	1587097	9830108	1912006696	480093
13827666473	3046637	23	8	3319971	11418001	1587173	9830828	1912059174	480094
13828502352	3046833	28	8	3320184	11418796	1587273	9831523	1912277465	480103
13829517050	3047042	28	8	3320399	11419599	1587377	9832222	1912359369	480116
13830470811	3047247	29	8	3320617	11420402	1587490	9832912	1912471529	480131
13831492300	3047443	27	8	3320824	11421202	1587586	9833616	1912594159	480136
13832280497	3047620	24	8	3321033	11421983	1587661	9834322	1912648090	480137
13833161471	3047810	22	8	3321239	11422784	1587748	9835036	1912760054	480144
13834164012	3047996	28	8	3321444	11423579	1587828	9835751	1912904468	480146
13835115511	3048172	33	8	3321628	11424340	1587918	9836422	1912984606	480150
13835964269	3048392	24	8	3321862	11425138	1588027	9837111	1913119333	480174
13836915487	3048573	20	8	3322063	11425932	1588108	9837824	1913175813	480175
13837934910	3048752	25	8	3322252	11426715	1588201	9838514	1913246635	480175
13838823167	3048937	24	8	3322447	11427515	1588294	9839221	1913303886	480176
13839976020	3049128	24	8	3322653	11428313	1588390	9839923	1913387061	480183
13840827561	3049314	21	8	3322856	11429085	1588477	9840608	1913463978	480183
13841859697	3049565	18	8	3323130	11429947	1588615	9841332	1913623468	480219
13842868168	3049751	24	8	3323326	11430755	1588704	9842051	1913807766	480224
13844065439	3049935	22	8	3323520	11431540	1588779	9842761	1913894209	480224
13845042338	3050117	23	8	3323716	11432345	1588872	9843473	1914001270	480226
13845920046	3050300	27	8	3323914	11433131	1588968	9844163	1914089074	480228
13846776361	3050498	27	8	3324126	11433930	1589068	9844862	1914171528	480231
13847647660	3050689	24	8	3324332	11434687	1589157	9845530	1914257585	480239
13848567220	3050874	25	8	3324533	11435471	1589245	9846226	1914335133	480242
13849419392	3051086	28	8	3324762	11436285	1589365	9846920	1914476955	480257
13850426824	3051294	27	8	3324988	11437094	1589485	9847609	1914615801	480270
13851453642	3051477	24	8	3325184	11437888	1589573	9848315	1914676346	480270
13852444307	3051658	24	8	3325372	11438679	1589655	9849024	1914729292	480270
13853523060	3051842	29	8	3325576	11439499	1589736	9849763	1914825164	480270
13854641952	3052023	23	8	3325767	11440270	1589818	9850452	1914876644	480273
13855483836	3052226	22	8	3325987	11441096	1589916	9851180	1914954198	480282
13856589822	3052451	25	8	3326218	11441940	1590039	9851901	1915108337	480307
13857580094	3052646	22	8	3326437	11442749	1590132	9852617	1915182984	480316
13858730774	3052821	24	8	3326623	11443513	1590222	9853291	1915290190	480319
13859953567	3053011	25	8	3326829	11444308	1590303	9854005	1915394416	480322
13861057220	3053200	27	8	3327039	11445118	1590391	9854727	1915508718	480326
13862058831	3053410	25	8	3327263	11445918	1590497	9855421	1915631938	480339
13863238827	3053587	20	8	3327454	11446718	1590560	9856158	1915705044	480340
13864384531	3053768	25	8	3327644	11447503	1590651	9856852	1915769045	480341
13865354528	3053957	27	8	3327853	11448284	1590748	9857536	1915879679	480349
13866271120	3054145	26	8	3328049	11449067	1590841	9858226	1916029368	480357
13867296679	3054371	27	8	3328291	11449922	1590965	9858957	1916213746	480380
13868547257	3054558	31	8	3328498	11450736	1591053	9859683	1916289144	480379
13869440899	3054757	25	8	3328711	11451571	1591149	9860422	1916385103	480383
13870384727	3054954	20	8	3328928	11452378	1591235	9861143	1916470998	480391
13871475648	3055139	22	8	3329124	11453162	1591313	9861849	1916535092	480392
13872681424	3055333	22	8	3329330	11453990	1591417	9862573	1916624026	480396
13873801457	3055527	22	8	3329533	11454796	1591514	9863282	1916682177	480405
13874602694	3055711	26	8	3329732	11455569	1591614	9863955	1916778146	480414
13875663328	3055899	24	8	3329925	11456360	1591696	9864664	1916918587	480418
13876434695	3056086	24	8	3330120	11457159	1591780	9865379	1916988575	480420
13877641002	3056289	25	8	3330334	11457990	1591883	9866107	1917107388	480433
13878826744	3056492	28	8	3330553	11458826	1591995	9866831	1917281242	480446
13879838185	3056674	30	8	3330742	11459599	1592077	9867522	1917342236	480447
13880785294	3056866	24	8	3330947	11460395	1592169	9868226	1917421683	480453
13881985208	3057071	30	8	3331175	11461218	1592281	9868937	1917485297	480466
13883160491	3057248	25	8	3331362	11462008	1592364	9869644	1917554226	480466
13884171918	3057424	26	8	3331551	11462781	1592447	9870334	1917665392	480469
13885066641	3057608	25	8	3331748	11463583	1592526	9871057	1917730578	480470
13885927591	3057836	25	8	3331987	11464430	1592643	9871787	1917892731	480484
13886919826	3058019	28	8	3332187	11465251	1592729	9872522	1917961123	480490
13887898840	3058206	25	8	3332390	11466061	1592821	9873240	1918065871	480492
13888776079	3058392	26	8	3332585	11466831	1592906	9873925	1918130711	480496
13889871282	3058580	28	8	3332792	11467666	1593006	9874660	1918226583	480503
13890967039	3058765	23	8	3332986	11468429	1593077	9875352	1918298041	480508
13891798303	3058957	26	8	3333191	11469175	1593162	9876013	1918404466	480514
13892998519	3059138	27	8	3333387	11469963	1593263	9876700	1918490690	480515
13894098322	3059318	29	8	3333578	11470759	1593352	9877407	1918558544	480515
13895029831	3059501	25	8	3333782	11471548	1593442	9878106	1918660576	480518
13895903484	3059696	25	8	3333986	11472360	1593544	9878816	1918789291	480523
13896930086	3059886	25	8	3334195	11473160	1593619	9879541	1918911095	480525
13897810610	3060071	22	8	3334390	11473967	1593709	9880258	1918991965	480525
13898717621	3060266	26	8	3334600	11474803	1593816	9880987	1919174600	480537
13899756490	3060470	24	8	3334812	11475663	1593929	9881734	1919307349	480545
13900693769	3060651	23	8	3335007	11476452	1594008	9882444	1919435119	480547
13901999308	3060829	24	8	3335203	11477236	1594095	9883141	1919500851	480552
13903121835	3061020	28	8	3335409	11478050	1594188	9883862	1919641988	480563
13903987602	3061210	35	8	3335608	11478815	1594262	9884553	1919784951	480568
13905076619	3061399	23	8	3335808	11479593	1594320	9885273	1919883186	480569
13906324631	3061582	25	8	3336005	11480372	1594397	9885975	1919940221	480570
13907272476	3061767	31	8	3336200	11481165	1594467	9886698	1920011669	480571
13908336820	3061947	27	8	3336407	11481952	1594555	9887397	1920095638	480575
13909782283	3062138	32	8	3336612	11482774	1594654	9888120	1920174546	480579
13910395765	3062326	25	8	3336806	11483558	1594732	9888826	1920247352	480581
13911528170	3062514	28	8	3337001	11484327	1594823	9889504	1920355948	480585
13912585309	3062697	26	8	3337205	11485122	1594913	9890209	1920414574	480588
13913625169	3062888	20	8	3337406	11485907	1595006	9890901	1920479201	480594
13914330425	3063068	29	8	3337600	11486686	1595099	9891587	1920543595	480594
13915227676	3063248	24	8	3337787	11487479	1595177	9892302	1920595808	480595
13916224751	3063432	24	8	3337984	11488264	1595255	9893009	1920671909	480597
13917064479	3063619	25	8	3338189	11489079	1595339	9893740	1920763892	480598
13918147543	3063794	28	8	3338378	11489847	1595399	9894448	1920819968	480600
13919288364	3063984	26	8	3338587	11490669	1595482	9895187	1920912745	480601
13920179570	3064209	25	8	3338827	11491487	1595611	9895876	1921045394	480625
13921293375	3064396	28	8	3339026	11492297	1595700	9896597	1921121214	480629
13922216733	3064583	22	8	3339223	11493091	1595780	9897311	1921175462	480631
13923203077	3064764	21	8	3339417	11493854	1595857	9897997	1921272641	480634
13924263327	3064944	31	8	3339610	11494640	1595937	9898703	1921370261	480635
13924993427	3065129	26	8	3339808	11495392	1596016	9899376	1921427493	480642
13925803765	3065310	25	8	3340003	11496164	1596104	9900060	1921484876	480643
13926677796	3065498	31	8	3340202	11496941	1596180	9900761	1921545089	480645
13927823328	3065704	24	8	3340419	11497775	1596293	9901482	1921709394	480654
13928878156	3065889	25	8	3340620	11498572	1596395	9902177	1921812367	480655
13929896366	3066082	24	8	3340826	11499373	1596484	9902889	1921952265	480663
13931040239	3066271	24	8	3341029	11500169	1596567	9903602	1922048277	480666
13932016222	3066449	30	8	3341216	11500935	1596642	9904293	1922099327	480666
13932819117	3066638	25	8	3341415	11501702	1596725	9904977	1922157289	480669
13933822867	3066834	26	8	3341622	11502526	1596824	9905702	1922290923	480680
13935135124	3067017	29	8	3341820	11503321	1596902	9906419	1922375364	480683
13935965319	3067207	25	8	3342024	11504084	1596984	9907100	1922505565	480687
13936867463	3067398	26	8	3342223	11504876	1597078	9907798	1922618580	480690
13937755560	3067588	30	8	3342422	11505664	1597163	9908501	1922676736	480696
13938742511	3067795	23	8	3342643	11506490	1597274	9909216	1922835993	480707
13939987635	3067983	24	8	3342836	11507291	1597357	9909934	1923011616	480714
13940965859	3068178	24	8	3343045	11508084	1597447	9910637	1923089699	480723
13942062235	3068366	24	8	3343255	11508876	1597532	9911344	1923164011	480725
13942869212	3068559	26	8	3343463	11509662	1597624	9912038	1923264637	480732
13944025370	3068750	28	8	3343670	11510485	1597712	9912773	1923356961	480737
13945080991	3068940	24	8	3343875	11511288	1597797	9913491	1923423595	480739
13945799702	3069118	25	8	3344069	11512045	1597867	9914178	1923484280	480741
13946707320	3069323	22	8	3344281	11512847	1597974	9914873	1923568147	480754
13947475489	3069508	27	8	3344476	11513629	1598065	9915564	1923670459	480754
13948332940	3069705	26	8	3344684	11514478	1598152	9916326	1923735022	480765
13949337477	3069887	23	8	3344882	11515259	1598241	9917018	1923828227	480767
13950192242	3070079	22	8	3345081	11516046	1598332	9917714	1923928072	480773
13951018140	3070260	27	8	3345273	11516818	1598410	9918408	1924005072	480774
13952094282	3070458	29	8	3345488	11517629	1598520	9919109	1924109211	480786
13953163247	3070668	28	8	3345712	11518456	1598629	9919827	1924199253	480799
13954074497	3070842	26	8	3345899	11519199	1598690	9920509	1924250696	480800
13955196982	3071032	20	8	3346101	11520013	1598783	9921230	1924325698	480800
13956075660	3071207	20	8	3346286	11520761	1598847	9921914	1924374937	480800
13957143112	3071387	26	8	3346480	11521540	1598926	9922614	1924446761	480802
13958184992	3071575	20	8	3346678	11522323	1599011	9923312	1924538045	480807
13959129898	3071759	24	8	3346872	11523105	1599106	9923999	1924618446	480810
13960134181	3071940	24	8	3347065	11523862	1599185	9924677	1924696522	480812
13961349907	3072120	18	8	3347255	11524658	1599259	9925399	1924749340	480812
13962059825	3072307	24	8	3347464	11525448	1599352	9926096	1924850314	480814
13963028432	3072491	26	8	3347662	11526233	1599422	9926811	1924923599	480815
13964051085	3072672	22	8	3347853	11526979	1599495	9927484	1925053003	480815
13965123694	3072852	26	8	3348048	11527755	1599566	9928189	1925112783	480816
13966147085	3073037	27	8	3348247	11528535	1599649	9928886	1925213333	480817
13967223835	3073223	27	8	3348445	11529324	1599739	9929585	1925268252	480821
13968228787	3073408	30	8	3348640	11530109	1599832	9930277	1925402196	480824
13969073417	3073595	24	8	3348840	11530908	1599918	9930990	1925468026	480828
13970303488	3073777	28	8	3349038	11531924	1599994	9931930	1925563501	480830
13971145123	3073949	28	8	3349219	11532910	1600068	9932842	1925640434	480832
13972305392	3074132	25	8	3349420	11533690	1600141	9933549	1925710885	480832
13973339089	3074319	24	8	3349627	11534491	1600234	9934257	1925790004	480841
13974445158	3074504	21	8	3349827	11535277	1600314	9934963	1925843339	480842
13975731247	3074684	25	8	3350014	11536100	1600395	9935705	1925921722	480843
13976585924	3074872	21	8	3350211	11536910	1600479	9936431	1926041918	480848
13977704758	3075057	22	8	3350414	11537718	1600563	9937155	1926096585	480848
13978700954	3075237	26	8	3350615	11538518	1600648	9937870	1926149618	480846
13979531224	3075419	23	8	3350814	11539293	1600734	9938559	1926201725	480848
13980727660	3075639	26	8	3351047	11540152	1600845	9939307	1926391350	480869
13981919667	3075828	25	8	3351251	11540936	1600926	9940010	1926512575	480873
13982800851	3076007	22	8	3351440	11541726	1601010	9940716	1926565871	480873
13983931917	3076197	31	8	3351641	11542540	1601108	9941432	1926627378	480877
13985033074	3076381	25	8	3351836	11543320	1601192	9942128	1926689571	480880
13986108794	3076567	25	8	3352031	11544107	1601282	9942825	1926792958	480883
13987056150	3076748	28	8	3352227	11544891	1601364	9943527	1926859752	480883
13987904571	3076958	25	8	3352460	11545719	1601454	9944265	1926971374	480895
13988742785	3077145	26	8	3352672	11546516	1601546	9944970	1927103777	480897
13989722499	3077329	25	8	3352878	11547286	1601621	9945665	1927171229	480896
13990602668	3077510	27	8	3353078	11548063	1601703	9946360	1927256491	480898
13991475382	3077705	23	8	3353289	11548851	1601788	9947063	1927315763	480899
13992476653	3077903	28	8	3353499	11549650	1601881	9947769	1927411241	480910
13993597321	3078112	24	8	3353720	11550482	1601997	9948485	1927651309	480931
13994698154	3078286	25	8	3353901	11551223	1602067	9949156	1927700417	480931
13995978443	3078471	26	8	3354096	11552019	1602156	9949863	1927762076	480933
13997269414	3078653	29	8	3354290	11552818	1602235	9950583	1927824440	480935
13998299216	3078834	26	8	3354493	11553609	1602314	9951295	1927890985	480937
13999335356	3079023	22	8	3354695	11554402	1602401	9952001	1928003607	480941
14000308643	3079247	22	8	3354925	11555244	1602515	9952729	1928157712	480965
14001081585	3079439	26	8	3355128	11556021	1602601	9953420	1928221334	480969
14002110821	3079635	25	8	3355337	11556843	1602711	9954132	1928307867	480978
14002923780	3079820	24	8	3355526	11557602	1602780	9954822	1928370306	480982
14003997747	3080007	27	8	3355737	11558382	1602863	9955519	1928458422	480985
14004805787	3080196	22	8	3355940	11559166	1602951	9956215	1928531559	480987
14005718474	3080388	18	8	3356156	11559957	1603046	9956911	1928593022	480996
14006514524	3080558	26	8	3356337	11560705	1603117	9957588	1928655872	480996
14007667171	3080742	27	8	3356539	11561509	1603204	9958305	1928725261	480997
14008670987	3080918	23	8	3356726	11562294	1603276	9959018	1928776643	480997
14009599578	3081107	24	8	3356926	11563087	1603362	9959725	1928867959	481000
14010598235	3081286	27	8	3357114	11563932	1603433	9960499	1928923148	480999
14011687977	3081464	22	8	3357305	11564747	1603519	9961228	1929041565	481001
14012721675	3081645	25	8	3357497	11565540	1603609	9961931	1929093697	481000
14013753180	3081832	28	8	3357701	11566339	1603693	9962646	1929176388	481003
14014464053	3082023	24	8	3357907	11567110	1603770	9963340	1929256476	481007
14015546287	3082212	32	8	3358110	11567907	1603865	9964042	1929329523	481014
14016719625	3082396	26	8	3358309	11568702	1603938	9964764	1929397709	481015
14017683841	3082580	28	8	3358510	11569496	1604019	9965477	1929457687	481021
14018630012	3082768	26	8	3358705	11570284	1604111	9966173	1929517345	481024
14019716354	3082947	27	8	3358898	11571070	1604204	9966866	1929622516	481025
14020726798	3083122	23	8	3359086	11571836	1604288	9967548	1929674533	481025
14021532607	3083317	22	8	3359296	11572611	1604382	9968229	1929768059	481028
14022691744	3083494	24	8	3359489	11573391	1604461	9968930	1929844881	481031
14023663911	3083682	19	8	3359704	11574188	1604546	9969642	1929934128	481032
14024738672	3083859	26	8	3359890	11574938	1604614	9970324	1929990044	481033
14026033805	3084073	22	8	3360113	11575774	1604735	9971039	1930170268	481052
14026924421	3084254	20	8	3360314	11576564	1604815	9971749	1930222373	481052
14027642520	3084436	27	8	3360503	11577353	1604902	9972451	1930312784	481054
14028559783	3084621	19	8	3360701	11578135	1604993	9973142	1930364903	481054
14029503127	3084810	24	8	3360906	11578917	1605093	9973824	1930442739	481058
14030199337	3084991	24	8	3361104	11579698	1605178	9974520	1930514458	481062
14031300034	3085183	27	8	3361308	11580509	1605269	9975240	1930578580	481069
14032255207	3085367	28	8	3361501	11581285	1605360	9975925	1930690926	481072
14033036417	3085554	21	8	3361702	11582074	1605445	9976629	1930775707	481074
14033937155	3085734	24	8	3361896	11582863	1605522	9977341	1930846856	481075
14034763247	3085909	27	8	3362082	11583628	1605598	9978030	1930897236	481075
14035984412	3086085	28	8	3362274	11584409	1605680	9978729	1930964810	481076
14037207142	3086267	29	8	3362470	11585217	1605744	9979473	1931017931	481076
14038401999	3086452	23	8	3362664	11585997	1605823	9980174	1931071566	481079
14039531546	3086676	26	8	3362910	11586867	1605945	9980922	1931247831	481108
14040583401	3086853	25	8	3363106	11587630	1606009	9981621	1931307419	481108
14041372014	3087030	27	8	3363298	11588353	1606073	9982280	1931360253	481109
14042390105	3087211	26	8	3363496	11589184	1606143	9983041	1931420211	481109
14043370081	3087397	26	8	3363698	11589952	1606218	9983734	1931493164	481111
14044450305	3087580	26	8	3363896	11590760	1606294	9984466	1931604659	481115
14045557778	3087765	24	8	3364100	11591572	1606376	9985196	1931669777	481117
14046375843	3087951	25	8	3364303	11592363	1606469	9985894	1931723284	481123
14047392650	3088133	24	8	3364493	11593147	1606563	9986584	1931774913	481123
14048567533	3088334	27	8	3364708	11593951	1606673	9987278	1931907199	481139
14049649734	3088512	26	8	3364899	11594724	1606754	9987970	1931990445	481144
14051025749	3088697	25	8	3365100	11595520	1606832	9988688	1932054187	481146
14051986418	3088882	20	8	3365297	11596289	1606913	9989376	1932131678	481147
14052931601	3089076	21	8	3365506	11597084	1607001	9990083	1932207629	481154
14053934275	3089244	27	8	3365690	11597863	1607085	9990778	1932324553	481154
14054866353	3089450	26	8	3365910	11598655	1607178	9991477	1932435431	481164
14055708442	3089644	26	8	3366115	11599438	1607264	9992174	1932516585	481172
14057059334	3089830	25	8	3366311	11600228	1607351	9992877	1932580224	481176
14058054168	3090023	30	8	3366518	11601034	1607449	9993585	1932646127	481186
14058845921	3090209	27	8	3366721	11601813	1607535	9994278	1932727909	481190
14060073969	3090385	29	8	3366911	11602610	1607617	9994993	1932784985	481192
14060958461	3090589	20	8	3367134	11603418	1607706	9995712	1932883034	481201
14061770489	3090776	20	8	3367333	11604210	1607792	9996418	1932972009	481200
14062709459	3090961	29	8	3367534	11604990	1607879	9997111	1933069558	481203
14063610901	3091134	25	8	3367721	11605787	1607952	9997835	1933122540	481203
14064873456	3091312	26	8	3367917	11606571	1608019	9998552	1933196208	481204
14065772390	3091489	23	8	3368113	11607343	1608095	9999248	1933247156	481204
14067085031	3091675	24	8	3368311	11608142	1608169	9999973	1933312485	481204
14068113482	3091857	22	8	3368504	11608945	1608258	10000687	1933389333	481204
14068959813	3092051	22	8	3368709	11609727	1608333	10001394	1933508265	481213
14070084126	3092230	22	8	3368899	11610491	1608419	10002072	1933572217	481214
14070998308	3092406	28	8	3369084	11611276	1608521	10002755	1933637920	481216
14072248950	3092583	24	8	3369285	11612069	1608594	10003475	1933705699	481217
14073122510	3092779	27	8	3369497	11612880	1608694	10004186	1933839210	481226
14074137514	3092959	25	8	3369693	11613649	1608777	10004872	1933891438	481227
14075329152	3093134	28	8	3369883	11614424	1608850	10005574	1933980056	481227
14076351992	3093319	28	8	3370078	11615213	1608943	10006270	1934049763	481228
14077363306	3093511	24	8	3370285	11616017	1609038	10006979	1934108590	481231
14078208211	3093697	24	8	3370488	11616778	1609116	10007662	1934168977	481234
14079077905	3093877	24	8	3370683	11617559	1609202	10008357	1934229178	481235
14080199090	3094090	24	8	3370908	11618357	1609306	10009051	1934412917	481252
14081162276	3094281	29	8	3371106	11619145	1609402	10009743	1934506976	481260
14081946829	3094469	25	8	3371312	11619933	1609485	10010448	1934618453	481264
14082827092	3094651	29	8	3371507	11620719	1609579	10011140	1934670846	481265
14083755060	3094843	31	8	3371723	11621524	1609662	10011862	1934757904	481272
14084722181	3095033	23	8	3371922	11622331	1609731	10012600	1934850755	481274
14085696906	3095219	26	8	3372127	11623141	1609809	10013332	1934926757	481276
14086731969	3095398	22	8	3372322	11623919	1609892	10014027	1934978227	481276
14087656806	3095570	27	8	3372506	11624667	1609976	10014691	1935066704	481277
14088449502	3095757	25	8	3372713	11625441	1610073	10015368	1935170234	481283
14089410094	3095937	29	8	3372898	11626239	1610149	10016090	1935222619	481283
14090600017	3096122	24	8	3373094	11627022	1610219	10016803	1935286831	481285
14091824003	3096316	25	8	3373305	11627823	1610314	10017509	1935417591	481292
14092848657	3096497	22	8	3373500	11628605	1610390	10018215	1935474808	481292
14093992747	3096679	24	8	3373693	11629398	1610463	10018935	1935528808	481292
14095175220	3096854	25	8	3373878	11630169	1610541	10019628	1935582759	481292
14096120656	3097051	23	8	3374086	11630985	1610644	10020341	1935702226	481299
14096952785	3097230	26	8	3374279	11631742	1610721	10021021	1935776186	481302
14097864001	3097412	20	8	3374479	11632513	1610795	10021718	1935833086	481303
14099076039	3097585	25	8	3374663	11633289	1610867	10022422	1935952798	481307
14099926743	3097765	24	8	3374852	11634046	1610944	10023102	1936022973	481306
14101113421	3097944	22	8	3375044	11634819	1611018	10023801	1936088154	481308
14102128212	3098126	20	8	3375239	11635609	1611090	10024519	1936140454	481309
14103130896	3098310	18	8	3375435	11636397	1611174	10025223	1936197926	481310
14104106794	3098490	25	8	3375629	11637174	1611252	10025922	1936254741	481312
14105154466	3098667	27	8	3375822	11637937	1611321	10026616	1936310522	481312
14106167031	3098848	26	8	3376026	11638753	1611409	10027344	1936363966	481312
14107144628	3099030	23	8	3376221	11639517	1611475	10028042	1936414382	481312
14108480970	3099210	29	8	3376408	11640297	1611554	10028743	1936481485	481316
14109671882	3099398	22	8	3376609	11641089	1611638	10029451	1936554791	481318
14110609561	3099582	21	8	3376806	11641863	1611723	10030140	1936669799	481323
14111373058	3099767	33	8	3377007	11642707	1611804	10030903	1936822377	481329
14112233877	3099953	23	8	3377207	11643490	1611883	10031607	1936917263	481329
14113199978	3100132	23	8	3377392	11644267	1611964	10032303	1936972146	481330
14114129659	3100312	29	8	3377581	11645019	1612033	10032986	1937022467	481335
14114973931	3100511	23	8	3377796	11645802	1612118	10033684	1937097129	481346
14115876867	3100691	26	8	3377990	11646586	1612200	10034386	1937148592	481345
14116917800	3100878	27	8	3378190	11647360	1612286	10035074	1937201151	481350
14117940159	3101071	24	8	3378391	11648143	1612376	10035767	1937254070	481356
14119223246	3101266	26	8	3378596	11648953	1612473	10036480	1937401206	481364
14120334394	3101443	31	8	3378788	11649718	1612537	10037181	1937452110	481364
14121305013	3101630	17	8	3378986	11650503	1612624	10037879	1937511072	481368
14122471107	3101820	22	8	3379195	11651339	1612715	10038624	1937567344	481375
14123718262	3102005	24	8	3379386	11652138	1612805	10039333	1937724988	481379
14124764666	3102192	24	8	3379588	11652928	1612898	10040030	1937778131	481383
14125753311	3102365	26	8	3379772	11653694	1612975	10040719	1937828772	481383
14126756011	3102545	28	8	3379977	11654460	1613055	10041405	1937884746	481384
14127644897	3102723	24	8	3380168	11655210	1613132	10042078	1937940465	481385
14128614770	3102899	27	8	3380353	11655960	1613208	10042752	1937990000	481386
14129382792	3103081	28	8	3380556	11656728	1613278	10043450	1938072028	481386
14130528746	3103277	24	8	3380776	11657524	1613373	10044151	1938145250	481397
14131427602	3103468	24	8	3380976	11658340	1613467	10044873	1938201043	481404
14132266401	3103681	24	8	3381207	11659182	1613588	10045594	1938306645	481406
14133474605	3103869	27	8	3381404	11659980	1613662	10046318	1938404846	481411
14134559248	3104059	21	8	3381603	11660760	1613744	10047016	1938483565	481416
14135598427	3104235	25	8	3381795	11661558	1613828	10047730	1938535869	481416
14136632328	3104413	30	8	3381994	11662335	1613911	10048424	1938607338	481417
14137651166	3104609	26	8	3382203	11663159	1614018	10049141	1938825009	481421
14138741562	3104788	22	8	3382395	11663921	1614092	10049829	1938882480	481422
14139986675	3104978	25	8	3382597	11664699	1614187	10050512	1939018279	481434
14141020147	3105157	26	8	3382787	11665467	1614252	10051215	1939068619	481435
14142338200	3105342	19	8	3382995	11666311	1614335	10051976	1939124092	481435
14143401325	3105522	27	8	3383187	11667103	1614416	10052687	1939175915	481435
14144410746	3105702	24	8	3383384	11667880	1614482	10053398	1939227132	481435
14145457395	3105878	23	8	3383571	11668652	1614564	10054088	1939282528	481435
14146445931	3106062	25	8	3383766	11669437	1614645	10054792	1939355317	481435
14147379958	3106243	29	8	3383966	11670239	1614734	10055505	1939408408	481436
14148512645	3106432	27	8	3384162	11671039	1614823	10056216	1939488270	481440
14149836673	3106611	26	8	3384349	11671827	1614909	10056918	1939540321	481440
14150678958	3106788	30	8	3384543	11672606	1614993	10057613	1939591837	481439
14151498731	3106972	31	8	3384734	11673382	1615089	10058293	1939667700	481445
14152320178	3107160	25	8	3384930	11674162	1615165	10058997	1939719208	481445
14153230161	3107347	25	8	3385137	11674918	1615250	10059668	1939774900	481453
14154132539	3107517	29	8	3385320	11675664	1615328	10060336	1939825660	481454
14154988092	3107688	21	8	3385502	11676416	1615413	10061003	1939890534	481455
14155925992	3107871	25	8	3385701	11677192	1615499	10061693	1939957155	481459
14156950458	3108043	25	8	3385884	11677971	1615587	10062384	1940019348	481458
14157974199	3108221	26	8	3386072	11678734	1615671	10063063	1940073852	481459
14159201653	3108403	24	8	3386267	11679530	1615754	10063776	1940152376	481460
14160089289	3108585	21	8	3386464	11680281	1615833	10064448	1940210678	481461
14161202681	3108758	26	8	3386657	11681036	1615906	10065130	1940263540	481461
14162048763	3108935	24	8	3386856	11681807	1615989	10065818	1940378908	481462
14162928596	3109115	23	8	3387050	11682562	1616066	10066496	1940433326	481465
14163969876	3109310	24	8	3387255	11683343	1616154	10067189	1940507049	481476
14164969368	3109506	19	8	3387467	11684089	1616245	10067844	1940558812	481491
14166172207	3109677	27	8	3387652	11684844	1616331	10068513	1940623414	481491
14167019643	3109850	28	8	3387840	11685583	1616399	10069184	1940672662	481492
14168024393	3110025	23	8	3388044	11686359	1616481	10069878	1940737962	481492
14169037372	3110211	22	8	3388245	11687150	1616561	10070589	1940812446	481494
14169795367	3110386	18	8	3388439	11687936	1616651	10071285	1940866432	481494
14170564266	3110555	21	8	3388622	11688673	1616719	10071954	1940926740	481495
14171379345	3110735	20	8	3388815	11689445	1616805	10072640	1940979635	481495
14172394165	3110911	27	8	3389004	11690211	1616896	10073315	1941030732	481497
14173441777	3111104	24	8	3389210	11690994	1616977	10074017	1941083998	481505
14174634541	3111274	27	8	3389393	11691737	1617040	10074697	1941132639	481505
14175613265	3111451	23	8	3389592	11692510	1617116	10075394	1941183679	481505
14176689036	3111626	29	8	3389781	11693268	1617189	10076079	1941257145	481507
14177858560	3111803	25	8	3389972	11694039	1617279	10076760	1941329109	481511
14178672122	3112010	21	8	3390198	11694846	1617387	10077459	1941396668	481527
14179568339	3112185	24	8	3390393	11695602	1617467	10078135	1941447336	481527
14180557876	3112359	25	8	3390582	11696361	1617541	10078820	1941504537	481526
14181458778	3112544	29	8	3390784	11697132	1617629	10079503	1941582302	481531
14182251005	3112721	25	8	3390980	11697898	1617707	10080191	1941633046	481531
14183177750	3113016	25	8	3391288	11698859	1617904	10080955	1941786383	481530
14184222631	3113204	30	8	3391494	11699645	1617994	10081651	1941850344	481540
14185244895	3113390	24	8	3391697	11700412	1618072	10082340	1941902267	481544
14186287018	3113564	27	8	3391886	11701179	1618146	10083033	1941982389	481544
14187240610	3113744	21	8	3392079	11701925	1618212	10083713	1942034128	481545
14188019902	3113922	28	8	3392270	11702659	1618292	10084367	1942091310	481551
14188952003	3114100	31	8	3392459	11703402	1618366	10085036	1942141632	481552
14190008162	3114274	26	8	3392641	11704141	1618435	10085706	1942195960	481552
14190819766	3114450	23	8	3392844	11704898	1618499	10086399	1942250949	481553
14191958462	3114627	27	8	3393031	11705663	1618565	10087098	1942334849	481555
14192993739	3114810	19	8	3393229	11706417	1618639	10087778	1942393360	481556
14194129705	3114984	25	8	3393418	11707180	1618722	10088458	1942449265	481558
14195435919	3115160	22	8	3393605	11707957	1618809	10089148	1942500160	481558
14196526902	3115334	28	8	3393788	11708711	1618888	10089823	1942549871	481558
14197497694	3115505	24	8	3393979	11709472	1618968	10090504	1942600325	481558
14198926929	3115680	21	8	3394170	11710249	1619038	10091211	1942660117	481559
14199896159	3115855	29	8	3394360	11711002	1619118	10091884	1942709971	481559
14200990297	3116036	28	8	3394555	11711763	1619201	10092562	1942769620	481562
14201754164	3116220	23	8	3394752	11712531	1619284	10093247	1942847727	481565
14202773710	3116397	25	8	3394952	11713310	1619354	10093956	1942900150	481566
14203767916	3116576	25	8	3395141	11714087	1619445	10094642	1942982338	481570
14204919760	3116755	26	8	3395330	11714841	1619530	10095311	1943032832	481570
14205908555	3116951	30	8	3395545	11715631	1619624	10096007	1943153883	481583
14206899709	3117127	29	8	3395733	11716369	1619707	10096662	1943227126	481586
14207825682	3117306	24	8	3395925	11717124	1619780	10097344	1943276974	481586
14208755147	3117480	23	8	3396111	11717890	1619864	10098026	1943327335	481586
14209762293	3117656	23	8	3396295	11718655	1619944	10098711	1943378769	481587
14210689886	3117830	25	8	3396480	11719401	1620023	10099378	1943446784	481587
14211603247	3118008	26	8	3396669	11720155	1620097	10100058	1943550017	481589
14212458740	3118186	22	8	3396857	11720901	1620171	10100730	1943601512	481589
14213458817	3118369	24	8	3397055	11721660	1620252	10101408	1943696568	481593
14214523992	3118548	19	8	3397248	11722431	1620327	10102104	1943751407	481593
14215635561	3118719	29	8	3397433	11723190	1620404	10102786	1943821464	481593
14216889219	3118896	27	8	3397625	11723961	1620485	10103476	1943872563	481593
14217739640	3119076	20	8	3397816	11724695	1620559	10104136	1943944079	481598
14218802059	3119251	25	8	3398007	11725449	1620638	10104811	1944007834	481600
14219555238	3119458	22	8	3398223	11726237	1620741	10105496	1944068698	481616
14220601839	3119639	23	8	3398411	11727000	1620824	10106176	1944119196	481619
14221720788	3119815	34	8	3398596	11727751	1620898	10106853	1944186261	481619
14223011962	3119988	25	8	3398788	11728521	1620970	10107551	1944237045	481619
14223894579	3120165	25	8	3398980	11729281	1621060	10108221	1944293754	481621
14224760400	3120345	26	8	3399176	11730094	1621146	10108948	1944349792	481621
14225875870	3120526	27	8	3399368	11730872	1621242	10109630	1944471790	481623
14226702176	3120707	22	8	3399568	11731634	1621340	10110294	1944540212	481625
14227623739	3120878	26	8	3399762	11732362	1621404	10110958	1944597258	481627
14228450781	3121063	25	8	3399963	11733147	1621490	10111657	1944679455	481633
14229782154	3121244	25	8	3400154	11733898	1621555	10112343	1944781784	481634
14230633764	3121426	22	8	3400352	11734670	1621641	10113029	1944838717	481636
14231395768	3121601	20	8	3400533	11735411	1621721	10113690	1944887444	481636
14232644049	3121777	23	8	3400717	11736168	1621795	10114373	1944941403	481636
14233523335	3121957	27	8	3400903	11736921	1621888	10115033	1945011345	481640
14234520246	3122135	31	8	3401096	11737685	1621970	10115715	1945065804	481640
14235354593	3122310	27	8	3401287	11738442	1622060	10116382	1945120225	481642
14236253225	3122484	24	8	3401477	11739197	1622120	10117077	1945180229	481642
14237219995	3122659	23	8	3401660	11739937	1622200	10117737	1945240709	481644
14237950859	3122834	25	8	3401849	11740672	1622259	10118413	1945289475	481645
14239006432	3123010	24	8	3402035	11741406	1622344	10119062	1945367844	481645
14239925800	3123204	25	8	3402240	11742191	1622433	10119758	1945485434	481657
14240831352	3123379	25	8	3402429	11742923	1622502	10120421	1945544721	481657
14241738950	3123566	24	8	3402630	11743690	1622572	10121118	1945741527	481661
14242743549	3123753	26	8	3402833	11744552	1622664	10121888	1945810256	481665
14243580827	3123928	28	8	3403023	11745298	1622739	10122559	1945860017	481665
14244659512	3124100	28	8	3403209	11746064	1622809	10123255	1945910272	481665
14245777270	3124280	24	8	3403401	11746812	1622890	10123922	1945982026	481670
14246641908	3124461	27	8	3403590	11747571	1622973	10124598	1946039590	481671
14247818835	3124640	29	8	3403784	11748342	1623059	10125283	1946100697	481672
14248714962	3124815	26	8	3403980	11749114	1623148	10125966	1946152152	481672
14249702041	3124991	25	8	3404170	11749877	1623236	10126641	1946250072	481672
14250793187	3125168	27	8	3404357	11750639	1623318	10127321	1946299998	481672
14251913024	3125348	27	8	3404549	11751389	1623383	10128006	1946387993	481673
14252694604	3125522	26	8	3404733	11752132	1623469	10128663	1946437226	481673
14253798342	3125703	26	8	3404924	11752886	1623548	10129338	1946534048	481676
14254742895	3125882	23	8	3405112	11753647	1623626	10130021	1946607497	481676
14255584925	3126061	23	8	3405311	11754406	1623706	10130700	1946665800	481681
14256455348	3126240	24	8	3405501	11755164	1623773	10131391	1946727946	481682
14257310623	3126410	24	8	3405687	11755902	1623844	10132058	1946776771	481682
14258278945	3126585	17	8	3405873	11756634	1623921	10132713	1946825262	481682
14259298047	3126752	19	8	3406049	11757363	1623996	10133367	1946873280	481682
14260530555	3126921	27	8	3406234	11758096	1624068	10134028	1946921817	481682
14261512296	3127095	30	8	3406429	11758855	1624151	10134704	1947049681	481687
14262477906	3127271	24	8	3406616	11759594	1624225	10135369	1947101420	481688
14263327927	3127449	22	8	3406805	11760317	1624294	10136023	1947177032	481690
14264251478	3127620	23	8	3406997	11761046	1624365	10136681	1947229008	481692
14265296033	3127797	22	8	3407188	11761798	1624447	10137351	1947311262	481696
14266635849	3127965	25	8	3407375	11762555	1624532	10138023	1947361252	481696
14267545492	3128131	21	8	3407559	11763258	1624595	10138663	1947411330	481697
14268455793	3128300	23	8	3407743	11763991	1624679	10139312	1947460974	481698
14269534018	3128473	23	8	3407925	11764747	1624756	10139991	1947511393	481698
14270279253	3128668	22	8	3408126	11765543	1624858	10140685	1947582308	481708
14271163529	3128837	26	8	3408310	11766270	1624938	10141332	1947637985	481710
14272196473	3129004	25	8	3408490	11767013	1625013	10142000	1947695553	481712
14273045491	3129190	25	8	3408705	11767762	1625098	10142664	1947765470	481718
14274256615	3129362	24	8	3408902	11768516	1625187	10143329	1947823879	481718
14275244891	3129535	23	8	3409092	11769228	1625254	10143974	1947886142	481720
14276092704	3129707	22	8	3409276	11769957	1625331	10144626	1947940125	481721
14277148654	3129880	23	8	3409468	11770719	1625402	10145317	1948002009	481724
14277998313	3130058	26	8	3409657	11771462	1625491	10145971	1948067073	481727
14278866609	3130234	26	8	3409839	11772218	1625570	10146648	1948153602	481730
14279748202	3130401	28	8	3410022	11772961	1625650	10147311	1948202697	481730
14280471938	3130576	24	8	3410216	11773682	1625724	10147958	1948254446	481733
14281340536	3130743	26	8	3410399	11774423	1625806	10148617	1948303471	481733
14282337312	3130920	25	8	3410587	11775150	1625872	10149278	1948361231	481737
14283317089	3131081	25	8	3410759	11775853	1625953	10149900	1948454033	481738
14284373290	3131256	20	8	3410943	11776596	1626034	10150562	1948537910	481738
14285484231	3131432	24	8	3411129	11777348	1626104	10151244	1948587614	481739
14286462777	3131605	21	8	3411315	11778085	1626183	10151902	1948709287	481739
14287592428	3131777	26	8	3411496	11778824	1626265	10152559	1948788059	481741
14288456683	3131974	22	8	3411706	11779561	1626346	10153215	1948883936	481750
14289340750	3132144	30	8	3411882	11780299	1626426	10153873	1948937954	481751
14290097275	3132317	26	8	3412065	11781021	1626491	10154530	1949040554	481752
14291139675	3132485	24	8	3412246	11781738	1626561	10155177	1949107324	481752
14292119241	3132664	21	8	3412438	11782490	1626648	10155842	1949157485	481753
14293119293	3132834	27	8	3412635	11783234	1626724	10156510	1949220668	481754
14294001024	3133011	21	8	3412826	11783972	1626800	10157172	1949273326	481755
14294961329	3133176	26	8	3412997	11784691	1626878	10157813	1949320775	481755
14296126345	3133354	21	8	3413190	11785441	1626954	10158487	1949406257	481756
14297232773	3133522	25	8	3413379	11786168	1627024	10159144	1949459131	481756
14298063131	3133683	31	8	3413563	11786856	1627095	10159761	1949510155	481756
14298830498	3133856	23	8	3413751	11787584	1627174	10160410	1949559236	481756
14299921119	3134039	20	8	3413947	11788323	1627251	10161072	1949623461	481760
14300726642	3134215	21	8	3414134	11789071	1627329	10161742	1949692204	481761
14301823189	3134383	24	8	3414321	11789821	1627403	10162418	1949741533	481761
14303032289	3134562	23	8	3414519	11790609	1627498	10163111	1949820233	481762
14303933888	3134732	23	8	3414697	11791328	1627565	10163763	1949867671	481762
14304974862	3134906	26	8	3414891	11792072	1627630	10164442	1949917062	481762
14306111119	3135073	23	8	3415074	11792818	1627710	10165108	1949969463	481763
14306968820	3135244	27	8	3415258	11793560	1627785	10165775	1950027546	481763
14307926856	3135414	23	8	3415436	11794286	1627865	10166421	1950075995	481763
14308837937	3135583	26	8	3415620	11795034	1627948	10167086	1950148751	481763
14309825889	3135757	21	8	3415807	11795768	1628019	10167749	1950197600	481763
14310845963	3135927	25	8	3415996	11796523	1628094	10168429	1950247265	481763
14311894149	3136093	22	8	3416178	11797265	1628175	10169090	1950296214	481763
14312922160	3136256	26	8	3416354	11797978	1628242	10169736	1950343235	481763
14313971042	3136431	25	8	3416543	11798718	1628317	10170401	1950402125	481764
14315052969	3136602	24	8	3416728	11799446	1628390	10171056	1950450650	481766
14315736590	3136780	25	8	3416917	11800173	1628481	10171692	1950529311	481768
14316611583	3136953	23	8	3417095	11800904	1628545	10172359	1950585226	481768
14317586218	3137123	21	8	3417279	11801624	1628621	10173003	1950636844	481769
14318664688	3137297	23	8	3417467	11802388	1628706	10173682	1950690286	481770
14319369699	3137468	24	8	3417657	11803122	1628791	10174331	1950741373	481771
14320259576	3137636	29	8	3417842	11803861	1628864	10174997	1950794136	481772
14321163233	3137809	26	8	3418031	11804619	1628942	10175677	1950843987	481772
14322254762	3137985	24	8	3418219	11805362	1629018	10176344	1950937890	481776
14323393659	3138158	23	8	3418404	11806121	1629105	10177016	1950987871	481776
14324370975	3138350	25	8	3418616	11806918	1629221	10177697	1951074421	481785
14325491902	3138521	21	8	3418806	11807643	1629277	10178366	1951123178	481786
14326523062	3138696	20	8	3418995	11808390	1629362	10179028	1951186805	481788
14327209791	3138865	24	8	3419190	11809113	1629427	10179686	1951235274	481788
14327953488	3139025	33	8	3419369	11809796	1629491	10180305	1951280914	481788
14329032698	3139196	24	8	3419550	11810531	1629574	10180957	1951420257	481790
14330316123	3139371	26	8	3419734	11811262	1629637	10181625	1951468724	481791
14331555367	3139546	24	8	3419931	11812019	1629720	10182299	1951519563	481792
14332378418	3139722	26	8	3420125	11812751	1629795	10182956	1951569105	481798
14333522002	3139895	26	8	3420317	11813497	1629868	10183629	1951650020	481799
14334492248	3140072	19	8	3420513	11814235	1629929	10184306	1951701727	481800
14335658812	3140236	25	8	3420698	11814965	1629994	10184971	1951749977	481800
14336720685	3140411	23	8	3420890	11815753	1630089	10185664	1951818519	481801
14337795752	3140583	25	8	3421075	11816482	1630148	10186334	1951876540	481801
14338871474	3140754	23	8	3421260	11817227	1630229	10186998	1951935415	481801
14339902679	3140922	25	8	3421444	11817979	1630305	10187674	1952000431	481802
14340981987	3141093	21	8	3421631	11818719	1630378	10188341	1952089837	481802
14342086679	3141263	23	8	3421812	11819428	1630446	10188982	1952176690	481803
14343198361	3141442	27	8	3422007	11820188	1630528	10189660	1952250585	481806
14344094341	3141617	27	8	3422204	11820888	1630601	10190287	1952298758	481810
14344972848	3141783	25	8	3422386	11821604	1630679	10190925	1952350270	481811
14345802722	3141954	23	8	3422567	11822349	1630763	10191586	1952399295	481811
14346784861	3142126	25	8	3422747	11823074	1630837	10192237	1952466417	481811
14347609203	3142298	28	8	3422932	11823792	1630906	10192886	1952517901	481812
14348610485	3142477	22	8	3423126	11824533	1630986	10193547	1952567627	481815
14349606236	3142655	28	8	3423314	11825275	1631066	10194209	1952629880	481820
14350706219	3142833	20	8	3423505	11826019	1631144	10194875	1952688230	481824
14351688123	3143003	26	8	3423685	11826761	1631231	10195530	1952747024	481826
14352761912	3143174	21	8	3423874	11827509	1631303	10196206	1952801379	481826
14353749084	3143341	28	8	3424049	11828242	1631384	10196858	1952849508	481828
14354831477	3143518	23	8	3424240	11828986	1631462	10197524	1952904422	481829
14355843348	3143688	27	8	3424421	11829709	1631536	10198173	1952965983	481830
14356733080	3143864	22	8	3424611	11830461	1631613	10198848	1953023380	481831
14357639298	3144040	25	8	3424797	11831199	1631706	10199493	1953074574	481836
14358598641	3144210	20	8	3424988	11831949	1631781	10200168	1953124601	481837
14359633205	3144380	24	8	3425166	11832678	1631849	10200829	1953172587	481837
14360567462	3144553	23	8	3425351	11833407	1631929	10201478	1953230575	481837
14361362179	3144727	21	8	3425538	11834131	1632005	10202126	1953278765	481837
14362373047	3144894	28	8	3425715	11834856	1632070	10202786	1953326683	481837
14363256717	3145069	24	8	3425919	11835602	1632147	10203455	1953391719	481838
14364278227	3145236	27	8	3426107	11836352	1632225	10204127	1953441132	481840
14365111881	3145412	25	8	3426304	11837082	1632299	10204783	1953496629	481840
14365918480	3145584	21	8	3426493	11837808	1632374	10205434	1953545049	481840
14366924186	3145755	23	8	3426677	11838561	1632445	10206116	1953594331	481840
14367835832	3145926	23	8	3426868	11839307	1632526	10206781	1953643923	481840
14368958564	3146096	22	8	3427064	11840071	1632604	10207467	1953694395	481840
14369741310	3146265	26	8	3427246	11840801	1632684	10208117	1953742704	481840
14370880417	3146435	27	8	3427434	11841535	1632753	10208782	1953791401	481840
14371668668	3146612	21	8	3427622	11842282	1632838	10209444	1953846771	481842
14372760663	3146778	25	8	3427816	11843015	1632903	10210112	1953895628	481842
14373812775	3146956	24	8	3428012	11843766	1632982	10210784	1954012852	481846
14374630707	3147122	25	8	3428197	11844483	1633054	10211429	1954060434	481846
14375284776	3147301	26	8	3428393	11845207	1633132	10212075	1954182715	481852
14376255282	3147477	23	8	3428589	11845949	1633210	10212739	1954236697	481853
14377360316	3147649	20	8	3428779	11846704	1633306	10213398	1954320778	481854
14378256114	3147837	26	8	3428979	11847483	1633406	10214077	1954373465	481862
14379637306	3148006	23	8	3429159	11848250	1633485	10214765	1954424167	481862
14380343222	3148177	22	8	3429339	11848974	1633554	10215420	1954472211	481862
14381168406	3148348	25	8	3429529	11849704	1633632	10216072	1954520922	481862
14382124939	3148515	28	8	3429708	11850417	1633692	10216725	1954568012	481862
14382938101	3148688	23	8	3429895	11851139	1633769	10217370	1954615683	481862
14383731949	3148854	20	8	3430079	11851859	1633846	10218013	1954663632	481862
14384601654	3149025	22	8	3430254	11852570	1633918	10218652	1954710491	481862
14385574090	3149192	25	8	3430435	11853289	1633989	10219300	1954758110	481862
14386375970	3149365	22	8	3430623	11854028	1634064	10219964	1954807048	481862
14387412443	3149536	21	8	3430812	11854768	1634136	10220632	1954862324	481862
14388539105	3149704	21	8	3430990	11855491	1634213	10221278	1954910047	481862
14389340001	3149872	29	8	3431180	11856228	1634288	10221940	1954959025	481862
14390120236	3150043	24	8	3431362	11856963	1634373	10222590	1955007460	481862
14391139459	3150212	34	8	3431546	11857709	1634445	10223264	1955056315	481862
14392074900	3150387	22	8	3431736	11858448	1634521	10223927	1955105588	481861
14392955517	3150558	22	8	3431916	11859195	1634603	10224592	1955170207	481862
14393780394	3150731	20	8	3432098	11859922	1634670	10225252	1955218180	481861
14394580772	3150898	29	8	3432280	11860641	1634739	10225902	1955265740	481861
14395396343	3151069	21	8	3432462	11861372	1634809	10226563	1955313962	481861
14396448555	3151239	26	8	3432653	11862128	1634891	10227237	1955363955	481861
14397450947	3151415	24	8	3432844	11862869	1634965	10227904	1955446551	481862
14398502006	3151584	25	8	3433024	11863602	1635042	10228560	1955494686	481862
14399386251	3151755	24	8	3433220	11864342	1635115	10229227	1955546730	481862
14400253660	3151923	24	8	3433409	11865074	1635192	10229882	1955609979	481863
14401110055	3152096	23	8	3433602	11865834	1635275	10230559	1955671597	481863
14402261527	3152264	25	8	3433786	11866581	1635354	10231227	1955720919	481863
14403074795	3152443	22	8	3433975	11867303	1635431	10231872	1955772403	481866
14404058232	3152619	23	8	3434166	11868055	1635509	10232546	1955837417	481867
14405122435	3152785	23	8	3434344	11868764	1635582	10233182	1955885696	481869
14406061529	3152956	18	8	3434526	11869465	1635634	10233831	1955932319	481869
14406877308	3153134	24	8	3434718	11870237	1635718	10234519	1956039891	481874
14407945103	3153303	25	8	3434894	11870973	1635782	10235191	1956087720	481874
14408880865	3153470	28	8	3435076	11871729	1635871	10235858	1956137243	481874
14409650800	3153641	23	8	3435266	11872442	1635921	10236521	1956184606	481874
14410627938	3153813	28	8	3435447	11873164	1635996	10237168	1956242488	481878
14411516130	3153981	27	8	3435627	11873896	1636073	10237823	1956326933	481878
14412367545	3154154	22	8	3435826	11874631	1636145	10238486	1956375963	481878
14413364086	3154330	26	8	3436012	11875351	1636217	10239134	1956437231	481881
14414354160	3154501	25	8	3436202	11876093	1636288	10239805	1956486174	481881
14415093417	3154667	24	8	3436385	11876820	1636360	10240460	1956534428	481881
14416032717	3154838	28	8	3436568	11877553	1636442	10241111	1956583114	481881
14416856081	3155003	21	8	3436760	11878253	1636500	10241753	1956634704	481881
14417680326	3155199	25	8	3436971	11879032	1636598	10242434	1956699858	481898
14418533451	3155372	20	8	3437158	11879759	1636659	10243100	1956795715	481898
14419466344	3155537	21	8	3437352	11880506	1636731	10243775	1956847173	481898
14420314268	3155708	25	8	3437540	11881231	1636804	10244427	1956895757	481898
14421457654	3155874	28	8	3437733	11881990	1636893	10245097	1956946143	481898
14422365194	3156048	25	8	3437927	11882746	1636965	10245781	1956995956	481898
14423492941	3156219	27	8	3438118	11883496	1637040	10246456	1957054157	481898
14424595468	3156391	25	8	3438308	11884238	1637111	10247127	1957103328	481898
14425468440	3156561	25	8	3438493	11884966	1637185	10247781	1957151669	481898
14426336562	3156728	26	8	3438670	11885673	1637245	10248428	1957197997	481898
14427250342	3156894	21	8	3438851	11886377	1637312	10249065	1957244667	481898
14428293418	3157058	23	8	3439032	11887119	1637390	10249729	1957304189	481899
14429005919	3157219	24	8	3439206	11887808	1637466	10250342	1957370773	481899
14430064224	3157389	27	8	3439387	11888527	1637528	10250999	1957458227	481899
14430888994	3157552	21	8	3439564	11889224	1637598	10251626	1957521873	481901
14431721444	3157718	23	8	3439746	11889944	1637664	10252280	1957572646	481902
14432535802	3157886	21	8	3439936	11890663	1637738	10252925	1957648858	481904
14433417040	3158044	23	8	3440101	11891335	1637801	10253534	1957693060	481904
