bytes_written	total_items	curr_connections	threads	cmd_set	cmd_get	get_misses	get_hits	bytes_read
11772763387	677070	18	8	679204	7513151	1554871	5958280	1861577959	361223
11773512631	677097	24	8	679231	7513663	1554966	5958697	1861652520	361227
11774394947	677117	23	8	679251	7514213	1555063	5959150	1861787274	361240
11775195609	677132	22	8	679266	7514767	1555156	5959611	1861900787	361248
11776471927	677140	25	8	679274	7515333	1555247	5960086	1862016021	361249
11777477974	677166	27	8	679300	7515886	1555349	5960537	1862158089	361267
11778448253	677233	24	8	679367	7516523	1555486	5961037	1862324269	361329
11779354290	677251	24	8	679385	7517090	1555579	5961511	1862455446	361337
11780005165	677257	30	8	679391	7517614	1555650	5961964	1862534265	361340
11781171907	677274	27	8	679408	7518151	1555743	5962408	1862675124	361350
11782309798	677289	25	8	679423	7518679	1555819	5962860	1862784967	361355
11783231676	677315	27	8	679449	7519291	1555909	5963382	1862884406	361359
11784067925	677325	23	8	679459	7519833	1556004	5963829	1862974591	361364
11784951282	677339	25	8	679473	7520385	1556094	5964291	1863093916	361370
11785757719	677388	21	8	679522	7520970	1556218	5964752	1863230352	361379
11787002165	677443	22	8	679577	7521578	1556350	5965228	1863481997	361425
11788146456	677486	26	8	679620	7522151	1556453	5965698	1863575746	361466
11789084743	677499	25	8	679633	7522700	1556542	5966158	1863637292	361475
11789896886	677520	23	8	679654	7523279	1556643	5966636	1863783090	361484
11791009284	677528	26	8	679662	7523797	1556714	5967083	1863866149	361486
11791805759	677560	23	8	679694	7524355	1556823	5967532	1863975258	361505
11792322583	677642	27	8	679776	7524982	1556976	5968006	1864101377	361578
11793310155	677767	23	8	679901	7525758	1557164	5968594	1864250737	361693
11794309104	677789	23	8	679923	7526329	1557277	5969052	1864335106	361710
11795160903	677800	24	8	679934	7526852	1557365	5969487	1864431273	361716
11795904430	677806	24	8	679940	7527402	1557436	5969966	1864549944	361718
11796659801	677820	21	8	679954	7527932	1557532	5970400	1864652157	361723
11797516697	677838	24	8	679972	7528491	1557629	5970862	1864843335	361736
11798328971	677898	19	8	680032	7529080	1557758	5971322	1865017257	361789
11799087594	677917	21	8	680051	7529581	1557827	5971754	1865185760	361802
11799843584	677931	25	8	680065	7530106	1557923	5972183	1865291004	361810
11800865982	677943	23	8	680077	7530641	1558008	5972633	1865353257	361817
11801832143	677983	17	8	680117	7531194	1558118	5973076	1865481095	361836
11802467936	678035	25	8	680169	7531755	1558233	5973522	1865629089	361875
11803222965	678059	25	8	680193	7532300	1558338	5973962	1865742287	361894
11804222153	678088	28	8	680222	7532880	1558441	5974439	1865961052	361915
11805004173	678114	24	8	680248	7533442	1558556	5974886	1866118157	361932
11806197628	678123	23	8	680257	7533961	1558635	5975326	1866209260	361934
11807202495	678141	23	8	680275	7534512	1558721	5975791	1866294784	361947
11808211712	678146	27	8	680280	7535029	1558800	5976229	1866371875	361946
11808902244	678163	25	8	680297	7535551	1558887	5976664	1866469140	361958
11809781400	678182	26	8	680316	7536073	1558981	5977092	1866633615	361968
11810764802	678210	28	8	680344	7536616	1559078	5977538	1866868347	361986
11811789129	678230	25	8	680364	7537213	1559170	5978043	1866990733	362000
11812715506	678244	30	8	680378	7537739	1559258	5978481	1867085661	362006
11813701811	678290	28	8	680424	7538315	1559373	5978942	1867255242	362039
11814471432	678311	25	8	680445	7538850	1559479	5979371	1867415126	362053
11815222619	678343	22	8	680477	7539403	1559578	5979825	1867523654	362076
11816040034	678357	30	8	680491	7539924	1559665	5980259	1867581509	362087
11816684175	678397	21	8	680531	7540513	1559780	5980733	1867714032	362122
11817502480	678432	26	8	680566	7541064	1559896	5981168	1867955003	362147
11818329827	678439	23	8	680573	7541578	1559970	5981608	1868086483	362149
11819284472	678454	27	8	680588	7542109	1560054	5982055	1868195414	362155
11820391607	678473	24	8	680607	7542662	1560142	5982520	1868364736	362167
11821275872	678491	23	8	680625	7543193	1560242	5982951	1868459218	362180
11822272486	678502	24	8	680636	7543744	1560339	5983405	1868547815	362183
11823300796	678528	27	8	680662	7544291	1560421	5983870	1868637143	362192
11824115956	678555	23	8	680689	7544805	1560515	5984290	1868819139	362212
11824922160	678583	26	8	680717	7545341	1560619	5984722	1868974654	362228
11825804724	678595	28	8	680729	7545879	1560699	5985180	1869063613	362232
11826651910	678598	27	8	680732	7546380	1560771	5985609	1869123392	362233
11827389722	678634	24	8	680768	7546916	1560891	5986025	1869261589	362262
11828128286	678660	25	8	680794	7547458	1561004	5986454	1869441789	362278
11828870425	678668	25	8	680802	7548005	1561083	5986922	1869537926	362281
11829853741	678684	27	8	680818	7548568	1561177	5987391	1869641716	362294
11830707414	678713	24	8	680847	7549078	1561268	5987810	1869788228	362321
11831440993	678721	26	8	680855	7549591	1561351	5988240	1869865970	362326
11832056603	678739	24	8	680873	7550128	1561453	5988675	1870023338	362333
11832867689	678751	22	8	680885	7550645	1561543	5989102	1870107519	362339
11833753634	678770	27	8	680904	7551206	1561629	5989577	1870289082	362344
11834551346	678773	23	8	680907	7551704	1561700	5990004	1870339624	362347
11835588797	678795	19	8	680929	7552239	1561795	5990444	1870406017	362366
11836536834	678803	27	8	680937	7552752	1561873	5990879	1870481429	362372
11837350781	678828	26	8	680962	7553294	1561967	5991327	1870563849	362393
11838041693	678846	24	8	680980	7553812	1562056	5991756	1870643379	362405
11838724968	678876	26	8	681010	7554311	1562149	5992162	1870712569	362425
11839400139	678893	29	8	681027	7554821	1562245	5992576	1870770716	362437
11840273981	678909	19	8	681043	7555325	1562328	5992997	1870829405	362449
11841016934	678934	23	8	681068	7555916	1562433	5993483	1871055254	362467
11841776384	678947	25	8	681081	7556424	1562514	5993910	1871136578	362475
11842653654	678966	19	8	681100	7556963	1562600	5994363	1871322774	362482
11843311848	678975	25	8	681109	7557454	1562673	5994781	1871387903	362485
11844213393	678986	24	8	681120	7558005	1562765	5995240	1871500506	362493
11844876551	678998	24	8	681132	7558534	1562848	5995686	1871577589	362504
11845743051	679007	22	8	681141	7559073	1562932	5996141	1871662949	362508
11846553638	679019	20	8	681153	7559590	1563011	5996579	1871769194	362511
11847218726	679044	29	8	681178	7560116	1563109	5997007	1871953097	362527
11848210066	679068	27	8	681202	7560642	1563209	5997433	1872035119	362545
11849047757	679091	25	8	681225	7561194	1563299	5997895	1872202616	362554
11849993247	679114	25	8	681248	7561736	1563397	5998339	1872296991	362569
11851061384	679145	24	8	681279	7562316	1563490	5998826	1872484997	362591
11851753566	679153	27	8	681287	7562821	1563572	5999249	1872577004	362597
11852589479	679164	27	8	681298	7563342	1563653	5999689	1872629248	362604
11853290889	679188	24	8	681322	7563883	1563746	6000137	1872733663	362624
11854367268	679200	27	8	681334	7564407	1563830	6000577	1872832628	362630
11855195362	679229	24	8	681363	7564993	1563942	6001051	1872936920	362657
11855931614	679243	23	8	681377	7565500	1564029	6001471	1873031011	362666
11856777913	679258	27	8	681392	7566070	1564128	6001942	1873124382	362673
11857675005	679269	22	8	681403	7566579	1564222	6002357	1873203382	362678
11858581099	679311	24	8	681445	7567186	1564337	6002849	1873340451	362714
11859642369	679322	25	8	681456	7567695	1564423	6003272	1873432837	362721
11860476446	679337	27	8	681471	7568218	1564521	6003697	1873511516	362735
11861193836	679360	23	8	681494	7568770	1564618	6004152	1873580192	362749
11861939368	679403	23	8	681537	7569316	1564718	6004598	1873753875	362782
11862812316	679414	23	8	681548	7569843	1564811	6005032	1873832988	362786
11863706506	679417	21	8	681551	7570341	1564884	6005457	1873893717	362786
11864450937	679423	23	8	681557	7570868	1564969	6005899	1873966733	362789
11865381022	679443	26	8	681577	7571395	1565055	6006340	1874074737	362804
11866148916	679475	28	8	681609	7571958	1565176	6006782	1874178743	362831
11867066101	679503	27	8	681637	7572512	1565283	6007229	1874290987	362854
11867593946	679530	27	8	681664	7573006	1565372	6007634	1874397893	362871
11868523246	679531	19	8	681665	7573511	1565449	6008062	1874462140	362871
11869549631	679545	22	8	681679	7574066	1565534	6008532	1874545344	362880
11870554097	679551	28	8	681685	7574585	1565619	6008966	1874671755	362882
11871287282	679565	27	8	681699	7575129	1565709	6009420	1874766322	362891
11872189607	679630	25	8	681764	7575718	1565840	6009878	1874958037	362951
11872977791	679635	22	8	681769	7576219	1565914	6010305	1875056786	362952
11873894711	679643	23	8	681777	7576732	1565983	6010749	1875125709	362951
11874779857	679646	24	8	681780	7577227	1566050	6011177	1875180528	362951
11875789149	679678	21	8	681812	7577766	1566158	6011608	1875307139	362977
11876655161	679687	20	8	681821	7578274	1566247	6012027	1875368276	362985
11877499703	679754	18	8	681888	7578871	1566384	6012487	1875475615	363044
11878447138	679772	25	8	681906	7579462	1566478	6012984	1875562527	363057
11879203485	679781	20	8	681915	7579985	1566558	6013427	1875639528	363061
11880030387	679792	22	8	681926	7580523	1566646	6013877	1875694754	363069
11880907563	679799	29	8	681933	7581001	1566722	6014279	1875793411	363071
11881743999	679825	24	8	681959	7581540	1566822	6014718	1875899054	363077
11882848348	679841	22	8	681975	7582072	1566917	6015155	1875998692	363089
11883926792	679843	26	8	681977	7582596	1566993	6015603	1876051733	363091
11884892215	679892	28	8	682026	7583177	1567104	6016073	1876164344	363137
11885618476	679915	23	8	682049	7583686	1567188	6016498	1876236286	363155
11886439044	679917	23	8	682051	7584199	1567267	6016932	1876288589	363157
11887493560	679919	22	8	682053	7584726	1567334	6017392	1876344951	363157
11888380494	679927	26	8	682061	7585259	1567407	6017852	1876422534	363163
11889322214	679934	24	8	682068	7585784	1567491	6018293	1876519090	363165
11890080715	679953	24	8	682087	7586339	1567588	6018751	1876601121	363180
11890736489	679991	25	8	682125	7586919	1567714	6019205	1876753772	363213
11891868341	680002	24	8	682136	7587447	1567805	6019642	1876832111	363224
11892694603	680014	24	8	682148	7587952	1567884	6020068	1876916206	363232
11893476306	680021	24	8	682155	7588468	1567968	6020500	1876968040	363238
11894400571	680046	23	8	682180	7589044	1568063	6020981	1877069062	363257
11895438534	680070	21	8	682204	7589576	1568157	6021419	1877168837	363276
11896409503	680078	23	8	682212	7590147	1568239	6021908	1877294988	363280
11897384087	680088	27	8	682222	7590684	1568320	6022364	1877421462	363285
11898381725	680105	29	8	682239	7591197	1568412	6022785	1877487325	363300
11899017243	680124	26	8	682258	7591726	1568494	6023232	1877583066	363311
11899697595	680164	24	8	682298	7592288	1568614	6023674	1877647812	363350
11900608319	680167	28	8	682301	7592805	1568695	6024110	1877708776	363351
11901496599	680182	21	8	682316	7593338	1568783	6024555	1877787462	363364
11902631589	680202	22	8	682336	7593916	1568890	6025026	1877883174	363379
11903495747	680211	22	8	682345	7594416	1568970	6025446	1877951007	363380
11904429772	680224	20	8	682358	7594930	1569055	6025875	1878029155	363389
11905205674	680247	24	8	682381	7595453	1569143	6026310	1878129962	363404
11906232045	680262	29	8	682396	7595963	1569219	6026744	1878230739	363409
11906931666	680272	22	8	682406	7596459	1569298	6027161	1878300127	363414
11907672765	680278	25	8	682412	7596958	1569373	6027585	1878380226	363417
11908628298	680296	24	8	682430	7597525	1569469	6028056	1878484503	363434
11909611247	680318	26	8	682452	7598086	1569559	6028527	1878605912	363448
11910805027	680323	27	8	682457	7598626	1569652	6028974	1878682970	363451
11911911115	680331	25	8	682465	7599161	1569742	6029419	1878742056	363456
11913001226	680357	28	8	682491	7599692	1569849	6029843	1878879874	363478
11913922762	680363	26	8	682497	7600199	1569912	6030287	1878931055	363483
11914695191	680374	23	8	682508	7600686	1569985	6030701	1879020946	363487
11915598728	680375	25	8	682509	7601206	1570068	6031138	1879073194	363487
11916626676	680431	26	8	682565	7601813	1570211	6031602	1879193007	363512
11917426583	680444	27	8	682578	7602351	1570307	6032044	1879342929	363518
11918130910	680468	23	8	682602	7602889	1570403	6032486	1879471636	363536
11919280353	680474	22	8	682608	7603395	1570483	6032912	1879529878	363541
11920161523	680488	28	8	682622	7603937	1570570	6033367	1879611073	363546
11921055729	680495	25	8	682629	7604467	1570666	6033801	1879719831	363550
11922018941	680517	23	8	682651	7605019	1570773	6034246	1879824253	363570
11922922099	680522	28	8	682656	7605535	1570856	6034679	1879889149	363571
11923670092	680523	26	8	682657	7606014	1570928	6035086	1879938669	363571
11924647436	680532	26	8	682666	7606533	1571017	6035516	1880039025	363576
11925193870	680553	25	8	682687	7607092	1571108	6035984	1880180397	363591
11926141832	680562	22	8	682696	7607602	1571191	6036411	1880267732	363599
11927042016	680572	20	8	682706	7608130	1571283	6036847	1880361136	363603
11928099055	680594	23	8	682728	7608694	1571380	6037314	1880545298	363621
11929175207	680630	24	8	682764	7609287	1571490	6037797	1880674120	363652
11930129760	680633	24	8	682767	7609797	1571565	6038232	1880725648	363653
11931027842	680634	24	8	682768	7610293	1571633	6038660	1880774935	363653
11931774464	680662	27	8	682796	7610850	1571735	6039115	1880927140	363675
11932740023	680688	31	8	682822	7611394	1571835	6039559	1881038373	363695
11933569379	680690	25	8	682824	7611899	1571916	6039983	1881096762	363695
11934267232	680698	24	8	682832	7612394	1572001	6040393	1881147567	363699
11935301423	680705	27	8	682839	7612915	1572085	6040830	1881211775	363701
11936119347	680717	28	8	682851	7613407	1572165	6041242	1881278162	363709
11936797029	680734	29	8	682868	7613951	1572253	6041698	1881403828	363713
11937779258	680748	22	8	682882	7614510	1572333	6042177	1881556120	363723
11938434683	680760	26	8	682894	7615019	1572426	6042593	1881609517	363729
11939348573	680768	27	8	682902	7615520	1572496	6043024	1881709887	363732
11940217134	680777	24	8	682911	7616031	1572576	6043455	1881798037	363739
11941487411	680787	30	8	682921	7616572	1572654	6043918	1881902375	363743
11942077933	680801	26	8	682935	7617105	1572749	6044356	1882058901	363752
11943037822	680809	25	8	682943	7617625	1572845	6044780	1882121498	363756
11943681321	680816	22	8	682950	7618151	1572920	6045231	1882201093	363755
11944399364	680821	27	8	682955	7618655	1572998	6045657	1882265519	363757
11945191928	680831	25	8	682965	7619179	1573068	6046111	1882362846	363757
11945867256	680884	27	8	683018	7619761	1573189	6046572	1882463140	363799
11946723967	680896	25	8	683030	7620275	1573272	6047003	1882547918	363810
11947719412	680907	21	8	683041	7620808	1573362	6047446	1882639749	363815
11948610907	680913	23	8	683047	7621318	1573438	6047880	1882720809	363819
11949332214	680923	30	8	683057	7621825	1573528	6048297	1882827029	363828
11950226867	680933	25	8	683067	7622353	1573609	6048744	1882890460	363834
11951081498	680944	25	8	683078	7622827	1573673	6049154	1883021603	363839
11951773197	680950	29	8	683084	7623369	1573764	6049605	1883103400	363843
11952697023	680981	25	8	683115	7623963	1573869	6050094	1883215097	363868
11953351234	680984	24	8	683118	7624462	1573931	6050531	1883265525	363871
11954102150	681001	24	8	683135	7624987	1574027	6050960	1883340310	363879
11954925523	681012	26	8	683146	7625525	1574122	6051403	1883454196	363883
11955705474	681018	32	8	683152	7626057	1574199	6051858	1883553480	363885
11956470859	681032	24	8	683166	7626567	1574287	6052280	1883661591	363896
11957454050	681052	24	8	683186	7627142	1574392	6052750	1883751335	363910
11958267688	681065	27	8	683199	7627648	1574482	6053166	1883851638	363916
11959258726	681071	28	8	683205	7628162	1574559	6053603	1883913491	363919
11960161572	681078	24	8	683212	7628672	1574640	6054032	1883979091	363923
11961201616	681082	28	8	683216	7629192	1574721	6054471	1884031439	363926
11962170751	681102	22	8	683236	7629721	1574822	6054899	1884125737	363940
11963045137	681120	23	8	683254	7630255	1574916	6055339	1884229880	363951
11963808968	681149	27	8	683283	7630799	1575023	6055776	1884329524	363972
11964425626	681156	25	8	683290	7631312	1575112	6056200	1884386291	363979
11965287011	681173	25	8	683307	7631853	1575209	6056644	1884451208	363994
11966052050	681185	28	8	683319	7632369	1575292	6057077	1884528064	364003
11966874162	681191	26	8	683325	7632859	1575374	6057485	1884598037	364006
11968021300	681196	28	8	683330	7633407	1575464	6057943	1884656706	364009
11968825084	681227	23	8	683361	7633918	1575551	6058367	1884879248	364028
11969749025	681239	24	8	683373	7634429	1575636	6058793	1884982127	364033
11970874147	681264	23	8	683398	7635019	1575733	6059286	1885157503	364051
11971834776	681272	24	8	683406	7635547	1575822	6059725	1885229525	364055
11972660026	681283	23	8	683417	7636076	1575905	6060171	1885308709	364063
11973549649	681286	26	8	683420	7636575	1575975	6060600	1885366045	364064
11974396697	681315	27	8	683449	7637131	1576066	6061065	1885526731	364085
11975204320	681346	26	8	683480	7637664	1576167	6061497	1885686918	364111
11976259527	681348	27	8	683482	7638208	1576248	6061960	1885748535	364112
11977064370	681353	22	8	683487	7638715	1576321	6062394	1885816651	364112
11978230402	681360	19	8	683494	7639235	1576410	6062825	1885945700	364113
11978869537	681372	24	8	683506	7639732	1576485	6063247	1886092536	364120
11980019748	681388	22	8	683522	7640272	1576575	6063697	1886182397	364134
11980777041	681395	23	8	683529	7640781	1576662	6064119	1886307908	364138
11981745409	681402	21	8	683536	7641302	1576757	6064545	1886366343	364142
11982593643	681411	19	8	683545	7641839	1576841	6064998	1886490089	364143
11983506013	681420	20	8	683554	7642372	1576918	6065454	1886554539	364145
11984385691	681430	24	8	683564	7642912	1577004	6065908	1886624196	364152
11985487774	681438	23	8	683572	7643417	1577082	6066335	1886702193	364154
11986271418	681441	27	8	683575	7643921	1577166	6066755	1886757562	364157
11987145780	681455	25	8	683589	7644451	1577258	6067193	1886902399	364167
11988080470	681458	27	8	683592	7644979	1577340	6067639	1886955138	364170
11989035172	681462	27	8	683596	7645478	1577416	6068062	1887005408	364174
11990062129	681470	22	8	683604	7646013	1577505	6068508	1887073143	364178
11990942497	681479	25	8	683613	7646716	1577591	6069125	1887142098	364181
11991759738	681481	29	8	683615	7647426	1577660	6069766	1887219421	364181
11992381780	681490	22	8	683624	7647939	1577756	6070183	1887287424	364186
11993115675	681502	26	8	683636	7648459	1577847	6070612	1887404796	364189
11993969201	681516	19	8	683650	7648967	1577930	6071037	1887531826	364198
11994933518	681520	27	8	683654	7649499	1578010	6071489	1887588924	364200
11995838277	681527	25	8	683661	7650038	1578095	6071943	1887641427	364207
11996702848	681534	26	8	683668	7650567	1578182	6072385	1887753888	364208
11997419368	681537	23	8	683671	7651067	1578260	6072807	1887810149	364211
11998244604	681544	24	8	683678	7651559	1578350	6073209	1887888489	364213
11999099130	681585	26	8	683719	7652158	1578453	6073705	1888047637	364250
11999996337	681594	23	8	683728	7652658	1578538	6074120	1888141770	364258
12000730994	681599	24	8	683733	7653133	1578605	6074528	1888203027	364259
12001603669	681609	24	8	683743	7653658	1578697	6074961	1888269265	364269
12002577568	681617	25	8	683751	7654198	1578780	6075418	1888340500	364276
12003331362	681621	25	8	683755	7654710	1578863	6075847	1888420003	364278
12003994277	681623	28	8	683757	7655216	1578947	6076269	1888482545	364279
12004932925	681659	25	8	683793	7655807	1579067	6076740	1888605247	364314
12005836207	681662	23	8	683796	7656310	1579145	6077165	1888659519	364315
12006792546	681664	25	8	683798	7656804	1579212	6077592	1888710875	364315
12007749868	681674	26	8	683808	7657323	1579299	6078024	1888801395	364322
12008930911	681695	28	8	683829	7657860	1579398	6078462	1888945518	364324
12009698027	681711	29	8	683845	7658387	1579499	6078888	1889013755	364337
12010250597	681740	24	8	683874	7658881	1579597	6079284	1889082466	364360
12011026936	681741	26	8	683875	7659358	1579663	6079695	1889160388	364360
12011998162	681747	28	8	683881	7659871	1579742	6080129	1889259608	364363
12012700342	681752	26	8	683886	7660363	1579806	6080557	1889336159	364365
12013540467	681760	24	8	683894	7660865	1579889	6080976	1889395550	364370
12014568173	681773	26	8	683907	7661389	1579989	6081400	1889480349	364375
12015452355	681815	25	8	683949	7661990	1580109	6081881	1889573555	364412
12016418151	681838	27	8	683972	7662536	1580195	6082341	1889767113	364418
12017210649	681849	24	8	683983	7663035	1580277	6082758	1889839655	364425
12018056886	681858	23	8	683992	7663565	1580361	6083204	1889958035	364429
12019078602	681891	24	8	684025	7664109	1580466	6083643	1890069491	364458
12019808884	681903	24	8	684037	7664624	1580564	6084060	1890156858	364467
12020609404	681920	23	8	684054	7665153	1580659	6084494	1890278198	364481
12021416757	681921	23	8	684055	7665645	1580739	6084906	1890328875	364481
12022227393	681924	24	8	684058	7666154	1580811	6085343	1890411656	364481
12022995546	681924	24	8	684058	7666689	1580886	6085803	1890463576	364481
12023674785	681936	26	8	684070	7667183	1580971	6086212	1890524420	364488
12024395645	681944	26	8	684078	7667745	1581050	6086695	1890691332	364494
12025408240	681946	25	8	684080	7668269	1581120	6087149	1890742633	364495
12026415628	681952	24	8	684086	7668764	1581188	6087576	1890817524	364499
12027301974	681961	29	8	684095	7669295	1581272	6088023	1890900112	364499
12028171548	681972	27	8	684106	7669793	1581353	6088440	1890991352	364508
12029191388	681988	30	8	684122	7670334	1581449	6088885	1891102257	364518
12029915879	681991	24	8	684125	7670826	1581519	6089307	1891159971	364520
12030784925	681997	27	8	684131	7671344	1581614	6089730	1891227989	364523
12031619717	682000	23	8	684134	7671840	1581685	6090155	1891283676	364523
12032313216	682002	24	8	684136	7672325	1581756	6090569	1891336136	364524
12033144028	682009	23	8	684143	7672820	1581840	6090980	1891395636	364523
12034010241	682032	20	8	684166	7673360	1581927	6091433	1891602986	364529
12035017527	682035	22	8	684169	7673877	1582003	6091874	1891654205	364531
12036037203	682038	22	8	684172	7674399	1582086	6092313	1891739085	364533
12036802175	682040	25	8	684174	7674914	1582175	6092739	1891797403	364534
12037584110	682071	25	8	684205	7675437	1582276	6093161	1891905516	364558
12038421197	682071	23	8	684205	7675939	1582348	6093591	1891956074	364558
12039275111	682080	24	8	684214	7676447	1582420	6094027	1892032791	364562
12040506696	682081	21	8	684215	7676951	1582495	6094456	1892090794	364563
12041345988	682093	24	8	684227	7677468	1582572	6094896	1892177885	364570
12042117671	682100	27	8	684234	7677977	1582645	6095332	1892265187	364572
12042908845	682118	27	8	684252	7678523	1582739	6095784	1892356336	364581
12043746472	682123	30	8	684257	7679026	1582815	6096211	1892422596	364582
12044609035	682131	23	8	684265	7679560	1582900	6096660	1892487881	364586
12045304918	682140	21	8	684274	7680072	1582975	6097097	1892576077	364590
12046390846	682140	25	8	684274	7680585	1583054	6097531	1892627186	364590
12047115000	682140	26	8	684274	7681054	1583125	6097929	1892675366	364590
12047859213	682143	27	8	684277	7681577	1583218	6098359	1892745641	364592
12048815682	682148	22	8	684282	7682085	1583302	6098783	1892832547	364594
12049569357	682197	27	8	684331	7682675	1583417	6099258	1893011882	364637
12050503154	682204	26	8	684338	7683173	1583492	6099681	1893078232	364641
12051709948	682213	28	8	684347	7683706	1583589	6100117	1893146779	364644
12052414950	682220	28	8	684354	7684253	1583677	6100576	1893236261	364648
12053362729	682233	26	8	684367	7684742	1583755	6100987	1893339043	364658
12054015279	682249	26	8	684383	7685293	1583854	6101439	1893413917	364670
12054780389	682253	23	8	684387	7685785	1583928	6101857	1893479788	364671
12055665322	682265	24	8	684399	7686303	1584009	6102294	1893595468	364679
12056500058	682265	26	8	684399	7686813	1584078	6102735	1893645540	364679
12057214063	682292	25	8	684426	7687342	1584181	6103161	1893716697	364705
12058152053	682304	26	8	684438	7687880	1584271	6103609	1893821500	364714
12058703893	682308	22	8	684442	7688375	1584363	6104012	1893884695	364716
12059408538	682311	23	8	684445	7688883	1584445	6104438	1893962588	364718
12060540451	682322	24	8	684456	7689429	1584532	6104897	1894045024	364723
12061603133	682323	28	8	684457	7689955	1584614	6105341	1894096010	364723
12062615469	682342	25	8	684476	7690501	1584726	6105775	1894173188	364736
12063287872	682363	27	8	684497	7691038	1584829	6106209	1894321263	364754
12064083727	682373	29	8	684507	7691563	1584920	6106643	1894389462	364762
12064783904	682405	27	8	684539	7692108	1585030	6107078	1894521520	364788
12065665122	682418	25	8	684552	7692620	1585113	6107507	1894713332	364797
12066538093	682422	28	8	684556	7693116	1585191	6107925	1894780170	364799
12067461375	682439	21	8	684573	7693657	1585285	6108372	1894886180	364812
12068353513	682448	23	8	684582	7694171	1585368	6108803	1894951743	364816
12069179764	682454	23	8	684588	7694688	1585447	6109241	1895003474	364822
12069967311	682455	27	8	684589	7695232	1585520	6109712	1895068979	364822
12070609104	682459	25	8	684593	7695745	1585601	6110144	1895142832	364823
12071659588	682463	25	8	684597	7696265	1585680	6110585	1895198030	364825
12072726351	682477	24	8	684611	7696806	1585773	6111033	1895267876	364827
12073797914	682479	22	8	684613	7697325	1585847	6111478	1895322564	364827
12074529026	682491	24	8	684625	7697842	1585937	6111905	1895440142	364837
12075440085	682495	21	8	684629	7698357	1586018	6112339	1895515129	364838
12076519528	682496	28	8	684630	7698869	1586098	6112771	1895566061	364838
12077094066	682501	24	8	684635	7699341	1586170	6113171	1895639027	364839
12077921191	682506	25	8	684640	7699852	1586252	6113600	1895708050	364842
12078639963	682510	25	8	684644	7700325	1586323	6114002	1895763598	364844
12079389652	682511	27	8	684645	7700821	1586399	6114422	1895903369	364845
12080125722	682511	28	8	684645	7701337	1586478	6114859	1895954583	364845
12081033157	682524	24	8	684658	7701845	1586558	6115287	1896081068	364855
12081995090	682534	24	8	684668	7702365	1586647	6115718	1896190504	364863
12082943495	682541	26	8	684675	7702886	1586727	6116159	1896266961	364865
12083860014	682573	24	8	684707	7703435	1586840	6116595	1896360687	364894
12084757501	682578	26	8	684712	7703932	1586914	6117018	1896416082	364898
12085705995	682581	25	8	684715	7704443	1586995	6117448	1896466946	364901
12086752953	682588	29	8	684722	7704961	1587085	6117876	1896535167	364906
12087483536	682599	27	8	684733	7705454	1587157	6118297	1896613368	364913
12088305836	682608	24	8	684742	7705988	1587257	6118731	1896725384	364917
12089247109	682612	25	8	684746	7706527	1587344	6119183	1896822811	364917
12090026910	682614	23	8	684748	7707018	1587414	6119604	1896879197	364917
12090867235	682618	26	8	684752	7707517	1587495	6120022	1896955722	364917
12091657686	682629	26	8	684763	7708020	1587575	6120445	1897031615	364924
12092580418	682632	27	8	684766	7708554	1587657	6120897	1897101017	364924
12093370494	682636	26	8	684770	7709079	1587752	6121327	1897173720	364926
12094181943	682650	25	8	684784	7709589	1587828	6121761	1897282805	364931
12095320371	682653	24	8	684787	7710092	1587900	6122192	1897347953	364931
12096245303	682654	25	8	684788	7710604	1587970	6122634	1897399197	364931
12096985083	682655	25	8	684789	7711086	1588043	6123043	1897449831	364932
12097988326	682674	22	8	684808	7711617	1588133	6123484	1897560718	364948
12098748187	682678	22	8	684812	7712087	1588203	6123884	1897632516	364952
12099784603	682681	21	8	684815	7712611	1588288	6124323	1897692882	364954
12100494767	682688	27	8	684822	7713128	1588373	6124755	1897770339	364958
12101358323	682696	25	8	684830	7713625	1588446	6125179	1897876771	364962
12102174624	682700	23	8	684834	7714127	1588530	6125597	1897935811	364964
12103026378	682710	20	8	684844	7714647	1588599	6126048	1898032076	364970
12104072628	682712	22	8	684846	7715160	1588670	6126490	1898084783	364971
12105017874	682713	24	8	684847	7715652	1588733	6126919	1898134784	364971
12105770797	682714	26	8	684848	7716164	1588816	6127348	1898185604	364971
12106564335	682714	26	8	684848	7716649	1588890	6127759	1898235833	364971
12107521950	682714	20	8	684848	7717160	1588971	6128189	1898287314	364971
12108433840	682719	28	8	684853	7717672	1589055	6128617	1898341661	364975
12109046957	682726	25	8	684860	7718170	1589142	6129028	1898407841	364981
12110117346	682729	20	8	684863	7718686	1589223	6129463	1898458996	364981
12111080899	682747	28	8	684881	7719283	1589319	6129964	1898591639	364994
12111760091	682754	22	8	684888	7719770	1589397	6130373	1898682103	365000
12112628847	682754	22	8	684888	7720262	1589469	6130793	1898731974	364999
12113814701	682761	27	8	684895	7720784	1589556	6131228	1898795239	365004
12115016057	682780	24	8	684914	7721305	1589650	6131655	1898888010	365021
12115884011	682782	24	8	684916	7721831	1589737	6132094	1898939802	365020
12116799477	682792	26	8	684926	7722323	1589812	6132511	1899026880	365029
12117723491	682804	24	8	684938	7722840	1589897	6132943	1899130942	365039
12118304581	682818	28	8	684952	7723366	1589990	6133376	1899195363	365050
12119222697	682820	25	8	684954	7723850	1590064	6133786	1899277336	365050
12120238612	682822	20	8	684956	7724363	1590145	6134218	1899328873	365050
12121160738	682855	23	8	684989	7724924	1590254	6134670	1899472814	365076
12122209479	682859	25	8	684993	7725427	1590334	6135093	1899525969	365080
12122921218	682870	24	8	685004	7725936	1590409	6135527	1899637781	365091
12123749262	682873	26	8	685007	7726422	1590479	6135943	1899718933	365092
12124448574	682878	27	8	685012	7726913	1590554	6136359	1899793885	365094
12125352646	682879	22	8	685013	7727418	1590636	6136782	1899848215	365095
12126232011	682881	25	8	685015	7727928	1590717	6137211	1899914356	365096
12127257789	682881	25	8	685015	7728423	1590786	6137637	1899964662	365096
12128136841	682888	23	8	685022	7728947	1590878	6138069	1900029411	365101
12128941329	682905	25	8	685039	7729479	1590985	6138494	1900093192	365113
12129647239	682939	24	8	685073	7730058	1591090	6138968	1900194133	365115
12130377503	682945	26	8	685079	7730612	1591194	6139418	1900248557	365119
12131295215	682950	23	8	685084	7731131	1591275	6139856	1900316773	365120
12132183522	682951	24	8	685085	7731637	1591347	6140290	1900392194	365120
12133159496	682957	25	8	685091	7732143	1591424	6140719	1900469147	365126
12134140451	682970	24	8	685104	7732658	1591507	6141151	1900521657	365126
12135087215	682979	23	8	685113	7733169	1591584	6141585	1900749919	365129
12135767725	682999	23	8	685133	7733702	1591681	6142021	1900848144	365148
12136661610	683007	25	8	685141	7734222	1591776	6142446	1900936188	365153
12137438790	683008	23	8	685142	7734715	1591850	6142865	1900999275	365153
12138333230	683009	27	8	685143	7735238	1591937	6143301	1901052428	365153
12139278110	683018	25	8	685152	7735755	1592023	6143732	1901117207	365159
12140220488	683020	26	8	685154	7736253	1592092	6144161	1901188700	365159
12141250229	683022	24	8	685156	7736768	1592161	6144607	1901254345	365160
12141934732	683027	28	8	685161	7737274	1592236	6145038	1901348215	365162
12142723892	683045	26	8	685179	7737798	1592331	6145467	1901427513	365177
12143592813	683053	28	8	685187	7738289	1592402	6145887	1901491465	365183
12144381039	683055	28	8	685189	7738783	1592480	6146303	1901545897	365185
12145265242	683071	28	8	685205	7739297	1592573	6146724	1901598983	365199
12146038688	683075	19	8	685209	7739788	1592644	6147144	1901680200	365199
12147122702	683095	23	8	685229	7740305	1592729	6147576	1901832419	365216
12147817428	683099	25	8	685233	7740798	1592809	6147989	1901900078	365217
12148856486	683101	22	8	685235	7741279	1592868	6148411	1901952812	365217
12149698978	683109	23	8	685243	7741801	1592953	6148848	1902022077	365223
12150531831	683112	24	8	685246	7742307	1593022	6149285	1902075683	365223
12151422499	683114	26	8	685248	7742811	1593093	6149718	1902136570	365223
12152215815	683121	22	8	685255	7743345	1593171	6150174	1902196921	365228
12153057341	683124	21	8	685258	7743857	1593257	6150600	1902257275	365230
12154034904	683128	25	8	685262	7744373	1593341	6151032	1902358606	365231
12154889550	683135	21	8	685269	7744863	1593414	6151449	1902419704	365236
12155652013	683147	26	8	685281	7745377	1593506	6151871	1902503170	365245
12156321412	683166	26	8	685300	7745894	1593591	6152303	1902557031	365262
12157439942	683182	21	8	685316	7746400	1593675	6152725	1902607454	365278
12158268263	683184	23	8	685318	7746895	1593745	6153150	1902656668	365278
12159307634	683188	28	8	685322	7747411	1593813	6153598	1902717910	365282
12160246618	683190	24	8	685324	7747898	1593888	6154010	1902771839	365283
12161277344	683195	21	8	685329	7748404	1593972	6154432	1902831383	365287
12162029243	683197	15	8	685331	7748879	1594033	6154846	1902889391	365287
12163057458	683201	25	8	685335	7749364	1594106	6155258	1902953708	365289
12164003235	683202	18	8	685336	7749850	1594174	6155676	1903002747	365290
12164798869	683202	27	8	685336	7750355	1594244	6156111	1903052539	365290
12165599039	683223	26	8	685357	7750904	1594352	6156552	1903168577	365310
12166413016	683224	27	8	685358	7751408	1594445	6156963	1903218717	365309
12167094967	683224	22	8	685358	7751879	1594515	6157364	1903267082	365309
12167814532	683231	28	8	685365	7752386	1594593	6157793	1903370660	365313
12168739127	683237	26	8	685371	7752878	1594672	6158206	1903465096	365316
12169861410	683261	23	8	685395	7753412	1594780	6158632	1903534240	365339
12170758687	683261	22	8	685395	7753928	1594852	6159076	1903584631	365339
12171438796	683263	26	8	685397	7754423	1594937	6159486	1903636309	365340
12172147405	683270	27	8	685404	7754910	1595011	6159899	1903702698	365345
12172844940	683270	23	8	685404	7755393	1595084	6160309	1903751292	365345
12173733024	683390	20	8	685524	7756093	1595282	6160811	1903825038	365346
12174402407	683410	31	8	685544	7756623	1595379	6161244	1903884175	365365
12175110709	683425	22	8	685559	7757137	1595476	6161661	1903935938	365380
12176139128	683430	27	8	685564	7757655	1595559	6162096	1904000236	365383
12177039229	683435	24	8	685569	7758177	1595647	6162530	1904071754	365385
12178072883	683445	28	8	685579	7758707	1595739	6162968	1904165396	365392
12178842101	683446	26	8	685580	7759205	1595817	6163388	1904214988	365391
12179652870	683452	27	8	685586	7759700	1595900	6163800	1904308645	365390
12180424153	683454	22	8	685588	7760199	1595987	6164212	1904364485	365390
12181121231	683460	26	8	685594	7760700	1596069	6164631	1904426309	365395
12182286640	683461	21	8	685595	7761227	1596161	6165066	1904488409	365395
12183018205	683470	27	8	685604	7761733	1596244	6165489	1904581396	365398
12183777345	683472	22	8	685606	7762192	1596304	6165888	1904635965	365400
12184703140	683472	27	8	685606	7762694	1596377	6166317	1904685639	365400
12185459949	683475	24	8	685609	7763168	1596452	6166716	1904760458	365400
12186355363	683479	25	8	685613	7763691	1596538	6167153	1904811829	365402
12187134680	683482	28	8	685616	7764198	1596620	6167578	1904865964	365404
12187979085	683485	27	8	685619	7764705	1596701	6168004	1904928516	365407
12188726963	683495	21	8	685629	7765206	1596788	6168418	1904996515	365415
12189444222	683496	24	8	685630	7765703	1596872	6168831	1905049248	365416
12190075850	683506	24	8	685640	7766211	1596936	6169275	1905172336	365422
12190877037	683513	23	8	685647	7766705	1597006	6169699	1905260380	365423
12191954043	683537	27	8	685671	7767262	1597098	6170164	1905361666	365447
12192988804	683547	28	8	685681	7767761	1597168	6170593	1905442673	365456
12193688291	683550	25	8	685684	7768243	1597241	6171002	1905497517	365457
12194538832	683550	23	8	685684	7768709	1597297	6171412	1905545086	365457
12195364073	683554	25	8	685688	7769198	1597371	6171827	1905599840	365458
12196317467	683557	23	8	685691	7769714	1597458	6172256	1905656759	365459
12197248593	683561	26	8	685695	7770239	1597528	6172711	1905742904	365460
12197910618	683562	20	8	685696	7770723	1597602	6173121	1905792366	365460
12198928859	683573	24	8	685707	7771245	1597690	6173555	1905896837	365464
12199866808	683574	22	8	685708	7771759	1597766	6173993	1905947751	365464
12200850939	683574	28	8	685708	7772263	1597841	6174422	1905997618	365464
12201419996	683579	26	8	685713	7772749	1597913	6174836	1906081319	365464
12202107915	683585	23	8	685719	7773219	1597987	6175232	1906136088	365469
12202869441	683589	29	8	685723	7773720	1598067	6175653	1906199872	365472
12203706389	683622	26	8	685756	7774253	1598171	6176082	1906254910	365504
12204584321	683634	23	8	685768	7774780	1598268	6176512	1906339752	365515
12205598740	683635	28	8	685769	7775297	1598353	6176944	1906400309	365515
12206474110	683637	25	8	685771	7775791	1598428	6177363	1906471577	365516
12207492768	683638	25	8	685772	7776289	1598504	6177785	1906527738	365517
12208498389	683641	24	8	685775	7776832	1598579	6178253	1906607138	365519
12209415843	683645	25	8	685779	7777340	1598654	6178686	1906660284	365523
12210345079	683649	23	8	685783	7777844	1598735	6179109	1906732460	365525
12211257772	683653	24	8	685787	7778347	1598816	6179531	1906807515	365526
12212326341	683660	24	8	685794	7778882	1598891	6179991	1906858902	365532
12213190292	683663	22	8	685797	7779383	1598979	6180404	1906912685	365535
12214083568	683665	22	8	685799	7779881	1599047	6180834	1906973798	365535
12214759073	683666	20	8	685800	7780370	1599121	6181249	1907023774	365536
12215595833	683668	25	8	685802	7780886	1599215	6181671	1907076585	365538
12216391567	683679	25	8	685813	7781418	1599302	6182116	1907129335	365548
12216975623	683679	25	8	685813	7781907	1599372	6182535	1907178662	365548
12218065353	683679	26	8	685813	7782414	1599439	6182975	1907228318	365548
12218949498	683681	24	8	685815	7782924	1599511	6183413	1907301578	365548
12219719821	683682	23	8	685816	7783393	1599583	6183810	1907349411	365549
12220413774	683686	23	8	685820	7783901	1599679	6184222	1907409936	365553
12221336440	683686	25	8	685820	7784391	1599749	6184642	1907458318	365553
12222003833	683704	22	8	685838	7784923	1599826	6185097	1907539841	365568
12222893137	683706	25	8	685840	7785435	1599909	6185526	1907592564	365569
12223720035	683719	25	8	685853	7785963	1600008	6185955	1907649721	365580
12224691353	683741	26	8	685875	7786551	1600091	6186460	1907819548	365596
12225447468	683747	28	8	685881	7787067	1600175	6186892	1907883108	365599
12226339956	683748	25	8	685882	7787572	1600245	6187327	1907958273	365599
12227329547	683758	25	8	685892	7788072	1600326	6187746	1908016502	365606
12228378799	683766	24	8	685900	7788589	1600406	6188183	1908102932	365609
12229590509	683769	27	8	685903	7789114	1600495	6188619	1908156451	365610
12230328129	683769	25	8	685903	7789586	1600564	6189022	1908203993	365610
12231294765	683774	25	8	685908	7790086	1600634	6189452	1908275411	365615
12232374263	683777	24	8	685911	7790587	1600710	6189877	1908340168	365616
12233062499	683779	27	8	685913	7791091	1600792	6190299	1908402956	365617
12233909047	683782	23	8	685916	7791594	1600865	6190729	1908470870	365618
12234642667	683790	23	8	685924	7792087	1600947	6191140	1908539219	365623
12235416636	683793	21	8	685927	7792595	1601012	6191583	1908608460	365625
12236362470	683798	25	8	685932	7793119	1601095	6192024	1908666118	365628
12237140488	683802	26	8	685936	7793622	1601180	6192442	1908745694	365629
12237910613	683802	25	8	685936	7794119	1601248	6192871	1908794656	365629
12238807221	683802	20	8	685936	7794613	1601323	6193290	1908843628	365629
12239576285	683804	20	8	685938	7795143	1601396	6193747	1908932379	365630
12240435703	683806	24	8	685940	7795636	1601461	6194175	1909003436	365630
12241204811	683824	28	8	685958	7796157	1601550	6194607	1909055551	365646
12242025379	683826	24	8	685960	7796641	1601615	6195026	1909118517	365646
12243022655	683829	22	8	685963	7797158	1601697	6195461	1909169279	365647
12244063606	683831	21	8	685965	7797650	1601772	6195878	1909223524	365647
12244703345	683836	22	8	685970	7798149	1601848	6196301	1909280539	365648
12245377701	683836	24	8	685970	7798635	1601917	6196718	1909328458	365648
12245973500	683839	20	8	685973	7799093	1601998	6197095	1909381749	365649
12246822631	683839	22	8	685973	7799582	1602066	6197516	1909429754	365649
12247701071	683842	25	8	685976	7800101	1602149	6197952	1909490024	365649
12248712926	683858	21	8	685992	7800643	1602241	6198402	1909598825	365664
12249260768	683868	25	8	686002	7801134	1602329	6198805	1909659274	365673
12250173684	683876	25	8	686010	7801626	1602399	6199227	1909768831	365675
12251023679	683897	24	8	686031	7802140	1602496	6199644	1909873629	365694
12251884357	683897	25	8	686031	7802617	1602571	6200046	1909921799	365694
12252594950	683904	24	8	686038	7803074	1602639	6200435	1909988174	365697
12253416853	683904	25	8	686038	7803582	1602721	6200861	1910037305	365697
12254202320	683910	23	8	686044	7804078	1602794	6201284	1910086766	365703
12255027154	683916	24	8	686050	7804584	1602883	6201701	1910172076	365706
12255690513	683923	27	8	686057	7805087	1602962	6202125	1910241872	365712
12256448433	683925	30	8	686059	7805575	1603045	6202530	1910316692	365712
12257145281	683932	24	8	686066	7806054	1603124	6202930	1910378247	365717
12257695883	683932	21	8	686066	7806516	1603187	6203329	1910425382	365717
12258503209	683940	23	8	686074	7807011	1603269	6203742	1910505592	365724
12259290220	683940	27	8	686074	7807470	1603337	6204133	1910551743	365723
12260208698	683942	22	8	686076	7807962	1603401	6204561	1910599922	365725
12260908256	683951	21	8	686085	7808458	1603480	6204978	1910659907	365733
12261745393	683956	19	8	686090	7808963	1603553	6205410	1910711844	365735
12262566840	683959	23	8	686093	7809455	1603627	6205828	1910765393	365736
12263331647	683993	24	8	686127	7809975	1603734	6206241	1910860844	365764
12263984600	683995	28	8	686129	7810458	1603808	6206650	1910910564	365766
12264861719	683997	24	8	686131	7810968	1603892	6207076	1910963525	365765
12265595213	683998	26	8	686132	7811471	1603978	6207493	1911059693	365765
12266404299	684012	19	8	686146	7811979	1604056	6207923	1911158710	365777
12267285270	684012	23	8	686146	7812471	1604128	6208343	1911207386	365777
12268085211	684014	18	8	686148	7812956	1604197	6208759	1911261558	365779
12269131720	684015	24	8	686149	7813462	1604269	6209193	1911310961	365779
12270010738	684019	22	8	686153	7813948	1604340	6209608	1911359686	365782
12270849744	684020	27	8	686154	7814455	1604418	6210037	1911408912	365782
12271592248	684024	26	8	686158	7814908	1604487	6210421	1911498917	365785
12272563400	684027	25	8	686161	7815398	1604567	6210831	1911547265	365785
12273327711	684040	22	8	686174	7815951	1604674	6211277	1911617346	365796
12274193752	684041	22	8	686175	7816454	1604738	6211716	1911670607	365796
12274944699	684041	23	8	686175	7816946	1604820	6212126	1911719788	365796
12275656302	684042	25	8	686176	7817423	1604880	6212543	1911767569	365797
12276510702	684042	25	8	686176	7817914	1604948	6212966	1911816030	365797
12277302616	684042	24	8	686176	7818389	1605007	6213382	1911864343	365797
12278475471	684044	22	8	686178	7818867	1605077	6213790	1911917278	365797
12279368976	684045	24	8	686179	7819363	1605147	6214216	1911966245	365797
12280229349	684046	23	8	686180	7819866	1605219	6214647	1912015792	365797
12281101167	684046	28	8	686180	7820337	1605276	6215061	1912062666	365797
12281879467	684046	21	8	686180	7820805	1605350	6215455	1912110809	365797
12282615235	684048	22	8	686182	7821296	1605421	6215875	1912178921	365797
12283425540	684050	19	8	686184	7821780	1605494	6216286	1912261538	365797
12284326740	684050	23	8	686184	7822277	1605569	6216708	1912309701	365797
12285099054	684056	25	8	686190	7822797	1605652	6217145	1912399991	365802
12285729956	684063	26	8	686197	7823301	1605738	6217563	1912455771	365807
12286621604	684077	24	8	686211	7823797	1605815	6217982	1912534305	365818
12287265199	684079	21	8	686213	7824268	1605889	6218379	1912584965	365818
12288211606	684080	22	8	686214	7824757	1605964	6218793	1912633986	365819
12289230336	684083	25	8	686217	7825255	1606033	6219222	1912688177	365821
12290137328	684083	23	8	686217	7825716	1606095	6219621	1912735073	365821
12290756919	684088	26	8	686222	7826215	1606178	6220037	1912785293	365826
12291627047	684089	25	8	686223	7826719	1606249	6220470	1912838448	365826
12292312456	684092	26	8	686226	7827209	1606331	6220878	1912887375	365829
12293125644	684093	21	8	686227	7827700	1606395	6221305	1912935664	365829
12293944429	684125	24	8	686259	7828243	1606493	6221750	1913031720	365845
12294563514	684127	22	8	686261	7828715	1606563	6222152	1913143254	365847
12295335007	684130	21	8	686264	7829197	1606630	6222567	1913215771	365847
12296192284	684130	25	8	686264	7829677	1606705	6222972	1913263739	365847
12297393266	684130	30	8	686264	7830184	1606776	6223408	1913312137	365847
12298293281	684131	27	8	686265	7830669	1606854	6223815	1913360100	365847
12299076930	684134	23	8	686268	7831158	1606928	6224230	1913434435	365850
12299730332	684144	22	8	686278	7831642	1607008	6224634	1913508910	365857
12300593065	684152	27	8	686286	7832178	1607109	6225069	1913596160	365864
12301286797	684153	24	8	686287	7832656	1607187	6225469	1913644648	365865
12302342708	684153	16	8	686287	7833135	1607259	6225876	1913693053	365865
12303183226	684154	23	8	686288	7833620	1607332	6226288	1913761907	365865
12304208853	684159	23	8	686293	7834123	1607395	6226728	1913866221	365866
12304930215	684159	23	8	686293	7834600	1607481	6227119	1913914496	365866
12305807617	684159	23	8	686293	7835092	1607551	6227541	1913963150	365866
12306627094	684159	24	8	686293	7835579	1607623	6227956	1914010479	365866
12307409381	684160	23	8	686294	7836068	1607693	6228375	1914059692	365866
12308174406	684163	22	8	686297	7836547	1607767	6228780	1914108322	365866
12309155956	684166	24	8	686300	7837041	1607839	6229202	1914157985	365869
12310015701	684177	21	8	686311	7837516	1607916	6229600	1914277679	365877
12310800687	684179	25	8	686313	7838002	1607985	6230017	1914334944	365878
12311574707	684180	22	8	686314	7838494	1608062	6230432	1914384078	365878
12312540423	684180	27	8	686314	7838999	1608140	6230859	1914432844	365878
12313665765	684181	26	8	686315	7839523	1608223	6231300	1914485057	365879
12314606489	684189	23	8	686323	7840023	1608302	6231721	1914552876	365886
12315543925	684208	27	8	686342	7840555	1608408	6232147	1914641656	365904
12316371862	684213	20	8	686347	7841047	1608471	6232576	1914708926	365907
12317467478	684214	24	8	686348	7841550	1608544	6233006	1914758003	365907
12318182286	684215	22	8	686349	7842017	1608599	6233418	1914806082	365907
12318864795	684222	28	8	686356	7842500	1608669	6233831	1914874040	365913
12319784985	684222	23	8	686356	7843001	1608750	6234251	1914923600	365913
12320625581	684224	26	8	686358	7843476	1608814	6234662	1914975709	365915
12321433507	684229	21	8	686363	7843968	1608892	6235076	1915039326	365919
12322350836	684234	24	8	686368	7844441	1608958	6235483	1915136250	365921
12322774928	684237	22	8	686371	7844910	1609036	6235874	1915218139	365921
12323516801	684239	21	8	686373	7845408	1609119	6236289	1915268893	365920
12324308724	684244	23	8	686378	7845907	1609191	6236716	1915318785	365923
12325221225	684244	23	8	686378	7846417	1609272	6237145	1915368292	365923
12326176306	684245	26	8	686379	7846925	1609357	6237568	1915426461	365923
12327196549	684246	22	8	686380	7847417	1609430	6237987	1915475670	365923
12328007736	684250	27	8	686384	7847904	1609506	6238398	1915533124	365927
12328992117	684251	23	8	686385	7848397	1609581	6238816	1915583613	365928
12329635070	684253	18	8	686387	7848875	1609652	6239223	1915645028	365929
12330480859	684253	22	8	686387	7849366	1609722	6239644	1915693646	365929
12331199804	684257	24	8	686391	7849852	1609796	6240056	1915758790	365931
12332004596	684260	22	8	686394	7850322	1609877	6240445	1915821254	365932
12332722486	684260	25	8	686394	7850798	1609945	6240853	1915868801	365932
12333590261	684260	26	8	686394	7851286	1610014	6241272	1915917048	365932
12334411912	684262	21	8	686396	7851794	1610096	6241698	1915970303	365933
12335192794	684262	27	8	686396	7852292	1610173	6242119	1916018950	365933
12335701942	684267	24	8	686401	7852763	1610240	6242523	1916075787	365937
12336616249	684267	25	8	686401	7853234	1610313	6242921	1916123443	365937
12337943497	684276	26	8	686410	7853739	1610389	6243350	1916172527	365944
12338702609	684277	22	8	686411	7854226	1610456	6243770	1916223816	365945
12339367320	684277	21	8	686411	7854701	1610523	6244178	1916271165	365945
12340521375	684294	24	8	686428	7855210	1610598	6244612	1916392778	365961
12341318866	684296	22	8	686430	7855712	1610670	6245042	1916442400	365961
12342043820	684297	23	8	686431	7856197	1610742	6245455	1916511875	365961
12342990082	684297	25	8	686431	7856685	1610814	6245871	1916560094	365961
12343915244	684297	29	8	686431	7857177	1610882	6246295	1916609097	365961
12344780779	684297	22	8	686431	7857636	1610944	6246692	1916655296	365961
12345466495	684297	25	8	686431	7858120	1611015	6247105	1916703191	365961
12346339612	684299	20	8	686433	7858605	1611085	6247520	1916755261	365962
12347173399	684299	22	8	686433	7859094	1611158	6247936	1916803871	365962
12348124839	684301	21	8	686435	7859602	1611237	6248365	1916866359	365964
12348882713	684304	24	8	686438	7860110	1611323	6248787	1916916286	365965
12349944775	684304	24	8	686438	7860602	1611391	6249211	1916964831	365965
12351077222	684304	28	8	686438	7861107	1611472	6249635	1917013855	365965
12351910507	684304	28	8	686438	7861604	1611549	6250055	1917063212	365965
12352948413	684304	29	8	686438	7862084	1611622	6250462	1917111736	365965
12353720781	684306	21	8	686440	7862564	1611701	6250863	1917161191	365966
12354446666	684307	22	8	686441	7863060	1611783	6251277	1917210127	365966
12355715321	684308	21	8	686442	7863553	1611858	6251695	1917260668	365966
12356529312	684308	23	8	686442	7864032	1611919	6252113	1917307967	365966
12357366580	684308	22	8	686442	7864518	1611992	6252526	1917357054	365966
12358070916	684312	25	8	686446	7864991	1612058	6252933	1917420496	365967
12359008841	684313	23	8	686447	7865474	1612142	6253332	1917469833	365967
12359690685	684315	21	8	686449	7865965	1612213	6253752	1917550197	365967
12360557503	684315	24	8	686449	7866447	1612287	6254160	1917597929	365967
12361460819	684315	22	8	686449	7866915	1612350	6254565	1917644693	365967
12362008166	684318	23	8	686452	7867418	1612437	6254981	1917696471	365968
12362607191	684320	27	8	686454	7867907	1612504	6255403	1917748866	365968
12363558620	684327	21	8	686461	7868425	1612586	6255839	1917801344	365973
12364439913	684329	23	8	686463	7868936	1612672	6256264	1917855180	365975
12365211306	684331	22	8	686465	7869408	1612743	6256665	1917902286	365976
12366222477	684331	23	8	686465	7869934	1612824	6257110	1917952671	365976
12367273479	684339	23	8	686473	7870468	1612897	6257571	1918069436	365982
12368145186	684339	22	8	686473	7870956	1612977	6257979	1918118314	365982
12369036059	684339	28	8	686473	7871459	1613050	6258409	1918167691	365982
12369992152	684339	24	8	686473	7871950	1613134	6258816	1918215771	365982
12370960610	684345	26	8	686479	7872441	1613209	6259232	1918283497	365986
12371697830	684345	27	8	686479	7872934	1613288	6259646	1918332623	365986
12372442484	684345	22	8	686479	7873414	1613359	6260055	1918379842	365986
12373226299	684348	22	8	686482	7873883	1613437	6260446	1918433504	365989
12374104294	684352	22	8	686486	7874367	1613510	6260857	1918498171	365991
12374738521	684352	25	8	686486	7874836	1613580	6261256	1918545039	365991
12375502752	684352	24	8	686486	7875351	1613655	6261696	1918594674	365991
12376203648	684355	23	8	686489	7875839	1613735	6262104	1918644438	365992
12377101132	684378	25	8	686512	7876370	1613837	6262533	1918755930	366010
12378008486	684378	22	8	686512	7876853	1613921	6262932	1918804049	366010
12378812027	684382	26	8	686516	7877350	1614004	6263346	1918886912	366010
12379641131	684382	26	8	686516	7877853	1614072	6263781	1918936112	366010
12380326284	684384	25	8	686518	7878309	1614123	6264186	1918984013	366011
12381017133	684384	25	8	686518	7878798	1614203	6264595	1919032997	366011
12381688354	684387	24	8	686521	7879283	1614287	6264996	1919086798	366011
12382366618	684387	23	8	686521	7879761	1614355	6265406	1919134892	366011
12383335266	684387	23	8	686521	7880233	1614413	6265820	1919182930	366011
12384077358	684387	24	8	686521	7880703	1614486	6266217	1919229945	366011
12384844377	684388	24	8	686522	7881159	1614547	6266612	1919280600	366011
12385639745	684391	22	8	686525	7881624	1614609	6267015	1919345385	366013
12386598602	684392	25	8	686526	7882103	1614683	6267420	1919392386	366013
12387502716	684392	25	8	686526	7882584	1614758	6267826	1919440028	366013
12388204757	684399	17	8	686533	7883048	1614834	6268214	1919517502	366016
12389011807	684401	24	8	686535	7883548	1614908	6268640	1919572492	366016
12389965626	684403	24	8	686537	7884028	1614982	6269046	1919651864	366016
12390811290	684403	22	8	686537	7884480	1615051	6269429	1919697032	366016
