bytes_written	total_items	curr_connections	threads	cmd_set	cmd_get	get_misses	get_hits	bytes_read
11913292008	659116	19	8	657643	8039316	1530550	6508766	1557569964	381865
11914185668	659133	25	8	657660	8039858	1530630	6509228	1557652770	381865
11915123023	659152	24	8	657679	8040452	1530730	6509722	1557686408	381882
11915984942	659165	23	8	657692	8041059	1530829	6510230	1557807236	381889
11916770766	659171	29	8	657698	8041631	1530902	6510729	1557864372	381891
11917676382	659206	27	8	657733	8042240	1531014	6511226	1557980216	381915
11918495814	659273	23	8	657800	8042896	1531150	6511746	1558056937	381974
11919316387	659286	25	8	657813	8043500	1531240	6512260	1558130973	381978
11920212614	659293	30	8	657820	8044086	1531325	6512761	1558239658	381979
11920993249	659315	28	8	657842	8044687	1531429	6513258	1558285845	381990
11921691572	659327	24	8	657854	8045245	1531516	6513729	1558340682	381996
11922610424	659350	27	8	657877	8045847	1531597	6514250	1558444327	382001
11923536553	659364	27	8	657891	8046451	1531683	6514768	1558491842	382010
11924532872	659379	27	8	657906	8047001	1531768	6515233	1558558429	382016
11925392225	659417	23	8	657944	8047618	1531883	6515735	1558660726	382029
11926369069	659467	26	8	657994	8048256	1531999	6516257	1558799254	382072
11927325532	659504	28	8	658031	8048896	1532128	6516768	1558854318	382106
11928262186	659523	27	8	658050	8049489	1532230	6517259	1558929267	382118
11929126116	659543	27	8	658070	8050090	1532327	6517763	1559004857	382133
11929913283	659556	28	8	658083	8050692	1532413	6518279	1559115651	382137
11931092938	659594	26	8	658121	8051301	1532519	6518782	1559320156	382157
11931992345	659685	28	8	658212	8051989	1532685	6519304	1559521879	382237
11932894823	659811	24	8	658338	8052784	1532881	6519903	1559661781	382353
11933827659	659838	24	8	658365	8053396	1532975	6520421	1559748593	382374
11934597531	659850	25	8	658377	8053960	1533054	6520906	1559822473	382381
11935283561	659864	27	8	658391	8054566	1533139	6521427	1559897426	382386
11936080475	659876	22	8	658403	8055108	1533229	6521879	1559980647	382391
11936986537	659895	26	8	658422	8055691	1533317	6522374	1560066003	382403
11937798033	659939	24	8	658466	8056302	1533436	6522866	1560218993	382440
11938852759	659963	21	8	658490	8056879	1533534	6523345	1560382027	382450
11939647940	659979	27	8	658506	8057437	1533628	6523809	1560449099	382451
11940220462	659991	25	8	658518	8057995	1533713	6524282	1560529535	382457
11941240550	660022	21	8	658549	8058585	1533821	6524764	1560594277	382474
11942142516	660075	25	8	658602	8059190	1533950	6525240	1560712344	382510
11943125738	660102	26	8	658629	8059769	1534052	6525717	1560766834	382531
11943877767	660118	28	8	658645	8060350	1534137	6526213	1560842924	382539
11944789860	660138	26	8	658665	8060922	1534226	6526696	1560907852	382556
11945605931	660146	25	8	658673	8061471	1534305	6527166	1560960149	382557
11946658270	660158	25	8	658685	8062060	1534395	6527665	1561141322	382562
11947441032	660161	30	8	658688	8062606	1534473	6528133	1561194098	382562
11948225903	660177	33	8	658704	8063189	1534569	6528620	1561338985	382569
11948843049	660200	27	8	658727	8063737	1534645	6529092	1561482950	382577
11949521175	660217	29	8	658744	8064274	1534730	6529544	1561563125	382586
11950404408	660236	25	8	658763	8064812	1534806	6530006	1561661063	382597
11951187188	660251	29	8	658778	8065394	1534906	6530488	1561709240	382603
11951926003	660299	28	8	658826	8066032	1535026	6531006	1561773031	382646
11952979131	660304	26	8	658831	8066578	1535100	6531478	1561825104	382649
11953579697	660342	21	8	658869	8067148	1535202	6531946	1561954324	382678
11954316678	660367	30	8	658894	8067722	1535290	6532432	1562063893	382696
11955154711	660422	25	8	658949	8068376	1535418	6532958	1562326285	382741
11956191360	660455	28	8	658982	8068968	1535519	6533449	1562418286	382766
11957092510	660467	24	8	658994	8069537	1535600	6533937	1562494655	382771
11957876387	660483	28	8	659010	8070124	1535688	6534436	1562606479	382775
11958733120	660495	26	8	659022	8070675	1535765	6534910	1562663842	382781
11959537495	660510	24	8	659037	8071253	1535851	6535402	1562797433	382792
11960317680	660527	26	8	659054	8071809	1535934	6535875	1562881415	382801
11961170082	660554	27	8	659081	8072405	1536035	6536370	1562970121	382810
11961993294	660572	24	8	659099	8072952	1536126	6536826	1563028358	382822
11962930326	660595	25	8	659122	8073525	1536217	6537308	1563097294	382836
11963854380	660605	29	8	659132	8074097	1536295	6537802	1563159967	382840
11964642011	660609	28	8	659136	8074640	1536368	6538272	1563195205	382840
11965546115	660648	28	8	659175	8075221	1536480	6538741	1563241328	382876
11966366280	660667	27	8	659194	8075781	1536566	6539215	1563339558	382891
11967393254	660673	28	8	659200	8076352	1536638	6539714	1563378009	382894
11968347724	660690	29	8	659217	8076947	1536740	6540207	1563475151	382907
11969296056	660721	28	8	659248	8077532	1536841	6540691	1563553204	382932
11970443567	660728	26	8	659255	8078095	1536912	6541183	1563609054	382935
11971253372	660743	25	8	659270	8078646	1536976	6541670	1563713704	382945
11972057054	660755	23	8	659282	8079182	1537052	6542130	1563883433	382948
11972902355	660770	33	8	659297	8079765	1537134	6542631	1564013758	382954
11973628008	660782	25	8	659309	8080307	1537231	6543076	1564053766	382962
11974057076	660806	21	8	659333	8080860	1537336	6543524	1564107639	382980
11974998803	660817	30	8	659344	8081410	1537428	6543982	1564185366	382985
11975724733	660839	25	8	659366	8081965	1537516	6544449	1564328458	383001
11976723009	660864	27	8	659391	8082526	1537615	6544911	1564453806	383020
11977670284	660897	27	8	659424	8083078	1537717	6545361	1564623919	383049
11978552339	660910	29	8	659437	8083622	1537808	6545814	1564719609	383059
11979446932	660922	22	8	659449	8084141	1537888	6546253	1564881978	383061
11980437591	660944	24	8	659471	8084738	1537974	6546764	1565026548	383076
11981350859	660962	25	8	659489	8085304	1538065	6547239	1565106904	383090
11982055190	660979	24	8	659506	8085854	1538148	6547706	1565180514	383100
11982694218	660986	26	8	659513	8086401	1538229	6548172	1565220544	383100
11983957153	660996	24	8	659523	8086999	1538309	6548690	1565300323	383107
11984697573	661019	25	8	659546	8087572	1538406	6549166	1565394701	383121
11985322584	661025	23	8	659552	8088110	1538491	6549619	1565433649	383123
11986081602	661033	22	8	659560	8088671	1538568	6550103	1565494693	383126
11987190337	661053	30	8	659580	8089264	1538659	6550605	1565590877	383135
11988109712	661077	29	8	659604	8089857	1538758	6551099	1565670117	383155
11989052122	661095	25	8	659622	8090419	1538847	6551572	1565755037	383168
11989476203	661128	27	8	659655	8090958	1538952	6552006	1565962283	383191
11990241629	661149	27	8	659676	8091534	1539041	6552493	1566052158	383204
11991197593	661164	26	8	659691	8092099	1539124	6552975	1566100333	383213
11992157430	661180	27	8	659707	8092676	1539205	6553471	1566176714	383225
11992980063	661201	26	8	659728	8093253	1539302	6553951	1566214927	383244
11993898442	661213	28	8	659740	8093832	1539387	6554445	1566310764	383254
11994701103	661243	24	8	659770	8094411	1539481	6554930	1566424255	383278
11995695546	661253	24	8	659780	8094979	1539564	6555415	1566533491	383286
11996494157	661264	28	8	659791	8095545	1539649	6555896	1566583190	383292
11997510464	661279	25	8	659806	8096098	1539730	6556368	1566710590	383300
11998314513	661332	27	8	659859	8096749	1539836	6556913	1566846413	383341
11999016692	661340	24	8	659867	8097295	1539916	6557379	1566899580	383348
11999946741	661356	27	8	659883	8097862	1539993	6557869	1566965770	383358
12000974655	661375	24	8	659902	8098444	1540090	6558354	1567059564	383373
12001958882	661405	26	8	659932	8099024	1540188	6558836	1567202778	383391
12002817804	661418	23	8	659945	8099591	1540280	6559311	1567285337	383394
12003834526	661423	25	8	659950	8100156	1540360	6559796	1567335711	383395
12004627415	661428	23	8	659955	8100685	1540438	6560247	1567379702	383397
12005321143	661439	28	8	659966	8101241	1540516	6560725	1567430394	383406
12005884523	661456	28	8	659983	8101794	1540600	6561194	1567481290	383422
12007080878	661479	30	8	660006	8102346	1540687	6561659	1567631083	383439
12007932580	661504	29	8	660031	8102891	1540788	6562103	1567716097	383460
12008739190	661508	22	8	660035	8103421	1540857	6562564	1567748407	383458
12009724875	661515	24	8	660042	8103991	1540937	6563054	1567787033	383461
12010536089	661521	29	8	660048	8104547	1541012	6563535	1567829015	383461
12011259536	661532	32	8	660059	8105075	1541081	6563994	1567968597	383467
12012013639	661598	25	8	660125	8105685	1541224	6564461	1568025299	383528
12013091026	661604	23	8	660131	8106234	1541308	6564926	1568071414	383529
12013868991	661611	27	8	660138	8106771	1541384	6565387	1568121693	383531
12014721821	661616	24	8	660143	8107314	1541466	6565848	1568189365	383534
12015574257	661641	25	8	660168	8107872	1541560	6566312	1568298774	383553
12016565657	661659	21	8	660186	8108428	1541637	6566791	1568371373	383568
12017567700	661735	23	8	660262	8109082	1541795	6567287	1568487199	383638
12018689864	661750	27	8	660277	8109716	1541887	6567829	1568538010	383650
12019578810	661758	27	8	660285	8110275	1541977	6568298	1568585364	383655
12020334645	661768	25	8	660295	8110793	1542039	6568754	1568644202	383660
12021299450	661779	29	8	660306	8111376	1542125	6569251	1568736537	383664
12022195726	661804	27	8	660331	8111939	1542201	6569738	1568851149	383673
12022845449	661811	26	8	660338	8112449	1542273	6570176	1568916028	383677
12023813360	661817	26	8	660344	8113022	1542351	6570671	1568976970	383678
12024714372	661862	28	8	660389	8113656	1542480	6571176	1569022877	383720
12025342364	661888	25	8	660415	8114209	1542580	6571629	1569201722	383740
12026250882	661898	24	8	660425	8114747	1542649	6572098	1569271665	383741
12026938326	661905	25	8	660432	8115315	1542731	6572584	1569398757	383741
12027943382	661915	29	8	660442	8115921	1542816	6573105	1569505670	383746
12028505048	661924	25	8	660451	8116467	1542897	6573570	1569566916	383750
12029549167	661943	24	8	660470	8117062	1542995	6574067	1569631532	383765
12030665241	662000	24	8	660527	8117707	1543114	6574593	1569818780	383811
12031475127	662012	22	8	660539	8118244	1543182	6575062	1569889911	383821
12032249992	662021	27	8	660548	8118780	1543258	6575522	1569985968	383827
12033078870	662031	24	8	660558	8119335	1543342	6575993	1570017391	383836
12034077991	662054	24	8	660581	8119899	1543419	6576480	1570087594	383852
12034853311	662103	24	8	660630	8120512	1543548	6576964	1570184729	383896
12035780109	662107	28	8	660634	8121135	1543639	6577496	1570251875	383899
12036558874	662113	28	8	660640	8121675	1543711	6577964	1570298519	383901
12037715491	662132	28	8	660659	8122232	1543794	6578438	1570398523	383912
12038597908	662145	28	8	660672	8122810	1543879	6578931	1570456594	383923
12039579674	662189	25	8	660716	8123421	1543993	6579428	1570513501	383963
12040414751	662201	29	8	660728	8123989	1544071	6579918	1570580444	383963
12041319633	662216	24	8	660743	8124593	1544164	6580429	1570665475	383972
12042148714	662248	22	8	660775	8125164	1544261	6580903	1570838405	383995
12043159518	662254	21	8	660781	8125723	1544336	6581387	1570881620	384000
12044047127	662260	24	8	660787	8126276	1544410	6581866	1570914228	384003
12044923248	662279	21	8	660806	8126850	1544499	6582351	1570971501	384016
12045909490	662299	29	8	660826	8127450	1544593	6582857	1571121240	384029
12046807789	662311	26	8	660838	8128020	1544685	6583335	1571224410	384034
12047632353	662319	23	8	660846	8128568	1544766	6583802	1571271509	384037
12048633527	662341	27	8	660868	8129192	1544867	6584325	1571357600	384059
12049670252	662366	29	8	660893	8129786	1544973	6584813	1571429009	384078
12050587485	662368	27	8	660895	8130330	1545044	6585286	1571461845	384079
12051617008	662375	25	8	660902	8130870	1545112	6585758	1571509019	384081
12052227280	662400	28	8	660927	8131413	1545204	6586209	1571563134	384103
12053182707	662404	26	8	660931	8131976	1545275	6586701	1571618451	384104
12054034448	662408	24	8	660935	8132490	1545346	6587144	1571662238	384105
12054802479	662411	27	8	660938	8133052	1545429	6587623	1571714924	384105
12055588956	662463	24	8	660990	8133667	1545551	6588116	1571848941	384129
12056695649	662489	28	8	661016	8134293	1545640	6588653	1571988107	384146
12057660666	662504	25	8	661031	8134878	1545726	6589152	1572085274	384156
12058649237	662516	24	8	661043	8135433	1545816	6589617	1572151930	384164
12059347246	662528	28	8	661055	8135997	1545893	6590104	1572284649	384170
12060260452	662532	26	8	661059	8136536	1545975	6590561	1572313267	384172
12061151820	662548	22	8	661075	8137070	1546059	6591011	1572383351	384186
12061898944	662555	28	8	661082	8137603	1546120	6591483	1572439552	384189
12062865204	662559	28	8	661086	8138163	1546198	6591965	1572511372	384190
12063714746	662570	27	8	661097	8138689	1546279	6592410	1572575790	384198
12064766709	662590	26	8	661117	8139292	1546356	6592936	1572702449	384210
12065641981	662596	23	8	661123	8139844	1546433	6593411	1572735226	384213
12066325215	662606	22	8	661133	8140361	1546487	6593874	1572826114	384215
12067146783	662636	26	8	661163	8140951	1546584	6594367	1573005131	384237
12067931542	662667	24	8	661194	8141579	1546675	6594904	1573073847	384262
12068844710	662669	23	8	661196	8142139	1546744	6595395	1573144651	384262
12069653687	662673	25	8	661200	8142655	1546815	6595840	1573180249	384264
12070578759	662712	30	8	661239	8143277	1546938	6596339	1573283002	384295
12071305330	662730	33	8	661257	8143841	1547042	6596799	1573327612	384306
12071888777	662737	23	8	661264	8144398	1547133	6597265	1573368473	384308
12072691879	662748	27	8	661275	8144959	1547229	6597730	1573472354	384314
12073554392	662756	29	8	661283	8145534	1547315	6598219	1573572533	384315
12074476608	662765	27	8	661292	8146068	1547399	6598669	1573633478	384322
12075445268	662779	31	8	661306	8146647	1547486	6599161	1573719402	384323
12076407592	662789	27	8	661316	8147219	1547574	6599645	1573838338	384330
12077116781	662798	28	8	661325	8147734	1547643	6600091	1573940064	384336
12078000926	662804	29	8	661331	8148301	1547731	6600570	1574005122	384338
12078942013	662811	25	8	661338	8148845	1547808	6601037	1574073599	384343
12079814223	662818	26	8	661345	8149407	1547887	6601520	1574133543	384346
12080828573	662831	26	8	661358	8149982	1547965	6602017	1574167596	384356
12081659584	662840	25	8	661367	8150513	1548042	6602471	1574259681	384359
12082443391	662840	25	8	661367	8151078	1548124	6602954	1574289329	384359
12083254384	662847	27	8	661374	8151623	1548216	6603407	1574338364	384361
12084117509	662852	25	8	661379	8152181	1548298	6603883	1574415863	384362
12085049708	662898	28	8	661425	8152798	1548420	6604378	1574567695	384397
12085922129	662903	27	8	661430	8153342	1548502	6604840	1574596437	384402
12086825863	662913	22	8	661440	8153893	1548579	6605314	1574701889	384403
12087808620	662924	23	8	661451	8154472	1548668	6605804	1574746455	384408
12088763890	662936	29	8	661463	8155034	1548746	6606288	1574790640	384416
12089754269	662945	25	8	661472	8155587	1548823	6606764	1574891506	384419
12090922208	662950	26	8	661477	8156152	1548915	6607237	1574925053	384420
12091879343	662959	29	8	661486	8156723	1548995	6607728	1575025870	384425
12092828965	662989	26	8	661516	8157319	1549084	6608235	1575127442	384441
12093621756	662995	24	8	661522	8157870	1549160	6608710	1575173029	384439
12094419837	663012	25	8	661539	8158427	1549253	6609174	1575264265	384446
12095167837	663021	27	8	661548	8158972	1549337	6609635	1575338893	384444
12096215091	663027	32	8	661554	8159543	1549421	6610122	1575400528	384441
12097229214	663046	25	8	661573	8160106	1549512	6610594	1575542792	384453
12097944929	663062	26	8	661589	8160637	1549582	6611055	1575629247	384464
12098776990	663078	30	8	661605	8161198	1549668	6611530	1575766204	384467
12099831496	663094	29	8	661621	8161795	1549762	6612033	1575866587	384469
12100746203	663102	26	8	661629	8162367	1549840	6612527	1575935202	384473
12101721392	663113	28	8	661640	8162948	1549935	6613013	1576023921	384482
12102558332	663139	25	8	661666	8163521	1550034	6613487	1576127412	384502
12103228998	663142	23	8	661669	8164035	1550088	6613947	1576174399	384500
12104369449	663167	27	8	661694	8164618	1550184	6614434	1576260002	384518
12105516845	663173	26	8	661700	8165182	1550264	6614918	1576301112	384522
12106534042	663189	25	8	661716	8165737	1550348	6615389	1576367296	384532
12107110021	663198	29	8	661725	8166300	1550437	6615863	1576410237	384539
12107892958	663205	25	8	661732	8166835	1550514	6616321	1576455148	384541
12108735758	663213	30	8	661740	8167410	1550595	6616815	1576497394	384544
12109607476	663235	24	8	661762	8167972	1550696	6617276	1576539159	384558
12110493148	663242	26	8	661769	8168527	1550775	6617752	1576596604	384560
12111038067	663270	27	8	661797	8169159	1550891	6618268	1576683399	384576
12112018591	663279	25	8	661806	8169712	1550970	6618742	1576730391	384583
12112951506	663284	23	8	661811	8170252	1551041	6619211	1576795772	384584
12114039499	663286	25	8	661813	8170806	1551126	6619680	1576833649	384584
12114904957	663313	30	8	661840	8171399	1551227	6620172	1576969687	384598
12115692497	663342	29	8	661869	8171999	1551330	6620669	1577097623	384623
12116735059	663345	27	8	661872	8172564	1551405	6621159	1577154593	384622
12117481485	663350	22	8	661877	8173134	1551498	6621636	1577233810	384625
12118478910	663356	22	8	661883	8173673	1551581	6622092	1577315209	384624
12119496979	663369	27	8	661896	8174239	1551668	6622571	1577364414	384626
12120448631	663382	22	8	661909	8174796	1551754	6623042	1577413498	384629
12121363321	663391	26	8	661918	8175356	1551828	6623528	1577447454	384633
12122113398	663404	25	8	661931	8175896	1551901	6623995	1577510507	384634
12123029853	663416	21	8	661943	8176472	1551982	6624490	1577604708	384633
12123876833	663420	23	8	661947	8177005	1552053	6624952	1577642601	384633
12124805258	663427	27	8	661954	8177579	1552150	6625429	1577692026	384638
12125752592	663430	24	8	661957	8178118	1552227	6625891	1577726043	384641
12126852383	663435	26	8	661962	8178680	1552317	6626363	1577760533	384641
12127683105	663450	27	8	661977	8179242	1552399	6626843	1577814975	384648
12128570832	663457	27	8	661984	8179783	1552473	6627310	1577864823	384650
12129398895	663467	29	8	661994	8180331	1552553	6627778	1577939678	384653
12130182643	663477	23	8	662004	8180863	1552620	6628243	1578003739	384655
12131164561	663484	27	8	662011	8181617	1552700	6628917	1578079339	384656
12132120523	663492	29	8	662019	8182389	1552790	6629599	1578221272	384656
12132858197	663496	23	8	662023	8182915	1552859	6630056	1578260351	384658
12133917875	663516	25	8	662043	8183492	1552948	6630544	1578313440	384675
12134732255	663528	22	8	662055	8184043	1553036	6631007	1578385968	384683
12135418806	663535	27	8	662062	8184589	1553113	6631476	1578452865	384684
12136227216	663548	25	8	662075	8185184	1553200	6631984	1578540132	384696
12137088419	663553	25	8	662080	8185732	1553274	6632458	1578582179	384698
12137958042	663558	27	8	662085	8186285	1553346	6632939	1578619711	384700
12139147265	663569	26	8	662096	8186843	1553422	6633421	1578676526	384707
12139890209	663608	27	8	662135	8187477	1553539	6633938	1578786441	384742
12140575878	663620	27	8	662147	8188016	1553632	6634384	1578833830	384752
12141521772	663623	25	8	662150	8188535	1553701	6634834	1578870887	384751
12142302505	663633	26	8	662160	8189085	1553773	6635312	1578920386	384759
12142962008	663646	26	8	662173	8189662	1553860	6635802	1578996103	384766
12143888039	663651	28	8	662178	8190210	1553934	6636276	1579025009	384767
12144964192	663656	27	8	662183	8190777	1554013	6636764	1579058681	384767
12145788240	663685	25	8	662212	8191366	1554110	6637256	1579157052	384790
12146734596	663692	24	8	662219	8191921	1554188	6637733	1579194708	384794
12147929774	663698	23	8	662225	8192490	1554273	6638217	1579237768	384795
12148764543	663707	28	8	662234	8193041	1554362	6638679	1579306116	384802
12149507086	663742	29	8	662269	8193619	1554479	6639140	1579405458	384815
12150322939	663761	28	8	662288	8194178	1554566	6639612	1579462810	384830
12151291600	663798	28	8	662325	8194757	1554675	6640082	1579541283	384861
12152372634	663798	27	8	662325	8195310	1554758	6640552	1579569824	384861
12153154474	663803	29	8	662330	8195832	1554833	6640999	1579625874	384862
12153849426	663812	28	8	662339	8196387	1554931	6641456	1579671886	384865
12154806137	663824	25	8	662351	8196954	1555017	6641937	1579739502	384874
12155422330	663834	24	8	662361	8197492	1555092	6642400	1579814443	384880
12156528942	663883	26	8	662410	8198112	1555219	6642893	1579981097	384921
12157389313	663899	26	8	662426	8198685	1555315	6643370	1580142625	384928
12158300599	663915	22	8	662442	8199238	1555399	6643839	1580251481	384939
12159096743	663925	24	8	662452	8199803	1555489	6644314	1580299672	384942
12160052055	663950	25	8	662477	8200380	1555582	6644798	1580410949	384964
12161076946	663960	24	8	662487	8200929	1555659	6645270	1580486597	384972
12162098442	663980	22	8	662507	8201491	1555743	6645748	1580605554	384989
12162995143	663981	26	8	662508	8202010	1555817	6646193	1580633494	384989
12163871572	663988	24	8	662515	8202551	1555898	6646653	1580706685	384991
12164727871	663990	25	8	662517	8203100	1555971	6647129	1580766451	384991
12165717131	663999	27	8	662526	8203655	1556051	6647604	1580861950	384997
12166417067	664004	27	8	662531	8204252	1556138	6648114	1580897782	384999
12167272013	664012	26	8	662539	8204803	1556216	6648587	1581042988	385002
12167949116	664019	28	8	662546	8205335	1556298	6649037	1581081265	385006
12168541034	664026	30	8	662553	8205868	1556371	6649497	1581126895	385007
12169372047	664029	26	8	662556	8206436	1556460	6649976	1581156803	385009
12170097704	664054	31	8	662581	8207020	1556564	6650456	1581291491	385032
12170804155	664056	25	8	662583	8207556	1556645	6650911	1581331333	385033
12171640898	664063	28	8	662590	8208096	1556723	6651373	1581371046	385039
12172222769	664065	25	8	662592	8208622	1556799	6651823	1581401691	385038
12173238659	664072	25	8	662599	8209170	1556884	6652286	1581438920	385043
12174100561	664075	25	8	662602	8209695	1556951	6652744	1581477593	385045
12175092457	664086	23	8	662613	8210285	1557038	6653247	1581543803	385055
12175839899	664091	26	8	662618	8210822	1557117	6653705	1581575337	385058
12176526656	664093	22	8	662620	8211385	1557199	6654186	1581607981	385058
12177173527	664096	25	8	662623	8211911	1557274	6654637	1581640413	385060
12178055088	664134	26	8	662661	8212486	1557378	6655108	1581778407	385095
12178908376	664134	26	8	662661	8213025	1557451	6655574	1581806149	385095
12180249014	664139	28	8	662666	8213639	1557536	6656103	1581841448	385099
12180914897	664145	24	8	662672	8214191	1557621	6656570	1581914484	385102
12181749046	664157	28	8	662684	8214744	1557708	6657036	1581995197	385111
12182657713	664159	29	8	662686	8215284	1557785	6657499	1582031160	385112
12183497306	664177	28	8	662704	8215844	1557876	6657968	1582090345	385126
12184430276	664188	30	8	662715	8216396	1557959	6658437	1582147291	385132
12185335598	664192	23	8	662719	8216937	1558031	6658906	1582186322	385135
12186507415	664195	28	8	662722	8217514	1558118	6659396	1582218666	385135
12187575391	664195	27	8	662722	8218070	1558203	6659867	1582247659	385135
12188491767	664195	27	8	662722	8218606	1558273	6660333	1582275150	385135
12189323554	664202	28	8	662729	8219165	1558351	6660814	1582361840	385139
12190055721	664206	23	8	662733	8219682	1558415	6661267	1582437114	385140
12190981258	664261	27	8	662788	8220354	1558558	6661796	1582499274	385191
12191655237	664266	27	8	662793	8220889	1558641	6662248	1582534983	385191
12192676663	664272	28	8	662799	8221420	1558719	6662701	1582614891	385192
12193788499	664281	27	8	662808	8222032	1558803	6663229	1582657839	385195
12194817738	664292	27	8	662819	8222614	1558906	6663708	1582728637	385201
12195617989	664309	27	8	662836	8223198	1558989	6664209	1582801487	385216
12196617055	664315	27	8	662842	8223745	1559074	6664671	1582853671	385220
12197647245	664335	26	8	662862	8224321	1559166	6665155	1582947212	385232
12198691179	664335	26	8	662862	8224867	1559240	6665627	1582975341	385232
12199700415	664357	29	8	662884	8225440	1559332	6666108	1583013084	385249
12200468685	664364	29	8	662891	8225968	1559398	6666570	1583059367	385253
12201403278	664367	25	8	662894	8226511	1559473	6667038	1583087581	385256
12202311970	664371	25	8	662898	8227059	1559552	6667507	1583139124	385256
12203161713	664384	24	8	662911	8227635	1559653	6667982	1583193088	385266
12203967671	664385	29	8	662912	8228173	1559718	6668455	1583221218	385266
12204513923	664403	25	8	662930	8228708	1559798	6668910	1583306790	385282
12205518372	664419	28	8	662946	8229284	1559892	6669392	1583380850	385295
12206464617	664438	28	8	662965	8229845	1559983	6669862	1583463671	385308
12207608372	664459	27	8	662986	8230434	1560076	6670358	1583584530	385327
12208696929	664466	25	8	662993	8231000	1560149	6670851	1583617639	385331
12209345398	664470	28	8	662997	8231527	1560228	6671299	1583645681	385333
12210171006	664485	24	8	663012	8232093	1560308	6671785	1583705122	385342
12211094056	664492	23	8	663019	8232634	1560382	6672252	1583756305	385347
12212186015	664495	22	8	663022	8233162	1560448	6672714	1583804918	385348
12212933141	664499	26	8	663026	8233746	1560528	6673218	1583909406	385348
12213699829	664509	26	8	663036	8234312	1560620	6673692	1583965551	385355
12214648922	664515	26	8	663042	8234862	1560695	6674167	1584036309	385357
12215434039	664536	27	8	663063	8235429	1560798	6674631	1584080541	385358
12216206705	664541	24	8	663068	8235956	1560868	6675088	1584130494	385360
12217070023	664559	24	8	663086	8236521	1560965	6675556	1584216604	385374
12217904581	664565	25	8	663092	8237064	1561039	6676025	1584260043	385376
12218487825	664570	32	8	663097	8237597	1561099	6676498	1584333980	385377
12219209571	664572	25	8	663099	8238126	1561178	6676948	1584368938	385379
12219996568	664582	29	8	663109	8238705	1561269	6677436	1584399700	385389
12221017008	664588	26	8	663115	8239239	1561352	6677887	1584458363	385391
12221863833	664594	28	8	663121	8239796	1561437	6678359	1584492489	385396
12222855654	664600	28	8	663127	8240349	1561507	6678842	1584550572	385397
12223921270	664613	25	8	663140	8240901	1561603	6679298	1584585094	385409
12225031424	664624	27	8	663151	8241488	1561699	6679789	1584643153	385418
12225933606	664627	27	8	663154	8242025	1561766	6680259	1584705185	385419
12226721206	664663	27	8	663190	8242594	1561867	6680727	1584802736	385447
12227630151	664673	28	8	663200	8243142	1561951	6681191	1584880382	385456
12228614095	664676	26	8	663203	8243681	1562027	6681654	1584934648	385459
12229398789	664687	27	8	663214	8244219	1562102	6682117	1584983131	385468
12230273456	664698	28	8	663225	8244802	1562202	6682600	1585048352	385473
12230970154	664702	24	8	663229	8245346	1562269	6683077	1585077098	385474
12231723885	664707	26	8	663234	8245924	1562348	6683576	1585114782	385476
12232486006	664707	23	8	663234	8246457	1562417	6684040	1585142330	385476
12233583213	664707	29	8	663234	8246972	1562489	6684483	1585169107	385476
12234549763	664723	28	8	663250	8247545	1562572	6684973	1585236048	385491
12235293027	664727	29	8	663254	8248127	1562650	6685477	1585304988	385491
12236165936	664732	27	8	663259	8248665	1562717	6685948	1585345992	385492
12236828805	664747	28	8	663274	8249225	1562814	6686411	1585412156	385503
12237750021	664749	25	8	663276	8249764	1562883	6686881	1585440951	385504
12238585795	664751	25	8	663278	8250319	1562972	6687347	1585496175	385504
12239782769	664751	26	8	663278	8250867	1563050	6687817	1585524443	385504
12240660050	664762	26	8	663289	8251417	1563129	6688288	1585559518	385514
12241367052	664769	22	8	663296	8251962	1563215	6688747	1585597444	385517
12242113309	664774	24	8	663301	8252500	1563288	6689212	1585625583	385522
12243087250	664783	27	8	663310	8253028	1563363	6689665	1585673476	385527
12243740731	664793	27	8	663320	8253602	1563458	6690144	1585736829	385536
12244434711	664797	24	8	663324	8254133	1563532	6690601	1585796378	385537
12245368450	664801	23	8	663328	8254721	1563623	6691098	1585842257	385540
12246299106	664806	23	8	663333	8255290	1563698	6691592	1585907296	385541
12247138854	664806	25	8	663333	8255843	1563776	6692067	1585935812	385541
12248100488	664808	28	8	663335	8256395	1563855	6692540	1585979584	385541
12249077725	664808	26	8	663335	8256943	1563928	6693015	1586007811	385541
12249825597	664808	24	8	663335	8257476	1564003	6693473	1586035319	385541
12250778920	664812	29	8	663339	8258032	1564084	6693948	1586064523	385544
12251766935	664820	25	8	663347	8258571	1564163	6694408	1586147220	385548
12252758414	664825	26	8	663352	8259104	1564237	6694867	1586197874	385551
12253766711	664841	28	8	663368	8259722	1564325	6695397	1586245095	385566
12254637984	664847	24	8	663374	8260288	1564408	6695880	1586304340	385572
12255503652	664848	24	8	663375	8260829	1564482	6696347	1586361466	385572
12256454566	664856	27	8	663383	8261384	1564559	6696825	1586398544	385578
12257411250	664883	24	8	663410	8261963	1564668	6697295	1586477018	385600
12258343568	664885	27	8	663412	8262496	1564737	6697759	1586516670	385600
12259260357	664895	27	8	663422	8263063	1564823	6698240	1586566777	385606
12260459676	664911	24	8	663438	8263625	1564910	6698715	1586685020	385619
12261544990	664932	27	8	663459	8264204	1565006	6699198	1586809856	385632
12262275518	664934	28	8	663461	8264753	1565080	6699673	1586840400	385632
12263150490	664943	24	8	663470	8265319	1565164	6700155	1586883960	385638
12263893824	664970	27	8	663497	8265911	1565256	6700655	1586971136	385661
12264631762	664978	24	8	663505	8266434	1565328	6701106	1587007296	385667
12265793542	664997	25	8	663524	8267013	1565433	6701580	1587050063	385686
12266786540	664997	26	8	663524	8267568	1565512	6702056	1587078726	385686
12267832268	665004	29	8	663531	8268111	1565583	6702528	1587201561	385689
12268705668	665005	23	8	663532	8268646	1565658	6702988	1587229407	385690
12269536508	665007	26	8	663534	8269200	1565743	6703457	1587274403	385691
12270669645	665007	27	8	663534	8269786	1565842	6703944	1587304667	385691
12271379313	665016	25	8	663543	8270310	1565912	6704398	1587381386	385700
12272301808	665026	25	8	663553	8270873	1565993	6704880	1587451934	385709
12273089442	665062	25	8	663589	8271496	1566096	6705400	1587507128	385710
12274112997	665071	28	8	663598	8272082	1566178	6705904	1587570607	385716
12274971574	665083	25	8	663610	8272639	1566273	6706366	1587627694	385726
12275742240	665084	27	8	663611	8273175	1566336	6706839	1587655417	385726
12276352819	665091	27	8	663618	8273716	1566419	6707297	1587684435	385733
12277331353	665109	27	8	663636	8274293	1566502	6707791	1587782834	385737
12278377103	665115	26	8	663642	8274844	1566585	6708259	1587838350	385741
12279404046	665143	24	8	663670	8275411	1566676	6708735	1587882851	385765
12280473616	665148	27	8	663675	8275962	1566757	6709205	1587933087	385767
12281370827	665150	24	8	663677	8276511	1566823	6709688	1587990614	385767
12282220796	665151	29	8	663678	8277071	1566889	6710182	1588019325	385766
12283058810	665158	26	8	663685	8277625	1566975	6710650	1588065098	385773
12283921455	665159	28	8	663686	8278172	1567055	6711117	1588093643	385773
12284980643	665160	25	8	663687	8278743	1567139	6711604	1588123524	385773
12285839426	665164	28	8	663691	8279274	1567210	6712064	1588152983	385776
12286686134	665175	27	8	663702	8279825	1567298	6712527	1588187801	385782
12287505205	665181	27	8	663708	8280369	1567383	6712986	1588273175	385782
12288183716	665183	30	8	663710	8280904	1567452	6713452	1588304303	385782
12289133852	665188	28	8	663715	8281429	1567529	6713900	1588398099	385785
12290377927	665188	19	8	663715	8281993	1567612	6714381	1588427227	385785
12291360379	665209	27	8	663736	8282558	1567724	6714834	1588522412	385804
12292299373	665212	24	8	663739	8283078	1567792	6715286	1588550160	385804
12293012031	665215	21	8	663742	8283590	1567861	6715729	1588599901	385804
12293920186	665224	24	8	663751	8284109	1567932	6716177	1588754370	385812
12294551146	665231	25	8	663758	8284652	1568001	6716651	1588839492	385812
12295453666	665231	24	8	663758	8285181	1568071	6717110	1588866915	385812
12296423150	665235	23	8	663762	8285720	1568149	6717571	1588949473	385815
12297393675	665239	22	8	663766	8286261	1568217	6718044	1588990918	385818
12298203413	665241	27	8	663768	8286800	1568298	6718502	1589032299	385819
12299225591	665251	24	8	663778	8287354	1568371	6718983	1589107332	385825
12299915210	665258	27	8	663785	8287871	1568443	6719428	1589139300	385829
12300971540	665275	26	8	663802	8288441	1568545	6719896	1589214538	385845
12301657403	665298	22	8	663825	8288987	1568654	6720333	1589383755	385863
12302372256	665300	28	8	663827	8289504	1568727	6720777	1589425468	385863
12303454616	665305	27	8	663832	8290061	1568820	6721241	1589458653	385866
12304358055	665307	25	8	663834	8290580	1568893	6721687	1589485952	385868
12305180431	665311	22	8	663838	8291117	1568963	6722154	1589542752	385870
12306113851	665312	19	8	663839	8291636	1569032	6722604	1589569830	385870
12307214174	665319	26	8	663846	8292202	1569121	6723081	1589631204	385874
12307870200	665323	23	8	663850	8292735	1569204	6723531	1589667696	385877
12308931945	665325	30	8	663852	8293295	1569273	6724022	1589703266	385878
12309867549	665343	25	8	663870	8293852	1569357	6724495	1589743461	385896
12310896785	665345	28	8	663872	8294388	1569430	6724958	1589774187	385897
12311769762	665345	24	8	663872	8294910	1569508	6725402	1589801238	385897
12312668012	665356	30	8	663883	8295452	1569586	6725866	1589840825	385903
12313446706	665363	26	8	663890	8295978	1569652	6726326	1589881095	385906
12314361090	665380	23	8	663907	8296518	1569728	6726790	1589918121	385921
12315358007	665381	25	8	663908	8297067	1569795	6727272	1589964652	385921
12316307751	665381	24	8	663908	8297590	1569866	6727724	1589991764	385921
12317151054	665387	24	8	663914	8298101	1569940	6728161	1590022045	385924
12318227564	665387	25	8	663914	8298645	1570015	6728630	1590049955	385924
12319041464	665517	21	8	664044	8299369	1570202	6729167	1590134404	385925
12320007588	665540	31	8	664067	8299977	1570301	6729676	1590216361	385944
12320993833	665552	23	8	664079	8300507	1570378	6730129	1590341450	385955
12321781376	665561	26	8	664088	8301057	1570462	6730595	1590397647	385961
12322618915	665573	24	8	664100	8301608	1570545	6731063	1590455329	385969
12323476035	665578	28	8	664105	8302130	1570611	6731519	1590482653	385974
12324363897	665582	26	8	664109	8302659	1570680	6731979	1590522174	385975
12325185418	665584	27	8	664111	8303196	1570752	6732444	1590560269	385975
12326065462	665586	24	8	664113	8303741	1570826	6732915	1590590492	385977
12327036817	665593	26	8	664120	8304284	1570900	6733384	1590636189	385982
12327794780	665593	24	8	664120	8304788	1570970	6733818	1590662218	385982
12328863368	665601	28	8	664128	8305338	1571053	6734285	1590698315	385987
12329757843	665601	21	8	664128	8305860	1571121	6734739	1590725241	385987
12330742386	665603	26	8	664130	8306380	1571190	6735190	1590780392	385987
12331702207	665604	24	8	664131	8306912	1571255	6735657	1590808051	385987
12332637850	665610	24	8	664137	8307427	1571321	6736106	1590906221	385989
12333633421	665610	29	8	664137	8307968	1571388	6736580	1590933878	385989
12334527550	665611	26	8	664138	8308516	1571466	6737050	1590962057	385990
12335560720	665624	24	8	664151	8309062	1571545	6737517	1591068277	385998
12336636505	665625	25	8	664152	8309603	1571618	6737985	1591096409	385999
12337591248	665633	26	8	664160	8310149	1571696	6738453	1591127885	385998
12338655500	665636	27	8	664163	8310692	1571772	6738920	1591164893	385998
12339383461	665666	27	8	664193	8311273	1571874	6739399	1591197994	386027
12340625331	665676	29	8	664203	8311845	1571967	6739878	1591245949	386036
12341459116	665676	24	8	664203	8312387	1572051	6740336	1591273918	386036
12342202125	665681	23	8	664208	8312910	1572129	6740781	1591348964	386039
12343088667	665683	24	8	664210	8313461	1572206	6741255	1591377713	386039
12344156264	665689	24	8	664216	8314005	1572273	6741732	1591424605	386038
12345036557	665693	26	8	664220	8314564	1572348	6742216	1591480430	386042
12346053839	665693	22	8	664220	8315102	1572419	6742683	1591507979	386042
12346896082	665699	23	8	664226	8315632	1572497	6743135	1591543735	386046
12347605158	665700	22	8	664227	8316171	1572570	6743601	1591592932	386046
12348622717	665701	29	8	664228	8316723	1572645	6744078	1591621696	386046
12349320228	665703	28	8	664230	8317229	1572714	6744515	1591649606	386047
12350365378	665716	22	8	664243	8317772	1572802	6744970	1591690808	386057
12351120736	665716	29	8	664243	8318312	1572872	6745440	1591718419	386057
12352129021	665745	26	8	664272	8318867	1572976	6745891	1591798658	386085
12353038317	665753	24	8	664280	8319399	1573045	6746354	1591826957	386092
12353930969	665755	28	8	664282	8319937	1573113	6746824	1591859761	386093
12354779779	665756	25	8	664283	8320471	1573185	6747286	1591896519	386094
12355566632	665758	25	8	664285	8320999	1573257	6747742	1591924254	386095
12356383959	665763	26	8	664290	8321546	1573328	6748218	1591964957	386096
12357160048	665773	25	8	664300	8322040	1573394	6748646	1592036238	386104
12358189224	665778	25	8	664305	8322580	1573453	6749127	1592092112	386106
12359079381	665786	27	8	664313	8323113	1573537	6749576	1592134930	386111
12359870589	665795	25	8	664322	8323672	1573626	6750046	1592202705	386119
12360591549	665796	22	8	664323	8324168	1573690	6750478	1592228427	386119
12361411864	665796	24	8	664323	8324722	1573781	6750941	1592257205	386119
12362328302	665798	22	8	664325	8325263	1573862	6751401	1592288906	386119
12363262527	665801	26	8	664328	8325806	1573933	6751873	1592329941	386121
12364423882	665807	25	8	664334	8326327	1573991	6752336	1592378425	386126
12365358104	665809	27	8	664336	8326873	1574070	6752803	1592416777	386126
12366079604	665809	27	8	664336	8327399	1574147	6753252	1592444045	386126
12367066548	665814	25	8	664341	8327951	1574238	6753713	1592511786	386126
12367865416	665817	24	8	664344	8328465	1574309	6754156	1592556899	386127
12368770406	665821	24	8	664348	8329032	1574384	6754648	1592597898	386129
12369413731	665824	26	8	664351	8329542	1574455	6755087	1592627460	386129
12370427196	665841	24	8	664368	8330099	1574555	6755544	1592658594	386145
12371430662	665843	25	8	664370	8330640	1574632	6756008	1592688182	386146
12372361664	665854	24	8	664381	8331210	1574715	6756495	1592719045	386155
12373166944	665868	26	8	664395	8331829	1574798	6757031	1592781108	386168
12374117420	665874	29	8	664401	8332389	1574878	6757511	1592834161	386171
12374841500	665875	25	8	664402	8332920	1574950	6757970	1592862236	386171
12375563263	665886	25	8	664413	8333466	1575038	6758428	1592908068	386179
12376532839	665889	27	8	664416	8333989	1575108	6758881	1592957805	386182
12377330080	665891	28	8	664418	8334504	1575167	6759337	1592986571	386184
12378242347	665893	26	8	664420	8335031	1575243	6759788	1593024746	386184
12378975515	665906	27	8	664433	8335575	1575321	6760254	1593090761	386191
12379518158	665906	25	8	664433	8336078	1575397	6760681	1593116787	386191
12380468626	665914	27	8	664441	8336646	1575483	6761163	1593159888	386196
12381362183	665914	23	8	664441	8337164	1575547	6761617	1593186489	386196
12382305011	665915	26	8	664442	8337701	1575626	6762075	1593214260	386196
12383310563	665916	25	8	664443	8338239	1575700	6762539	1593242358	386196
12384174952	665920	28	8	664447	8338814	1575782	6763032	1593272479	386200
12385044997	665920	25	8	664447	8339337	1575849	6763488	1593299606	386200
12385991838	665922	25	8	664449	8339867	1575924	6763943	1593356031	386200
12386682723	665922	21	8	664449	8340366	1575988	6764378	1593381771	386200
12387772304	665922	23	8	664449	8340902	1576058	6764844	1593409320	386200
12388585387	665922	26	8	664449	8341417	1576127	6765290	1593435843	386200
12389489140	665934	29	8	664461	8341971	1576211	6765760	1593471093	386211
12390187412	665938	27	8	664465	8342489	1576302	6766187	1593514781	386212
12391066892	665941	20	8	664468	8343010	1576375	6766635	1593541884	386215
12391845169	665944	25	8	664471	8343538	1576461	6767077	1593569409	386218
12392699213	665947	23	8	664474	8344050	1576532	6767518	1593606219	386219
12393464561	665947	28	8	664474	8344571	1576599	6767972	1593632913	386219
12394232778	665949	24	8	664476	8345060	1576674	6768386	1593661382	386221
12395124946	665951	26	8	664478	8345578	1576746	6768832	1593691311	386221
12395815165	665955	25	8	664482	8346102	1576813	6769289	1593750402	386224
12396711894	665972	21	8	664499	8346649	1576895	6769754	1593870233	386237
12397763838	665982	26	8	664509	8347179	1576966	6770213	1593907470	386245
12398396549	665991	25	8	664518	8347699	1577042	6770657	1593951028	386247
12399422552	666005	26	8	664532	8348232	1577132	6771100	1594036899	386257
12400267689	666007	27	8	664534	8348730	1577189	6771541	1594065798	386259
12400993905	666017	25	8	664544	8349265	1577287	6771978	1594131594	386263
12401796414	666018	25	8	664545	8349791	1577359	6772432	1594162904	386264
12402600860	666019	24	8	664546	8350331	1577434	6772897	1594190993	386264
12403597900	666025	25	8	664552	8350850	1577499	6773351	1594224363	386268
12404618698	666030	27	8	664557	8351396	1577576	6773820	1594268487	386272
12405492981	666031	29	8	664558	8351916	1577640	6774276	1594295585	386272
12406465865	666041	28	8	664568	8352447	1577726	6774721	1594346078	386273
12407454335	666043	25	8	664570	8352945	1577798	6775147	1594386324	386273
12408429149	666050	26	8	664577	8353487	1577884	6775603	1594454768	386277
12409253790	666050	27	8	664577	8353988	1577945	6776043	1594480430	386277
12409988050	666053	23	8	664580	8354493	1578027	6776466	1594513600	386279
12411069971	666058	24	8	664585	8355041	1578106	6776935	1594562513	386282
12411979556	666064	21	8	664591	8355567	1578174	6777393	1594600906	386286
12412698805	666067	27	8	664594	8356110	1578257	6777853	1594643833	386287
12413746748	666101	23	8	664628	8356689	1578374	6778315	1594686943	386317
12414581421	666103	29	8	664630	8357219	1578440	6778779	1594720431	386319
12415279969	666105	25	8	664632	8357735	1578514	6779221	1594747945	386319
12416087727	666106	27	8	664633	8358237	1578575	6779662	1594774075	386319
12416838128	666115	20	8	664642	8358761	1578648	6780113	1594804195	386327
12417632737	666116	25	8	664643	8359279	1578726	6780553	1594831234	386327
12418565826	666118	23	8	664645	8359825	1578805	6781020	1594859527	386329
12419263345	666121	26	8	664648	8360357	1578875	6781482	1594972675	386330
12419947464	666126	22	8	664653	8360867	1578957	6781910	1595007974	386334
12420747246	666126	29	8	664653	8361381	1579028	6782353	1595034381	386334
12421437986	666130	28	8	664657	8361874	1579104	6782770	1595064374	386336
12422485640	666134	25	8	664661	8362383	1579172	6783211	1595129234	386336
12423192584	666149	23	8	664676	8362895	1579246	6783649	1595157505	386349
12424074934	666150	23	8	664677	8363447	1579320	6784127	1595193159	386349
12424648718	666150	23	8	664677	8363944	1579387	6784557	1595218897	386349
12425497545	666154	26	8	664681	8364466	1579459	6785007	1595269735	386351
12426055563	666154	26	8	664681	8364972	1579532	6785440	1595295898	386351
12426851631	666154	23	8	664681	8365505	1579624	6785881	1595323633	386351
12427538355	666154	23	8	664681	8366004	1579699	6786305	1595349528	386351
12428315066	666154	25	8	664681	8366511	1579767	6786744	1595375813	386351
12429157483	666158	23	8	664685	8367034	1579828	6787206	1595436048	386351
12429913959	666158	28	8	664685	8367571	1579906	6787665	1595463699	386351
12430725823	666159	22	8	664686	8368095	1579985	6788110	1595492666	386351
12431444664	666159	23	8	664686	8368603	1580055	6788548	1595518946	386351
12432419621	666159	25	8	664686	8369141	1580126	6789015	1595546833	386351
12433027869	666159	27	8	664686	8369645	1580198	6789447	1595572893	386351
12433945198	666163	26	8	664690	8370159	1580259	6789900	1595650720	386353
12434903932	666171	26	8	664698	8370688	1580328	6790360	1595688595	386359
12436137919	666183	25	8	664710	8371231	1580413	6790818	1595758610	386370
12436988571	666183	24	8	664710	8371760	1580496	6791264	1595785955	386370
12437879652	666186	23	8	664713	8372263	1580559	6791704	1595815381	386369
12438513697	666188	25	8	664715	8372768	1580624	6792144	1595851220	386370
12439570538	666192	26	8	664719	8373300	1580698	6792602	1595887877	386372
12440532461	666195	29	8	664722	8373809	1580762	6793047	1595920458	386373
12441160473	666197	25	8	664724	8374299	1580832	6793467	1595948550	386374
12442099163	666201	27	8	664728	8374826	1580910	6793916	1595976287	386377
12442873525	666204	21	8	664731	8375325	1580989	6794336	1596018688	386377
12443695566	666230	24	8	664757	8375889	1581082	6794807	1596200931	386391
12444506272	666232	23	8	664759	8376410	1581161	6795249	1596234448	386392
12445208406	666237	26	8	664764	8376928	1581244	6795684	1596284808	386396
12446259888	666237	25	8	664764	8377459	1581316	6796143	1596312041	386396
12447122155	666237	30	8	664764	8377949	1581384	6796565	1596337606	386396
12447672310	666237	27	8	664764	8378431	1581444	6796987	1596362362	386396
12448546625	666238	23	8	664765	8378945	1581521	6797424	1596389374	386396
12449394624	666241	23	8	664768	8379481	1581588	6797893	1596429004	386398
12450494085	666251	28	8	664778	8380023	1581668	6798355	1596458096	386408
12451473348	666251	23	8	664778	8380535	1581741	6798794	1596484629	386408
12452251848	666253	20	8	664780	8381058	1581820	6799238	1596516270	386409
12453116488	666255	23	8	664782	8381565	1581884	6799681	1596542708	386409
12453933145	666260	26	8	664787	8382110	1581961	6800149	1596576936	386413
12454773557	666260	27	8	664787	8382628	1582027	6800601	1596603409	386413
12455688379	666260	23	8	664787	8383125	1582085	6801040	1596629141	386413
12456514029	666261	27	8	664788	8383643	1582166	6801477	1596656339	386414
12457389430	666261	24	8	664788	8384154	1582235	6801919	1596682776	386414
12458100632	666263	24	8	664790	8384674	1582308	6802366	1596714724	386415
12459001035	666265	23	8	664792	8385195	1582384	6802811	1596741888	386417
12459893093	666278	25	8	664805	8385735	1582475	6803260	1596772942	386430
12460684862	666285	24	8	664812	8386259	1582554	6803705	1596812588	386434
12461422851	666286	25	8	664813	8386762	1582614	6804148	1596841625	386434
12462286087	666286	27	8	664813	8387280	1582688	6804592	1596868435	386434
12462911498	666286	27	8	664813	8387787	1582761	6805026	1596894700	386434
12463739989	666288	26	8	664815	8388311	1582839	6805472	1596921913	386436
12464534295	666304	28	8	664831	8388860	1582917	6805943	1596951711	386452
12465282773	666315	23	8	664842	8389369	1583000	6806369	1597057868	386461
12466100267	666316	25	8	664843	8389879	1583075	6806804	1597100916	386461
12467110461	666316	24	8	664843	8390409	1583163	6807246	1597128499	386461
12467823986	666318	28	8	664845	8390944	1583238	6807706	1597156303	386462
12468824597	666319	23	8	664846	8391456	1583303	6808153	1597182775	386462
12469518122	666320	27	8	664847	8391982	1583393	6808589	1597213225	386463
12470330871	666321	24	8	664848	8392481	1583460	6809021	1597239406	386464
12471231360	666325	25	8	664852	8392997	1583536	6809461	1597271846	386468
12472091681	666326	23	8	664853	8393505	1583600	6809905	1597321056	386468
12472855466	666326	22	8	664853	8394010	1583666	6810344	1597347210	386468
12473633418	666330	23	8	664857	8394537	1583738	6810799	1597407079	386470
12474517128	666330	25	8	664857	8395062	1583811	6811251	1597433998	386470
12475226580	666331	26	8	664858	8395582	1583882	6811700	1597461221	386470
12475862718	666332	24	8	664859	8396089	1583957	6812132	1597489472	386471
12476780136	666337	27	8	664864	8396617	1584034	6812583	1597533454	386474
12477696385	666340	23	8	664867	8397123	1584102	6813021	1597569022	386476
12478526943	666343	21	8	664870	8397647	1584183	6813464	1597622690	386476
12479205135	666343	23	8	664870	8398165	1584258	6813907	1597649552	386476
12480041081	666350	26	8	664877	8398709	1584336	6814373	1597688630	386483
12480845346	666352	24	8	664879	8399207	1584398	6814809	1597733912	386483
12481646724	666352	26	8	664879	8399725	1584468	6815257	1597760631	386483
12482541240	666352	28	8	664879	8400267	1584558	6815709	1597788659	386483
12483325547	666358	22	8	664885	8400753	1584620	6816133	1597846732	386487
12484066840	666358	27	8	664885	8401266	1584691	6816575	1597873159	386487
12484727274	666361	24	8	664888	8401798	1584767	6817031	1597901378	386488
12485490834	666361	27	8	664888	8402292	1584830	6817462	1597926724	386488
12486299368	666368	26	8	664895	8402829	1584922	6817907	1597955275	386495
12487025152	666368	21	8	664895	8403334	1584999	6818335	1597981600	386495
12487774065	666368	25	8	664895	8403845	1585065	6818780	1598007767	386495
12488594161	666392	25	8	664919	8404399	1585164	6819235	1598058995	386518
12489225486	666397	23	8	664924	8404913	1585229	6819684	1598149380	386518
12490244420	666397	26	8	664924	8405456	1585313	6820143	1598177478	386518
12491359448	666397	27	8	664924	8406001	1585394	6820607	1598205402	386518
12492333657	666397	29	8	664924	8406525	1585473	6821052	1598232617	386518
12492872000	666397	23	8	664924	8407022	1585551	6821471	1598258269	386518
12493931156	666397	24	8	664924	8407547	1585620	6821927	1598285389	386518
12494909652	666398	21	8	664925	8408071	1585697	6822374	1598317065	386518
12495755340	666398	23	8	664925	8408582	1585764	6822818	1598343429	386518
12496636388	666400	21	8	664927	8409084	1585834	6823250	1598387761	386519
12497594374	666405	26	8	664932	8409626	1585917	6823709	1598449156	386523
12498409119	666405	25	8	664932	8410149	1585993	6824156	1598476096	386523
12499118250	666405	30	8	664932	8410673	1586058	6824615	1598502974	386523
12500153645	666405	28	8	664932	8411169	1586115	6825054	1598528477	386523
12501022236	666405	29	8	664932	8411679	1586180	6825499	1598554715	386523
12501896899	666408	23	8	664935	8412196	1586257	6825939	1598587834	386525
12502893825	666409	23	8	664936	8412706	1586320	6826386	1598634792	386525
12503737281	666409	21	8	664936	8413218	1586391	6826827	1598661197	386525
12504691120	666409	28	8	664936	8413740	1586471	6827269	1598688121	386525
12505473486	666409	23	8	664936	8414270	1586544	6827726	1598715525	386525
12506421740	666411	27	8	664938	8414782	1586620	6828162	1598742134	386527
12507308883	666412	23	8	664939	8415304	1586679	6828625	1598769175	386527
12508292653	666413	26	8	664940	8415816	1586751	6829065	1598822065	386528
12509087280	666413	27	8	664940	8416330	1586826	6829504	1598848458	386528
12509682636	666415	23	8	664942	8416820	1586896	6829924	1598885443	386529
12510628365	666416	24	8	664943	8417346	1586963	6830383	1598912927	386529
12511398084	666418	28	8	664945	8417868	1587035	6830833	1598940398	386528
12512343880	666426	21	8	664953	8418387	1587108	6831279	1599015686	386531
12513296419	666426	23	8	664953	8418906	1587170	6831736	1599042273	386531
12513972547	666427	22	8	664954	8419404	1587238	6832166	1599070352	386531
12514821964	666427	23	8	664954	8419937	1587324	6832613	1599098001	386531
12515787144	666437	23	8	664964	8420505	1587405	6833100	1599150193	386536
12516527660	666437	26	8	664964	8421020	1587482	6833538	1599176695	386536
12517570592	666437	29	8	664964	8421523	1587532	6833991	1599202474	386536
12518600679	666437	25	8	664964	8422056	1587608	6834448	1599229857	386536
12519396733	666445	28	8	664972	8422575	1587693	6834882	1599294558	386541
12520275846	666445	27	8	664972	8423084	1587754	6835330	1599320955	386541
12521214154	666445	21	8	664972	8423592	1587837	6835755	1599347343	386541
12522199672	666451	23	8	664978	8424130	1587925	6836205	1599387961	386545
12522926664	666453	22	8	664980	8424637	1588000	6836637	1599414688	386544
12524063624	666455	25	8	664982	8425182	1588077	6837105	1599448272	386546
12524957023	666457	27	8	664984	8425707	1588148	6837559	1599505299	386546
12526054072	666460	23	8	664987	8426233	1588233	6838000	1599542153	386547
12526860822	666488	26	8	665015	8426782	1588321	6838461	1599584585	386572
12528037479	666489	24	8	665016	8427308	1588400	6838908	1599612116	386573
12528853343	666490	27	8	665017	8427824	1588465	6839359	1599642472	386574
12529884756	666490	27	8	665017	8428368	1588546	6839822	1599670756	386574
12530618806	666491	28	8	665018	8428887	1588629	6840258	1599700195	386575
12531529341	666491	25	8	665018	8429406	1588698	6840708	1599727007	386575
12532447186	666494	28	8	665021	8429926	1588772	6841154	1599754213	386572
12533092654	666494	25	8	665021	8430459	1588855	6841604	1599781788	386572
12533768512	666494	27	8	665021	8430981	1588928	6842053	1599808637	386572
12534641127	666494	26	8	665021	8431503	1589014	6842489	1599835555	386572
12535530596	666495	23	8	665022	8432011	1589085	6842926	1599861917	386571
12536180890	666500	24	8	665027	8432507	1589164	6843343	1599937782	386572
12537325763	666500	25	8	665027	8433007	1589226	6843781	1599963471	386572
12538121018	666501	28	8	665028	8433515	1589300	6844215	1599989908	386571
12538863224	666507	24	8	665034	8434014	1589376	6844638	1600029931	386571
12539745186	666509	26	8	665036	8434550	1589451	6845099	1600059043	386571
12540378658	666513	24	8	665040	8435048	1589514	6845534	1600094591	386573
12541032668	666513	23	8	665040	8435532	1589585	6845947	1600119637	386573
