0.393333333234
0.399999999752
0.363333333284
0.376666666319
0.400000000993
0.416666666667
0.393333333234
0.380000000199
0.373333333681
0.393333333234
0.383333332837
0.386666666716
0.380000000199
0.373333333681
0.380000000199
0.410000000149
0.396666665872
0.383333334078
0.396666665872
0.420000000546
0.383333332837
0.380000000199
0.363333333284
0.373333333681
0.383333332837
0.380000000199
0.380000000199
0.43666666622
0.426666667064
0.369999999801
0.383333332837
0.399999999752
0.366666665922
0.380000000199
0.410000000149
0.390000000596
0.383333332837
0.393333333234
0.373333333681
0.386666666716
0.376666667561
0.463333333532
0.376666666319
0.399999999752
0.353333334128
0.406666667511
0.399999999752
0.429999999702
0.413333332787
0.383333332837
0.389999999354
0.390000000596
0.389999999354
0.369999999801
0.373333333681
0.406666666269
0.396666665872
0.369999999801
0.383333332837
0.390000000596
0.393333333234
0.380000000199
0.380000000199
0.406666667511
0.386666666716
0.389999999354
0.380000000199
0.396666665872
0.386666666716
0.390000000596
0.380000000199
0.386666666716
0.369999999801
0.380000000199
0.423333333184
0.383333334078
0.380000000199
0.376666666319
0.403333333631
0.426666667064
0.356666666766
0.379999998957
0.406666666269
0.420000000546
0.373333333681
0.380000000199
0.369999999801
0.40333333239
0.383333334078
0.400000000993
0.380000000199
0.369999999801
0.390000000596
0.406666666269
0.409999998907
0.396666667114
0.410000000149
0.379999998957
0.386666666716
0.366666667163
0.383333332837
0.386666665475
0.393333333234
0.370000001043
0.383333334078
0.379999998957
0.369999999801
0.356666666766
0.369999999801
0.393333333234
0.393333333234
0.383333334078
0.390000000596
0.413333332787
0.43666666622
0.390000000596
0.396666667114
0.396666667114
0.393333333234
0.450000000497
0.373333333681
0.433333333582
0.386666666716
0.406666667511
0.410000000149
0.376666666319
0.413333332787
0.420000000546
0.386666666716
0.376666666319
0.396666667114
0.393333333234
0.386666666716
0.380000000199
0.380000000199
0.380000000199
0.383333332837
0.389999999354
0.410000000149
0.419999999305
0.386666666716
0.373333333681
0.376666666319
0.369999999801
0.379999998957
0.443333333979
0.429999999702
0.389999999354
0.403333333631
0.386666666716
0.393333333234
0.390000000596
0.383333332837
0.389999999354
0.383333332837
0.386666666716
0.386666666716
0.390000000596
0.410000000149
0.400000000993
0.386666666716
0.396666665872
0.396666667114
0.399999999752
0.366666667163
0.393333333234
0.376666666319
0.396666667114
0.386666666716
0.389999999354
0.380000000199
0.366666667163
0.380000000199
0.40333333239
0.393333333234
0.400000000993
0.396666667114
0.399999999752
0.373333332439
0.419999999305
0.433333333582
0.396666667114
0.399999999752
0.40333333239
0.393333333234
0.386666666716
0.396666667114
0.383333332837
0.396666665872
0.369999999801
0.383333334078
0.369999999801
0.429999999702
0.406666667511
0.413333334029
0.393333333234
0.383333332837
0.390000000596
0.386666666716
0.446666666617
0.393333333234
0.396666665872
0.366666667163
0.393333333234
0.369999999801
0.366666665922
0.389999999354
0.406666667511
0.376666667561
0.406666667511
0.376666666319
0.386666666716
0.396666665872
0.396666667114
0.383333334078
0.389999999354
0.396666667114
0.389999999354
0.396666665872
0.343333333731
0.370000001043
0.369999999801
0.383333332837
0.369999999801
0.403333333631
0.406666666269
0.393333333234
0.369999999801
0.366666665922
0.369999999801
0.399999999752
0.383333334078
0.380000000199
0.376666666319
0.396666667114
0.363333333284
0.390000000596
0.383333332837
0.416666666667
0.386666666716
0.380000000199
0.406666666269
0.406666666269
0.396666667114
0.363333333284
0.406666666269
0.389999999354
0.363333333284
0.383333332837
0.386666666716
0.396666667114
0.410000000149
0.373333332439
0.403333333631
0.396666665872
0.373333333681
0.376666666319
0.399999999752
0.410000000149
0.393333334476
0.376666666319
0.396666667114
0.393333333234
0.403333333631
0.376666667561
0.380000000199
0.383333334078
0.366666667163
0.389999999354
0.383333334078
0.376666666319
0.389999999354
0.376666666319
0.390000000596
0.386666666716
0.376666667561
0.389999999354
0.369999999801
0.383333332837
0.373333333681
0.399999999752
0.389999999354
0.419999999305
0.40333333239
0.406666667511
0.386666666716
0.396666665872
0.383333332837
0.390000000596
0.400000000993
0.386666666716
0.393333334476
0.366666667163
0.363333333284
0.403333333631
0.386666666716
0.389999999354
0.403333333631
0.380000000199
0.383333332837
0.393333333234
0.413333332787
0.410000000149
0.369999999801
0.383333334078
0.386666666716
0.396666667114
0.389999999354
0.403333333631
0.373333332439
0.396666667114
0.376666666319
0.393333333234
0.386666666716
0.393333333234
0.390000000596
0.383333332837
0.373333333681
0.386666666716
0.390000000596
0.390000000596
0.403333333631
0.373333333681
0.386666666716
0.396666667114
0.396666667114
0.396666667114
0.396666667114
0.419999999305
0.360000000646
0.369999999801
0.383333332837
0.383333332837
0.389999999354
0.369999999801
0.383333334078
0.386666666716
0.383333332837
0.396666665872
0.383333332837
0.373333333681
0.360000000646
0.380000000199
0.380000000199
0.386666666716
0.369999999801
0.383333334078
0.383333332837
0.383333334078
0.359999999404
0.40333333239
0.390000000596
0.386666666716
0.383333332837
0.389999999354
0.399999999752
0.386666666716
0.386666666716
0.396666665872
0.376666667561
0.386666666716
0.383333334078
0.380000000199
0.396666667114
0.376666666319
0.393333333234
0.386666665475
0.399999999752
0.380000000199
0.406666667511
0.353333332886
0.373333333681
0.419999999305
0.406666667511
0.386666665475
0.420000000546
0.389999999354
0.390000000596
0.393333333234
0.373333332439
0.420000000546
0.373333333681
0.363333333284
0.380000000199
0.399999999752
0.393333333234
0.396666665872
0.413333334029
0.386666666716
0.419999999305
0.403333333631
0.390000000596
0.406666667511
0.369999999801
0.373333333681
0.380000000199
0.363333333284
0.390000000596
0.403333333631
0.403333333631
0.373333332439
0.386666666716
0.383333334078
0.363333333284
0.393333333234
0.456666665773
0.380000000199
0.380000000199
0.363333333284
0.373333332439
0.380000000199
0.399999999752
0.396666667114
0.383333332837
0.386666666716
0.386666666716
0.386666666716
0.396666667114
0.393333333234
0.376666666319
0.376666666319
0.406666667511
0.380000000199
0.376666666319
0.416666666667
0.403333333631
0.406666666269
0.380000000199
0.396666665872
0.410000000149
0.396666667114
0.376666666319
0.393333333234
0.399999999752
0.443333333979
0.419999999305
0.406666666269
0.380000000199
0.386666666716
0.393333333234
0.393333334476
0.383333334078
0.386666666716
0.393333333234
0.393333333234
0.393333333234
0.396666667114
0.376666666319
0.423333333184
0.406666666269
0.380000000199
0.376666666319
0.363333333284
0.376666666319
0.393333333234
0.383333334078
0.393333333234
0.373333333681
0.389999999354
0.403333333631
0.423333333184
0.390000000596
0.380000000199
0.383333332837
0.369999999801
0.393333334476
0.383333334078
0.376666666319
0.389999999354
0.380000000199
0.393333333234
0.386666666716
0.383333332837
0.359999999404
0.396666667114
0.403333333631
0.396666665872
0.426666667064
0.356666666766
0.373333333681
0.396666665872
0.373333333681
0.396666667114
0.369999999801
0.379999998957
0.396666667114
0.396666667114
0.373333332439
0.389999999354
0.386666666716
0.373333332439
0.403333333631
0.419999999305
0.399999999752
0.393333333234
0.390000000596
0.386666666716
0.380000000199
0.383333332837
0.376666666319
0.403333333631
0.383333332837
0.363333333284
0.420000000546
0.393333333234
0.383333332837
0.393333333234
0.383333332837
0.383333334078
0.383333332837
0.390000000596
0.380000000199
0.393333333234
0.380000000199
0.429999999702
0.366666667163
0.376666667561
0.390000000596
0.373333333681
0.389999999354
0.373333333681
0.426666667064
0.406666667511
0.376666666319
0.380000000199
0.383333334078
0.40333333239
0.399999999752
0.413333332787
0.393333333234
0.373333332439
0.396666667114
0.363333333284
0.383333332837
0.403333333631
0.399999999752
0.380000000199
0.406666667511
0.356666666766
0.396666667114
0.390000000596
0.373333332439
0.373333333681
0.356666666766
0.403333333631
0.399999999752
0.393333333234
0.396666667114
0.359999999404
0.369999999801
0.356666666766
0.380000000199
0.40333333239
0.393333333234
0.380000000199
0.393333333234
0.376666666319
0.386666666716
0.380000000199
0.400000000993
0.376666666319
0.379999998957
0.393333333234
0.363333333284
0.399999999752
0.380000000199
0.389999999354
0.390000000596
0.383333332837
0.383333332837
0.373333333681
0.396666667114
0.383333332837
0.413333332787
0.386666666716
0.396666665872
0.373333332439
0.389999999354
0.369999999801
0.410000000149
0.419999999305
0.390000000596
0.393333333234
0.410000000149
0.369999999801
0.410000000149
0.390000000596
0.386666666716
0.383333332837
0.396666667114
0.393333333234
0.363333333284
0.376666666319
0.380000000199
0.403333333631
0.383333334078
0.403333333631
0.356666666766
0.373333333681
0.393333333234
0.383333332837
0.396666667114
0.370000001043
0.383333332837
0.379999998957
0.393333333234
0.410000000149
0.383333334078
0.373333333681
0.383333334078
0.386666666716
0.376666666319
0.390000000596
0.396666667114
0.376666666319
0.409999998907
0.376666666319
0.373333333681
0.389999999354
0.373333333681
0.389999999354
0.389999999354
0.380000000199
0.420000000546
0.393333333234
0.363333333284
0.386666666716
0.369999999801
0.393333333234
0.370000001043
0.393333333234
0.393333333234
0.386666666716
0.396666667114
0.426666667064
0.373333332439
0.356666666766
0.360000000646
0.386666666716
0.380000000199
0.403333333631
0.366666665922
0.396666667114
0.373333333681
0.383333332837
0.396666667114
0.356666666766
0.386666666716
0.390000000596
0.396666665872
0.389999999354
0.399999999752
0.389999999354
0.390000000596
0.400000000993
0.399999999752
0.380000000199
0.390000000596
0.396666667114
0.389999999354
0.383333332837
0.393333333234
0.413333334029
0.389999999354
0.393333333234
0.383333334078
0.400000000993
0.383333332837
0.399999999752
0.363333333284
0.359999999404
0.369999999801
0.383333332837
0.423333333184
0.403333333631
0.386666666716
0.410000000149
0.380000000199
0.379999998957
0.390000000596
0.369999999801
0.403333333631
0.380000000199
0.40333333239
0.423333334426
0.393333333234
0.383333334078
0.383333332837
0.383333332837
0.376666667561
0.396666667114
0.40333333239
0.376666667561
0.390000000596
0.503333332638
0.406666666269
0.383333334078
0.386666666716
0.393333333234
0.379999998957
0.373333333681
0.386666666716
0.376666667561
0.383333334078
0.386666666716
0.376666666319
0.386666666716
0.359999999404
0.386666665475
0.373333333681
0.403333333631
0.410000000149
0.380000000199
0.386666666716
0.413333334029
0.390000000596
0.389999999354
0.396666665872
0.406666666269
0.403333333631
0.403333333631
0.386666665475
0.386666666716
0.393333334476
0.380000000199
0.376666666319
0.380000000199
0.369999999801
0.369999999801
0.400000000993
0.390000000596
0.40333333239
0.373333332439
0.393333334476
0.396666667114
0.369999999801
0.346666666369
0.396666665872
0.376666667561
0.360000000646
0.373333333681
0.373333332439
0.376666667561
0.406666667511
0.393333333234
0.366666665922
0.369999999801
0.393333333234
0.383333332837
0.403333333631
0.389999999354
0.360000000646
0.396666665872
0.396666665872
0.383333334078
0.383333334078
0.383333334078
0.406666666269
0.376666666319
0.399999999752
0.410000000149
0.373333332439
0.399999999752
0.380000000199
0.410000000149
0.403333333631
0.410000000149
0.429999999702
0.370000001043
0.376666666319
0.366666667163
0.383333332837
0.390000000596
0.389999999354
0.399999999752
0.386666666716
0.386666666716
0.376666666319
0.386666666716
0.399999999752
0.380000000199
0.389999999354
0.410000000149
0.369999999801
0.386666666716
0.383333332837
0.416666666667
0.396666665872
0.390000000596
0.383333332837
0.386666666716
0.353333334128
0.383333334078
0.383333332837
0.376666666319
0.423333333184
0.386666666716
0.390000000596
0.366666667163
0.380000000199
0.386666666716
0.366666665922
0.366666665922
0.369999999801
0.380000000199
0.396666665872
0.390000000596
0.383333334078
0.380000000199
0.40333333239
0.423333333184
0.420000000546
0.389999999354
0.380000000199
0.380000000199
0.389999999354
0.396666667114
0.389999999354
0.399999999752
0.399999999752
0.400000000993
0.406666666269
0.386666666716
0.360000000646
0.433333333582
0.389999999354
0.386666666716
0.406666666269
0.433333333582
0.369999999801
0.363333333284
0.376666666319
0.373333333681
0.373333333681
0.390000000596
0.366666667163
0.379999998957
0.373333333681
0.383333332837
0.386666666716
0.366666667163
0.383333332837
0.376666666319
0.386666666716
0.386666666716
0.416666666667
0.386666666716
0.399999999752
0.403333333631
0.393333333234
0.410000000149
0.396666667114
0.380000000199
0.416666666667
0.389999999354
0.400000000993
0.386666666716
0.366666667163
0.419999999305
0.399999999752
0.376666667561
0.403333333631
0.373333332439
0.389999999354
0.403333333631
0.40333333239
0.406666666269
0.386666666716
0.386666666716
0.346666666369
0.393333334476
0.386666666716
0.383333334078
0.386666665475
0.346666666369
0.390000000596
0.373333333681
0.386666666716
0.399999999752
0.410000000149
0.386666666716
0.383333334078
0.386666666716
0.396666667114
0.393333333234
0.386666666716
0.453333333135
0.376666666319
0.376666666319
0.376666667561
0.376666666319
0.383333332837
0.353333332886
0.393333333234
0.369999999801
0.426666667064
0.406666666269
0.383333332837
0.383333334078
0.383333332837
0.380000000199
0.386666666716
0.409999998907
0.386666666716
0.386666666716
0.386666666716
0.366666667163
0.390000000596
0.400000000993
0.383333332837
0.383333332837
0.383333334078
0.396666667114
0.380000000199
0.346666666369
0.426666667064
0.416666666667
0.373333332439
0.413333334029
0.383333332837
0.393333333234
0.373333333681
0.373333333681
0.383333334078
0.396666667114
0.393333333234
0.393333333234
0.386666666716
0.383333332837
0.399999999752
0.383333332837
0.373333333681
0.416666666667
0.383333332837
0.373333332439
0.376666666319
0.386666666716
0.403333333631
0.399999999752
0.40333333239
0.390000000596
0.386666666716
0.386666666716
0.393333333234
0.396666667114
0.380000000199
0.436666667461
0.413333334029
0.379999998957
0.379999998957
0.383333332837
0.390000000596
0.406666666269
0.399999999752
0.386666666716
0.393333333234
0.380000000199
0.396666665872
0.399999999752
0.383333332837
0.383333332837
0.396666667114
0.369999999801
0.380000000199
0.386666666716
0.386666666716
0.420000000546
0.393333333234
0.396666665872
0.416666666667
0.393333333234
0.386666666716
0.386666666716
0.393333333234
0.390000000596
0.380000000199
0.410000000149
0.393333333234
0.426666665822
0.393333333234
0.406666666269
0.369999999801
0.376666666319
0.390000000596
0.393333334476
0.386666666716
0.396666665872
0.376666666319
0.393333333234
0.386666666716
0.380000000199
0.376666666319
0.376666666319
0.373333333681
0.399999999752
0.389999999354
0.383333332837
0.339999999851
0.383333334078
0.363333333284
0.363333333284
0.366666665922
0.399999999752
0.376666667561
0.393333333234
0.373333332439
0.383333334078
0.380000000199
0.386666666716
0.390000000596
0.373333333681
0.396666667114
0.393333333234
0.399999999752
0.410000000149
0.410000000149
0.366666667163
0.423333333184
0.373333332439
0.386666666716
0.393333334476
0.386666666716
0.376666666319
0.390000000596
0.399999999752
0.389999999354
0.380000000199
0.386666666716
0.410000000149
0.369999999801
0.363333333284
0.396666665872
0.413333334029
0.406666667511
0.369999999801
0.389999999354
0.383333332837
0.406666666269
0.386666666716
0.403333333631
0.399999999752
0.380000000199
0.383333332837
0.399999999752
0.443333333979
0.383333332837
0.386666666716
0.396666667114
0.403333333631
0.383333332837
0.380000000199
0.409999998907
0.386666666716
0.363333334525
0.376666666319
0.383333332837
0.416666666667
0.366666667163
0.459999999652
0.383333332837
0.380000000199
0.376666666319
0.406666667511
0.410000000149
0.383333332837
0.380000000199
0.390000000596
0.353333332886
0.390000000596
0.390000000596
0.389999999354
0.386666666716
0.399999999752
0.386666666716
0.390000000596
0.403333333631
0.389999999354
0.373333333681
0.373333332439
0.400000000993
0.366666665922
0.393333333234
0.363333333284
0.383333332837
0.386666666716
0.399999999752
0.376666666319
0.376666666319
0.353333332886
0.396666667114
0.383333334078
0.369999999801
0.393333333234
0.393333333234
0.376666666319
0.396666665872
0.390000000596
0.393333333234
0.380000000199
0.380000000199
0.383333334078
0.366666665922
0.393333333234
0.413333332787
0.380000000199
0.373333333681
0.386666666716
0.393333334476
0.410000000149
0.409999998907
0.373333333681
0.393333333234
0.393333333234
0.376666666319
0.403333333631
0.386666666716
0.386666666716
0.390000000596
0.396666667114
0.396666667114
0.399999999752
0.386666666716
0.406666666269
0.413333334029
0.383333334078
0.396666665872
0.399999999752
0.386666666716
0.393333333234
0.376666667561
0.399999999752
0.389999999354
0.380000000199
0.40333333239
0.376666667561
0.389999999354
0.383333334078
0.386666666716
0.363333333284
0.393333334476
0.399999999752
0.383333332837
0.366666667163
0.399999999752
0.386666666716
0.386666666716
0.373333332439
0.393333334476
0.410000000149
0.396666665872
0.386666666716
0.376666667561
0.380000000199
0.383333334078
0.393333333234
0.399999999752
0.396666665872
0.433333333582
0.436666667461
0.383333332837
0.373333333681
0.380000000199
0.370000001043
0.399999999752
0.416666666667
0.390000000596
0.396666667114
0.353333332886
0.376666666319
0.410000000149
0.386666666716
0.393333333234
0.373333332439
0.373333333681
0.386666666716
0.376666666319
0.386666666716
0.389999999354
0.383333332837
0.343333333731
0.390000000596
0.393333333234
0.396666665872
0.399999999752
0.366666667163
0.373333333681
0.380000000199
0.383333334078
0.373333333681
0.379999998957
0.413333332787
0.396666667114
0.386666666716
0.373333333681
0.396666665872
0.380000000199
0.389999999354
0.373333333681
0.386666666716
0.399999999752
0.396666667114
0.380000000199
0.390000000596
0.373333332439
0.373333333681
0.366666667163
0.413333332787
0.380000000199
0.373333333681
0.376666666319
0.369999999801
0.369999999801
0.383333334078
0.389999999354
0.380000000199
0.429999999702
0.380000000199
0.373333332439
0.380000000199
0.413333334029
0.383333332837
0.376666666319
0.383333334078
0.383333332837
0.393333333234
0.380000000199
0.423333333184
0.406666666269
0.386666666716
0.376666666319
0.389999999354
0.380000000199
0.390000000596
0.386666666716
0.40333333239
0.380000000199
0.369999999801
0.406666667511
0.376666666319
0.419999999305
0.380000000199
0.380000000199
0.383333332837
0.383333334078
0.379999998957
0.413333332787
0.390000000596
0.376666667561
0.383333332837
0.376666666319
0.389999999354
0.359999999404
0.413333334029
0.390000000596
0.373333333681
0.369999999801
0.383333334078
0.389999999354
0.400000000993
0.376666666319
0.396666665872
0.383333332837
0.376666666319
0.383333334078
0.389999999354
0.360000000646
0.376666667561
0.373333332439
0.393333333234
0.380000000199
0.390000000596
0.366666667163
0.389999999354
0.370000001043
0.373333333681
0.389999999354
0.393333333234
0.363333333284
0.373333332439
0.393333334476
0.406666666269
0.410000000149
0.410000000149
0.376666666319
0.376666666319
0.383333332837
0.393333333234
0.423333333184
0.393333333234
0.376666667561
0.396666665872
0.353333334128
0.459999999652
0.390000000596
0.390000000596
0.380000000199
0.380000000199
0.396666667114
0.373333333681
0.399999999752
0.380000000199
0.369999999801
0.380000000199
0.376666666319
0.393333333234
0.373333333681
0.380000000199
0.373333333681
0.410000000149
0.393333333234
0.403333333631
0.399999999752
0.396666665872
0.396666667114
0.410000000149
0.376666666319
0.386666666716
0.373333333681
0.410000000149
0.393333333234
0.383333334078
0.380000000199
0.423333333184
0.383333332837
0.40333333239
0.386666666716
0.406666666269
0.406666667511
0.406666667511
0.393333333234
0.396666665872
0.403333333631
0.383333332837
0.380000000199
0.410000000149
0.393333334476
0.380000000199
0.386666666716
0.43666666622
0.423333333184
0.393333333234
0.393333333234
0.406666667511
0.399999999752
0.380000000199
0.390000000596
0.393333333234
0.376666666319
0.386666666716
0.406666667511
0.389999999354
0.410000000149
0.373333333681
0.396666667114
0.380000000199
0.396666667114
0.399999999752
0.403333333631
0.373333332439
0.386666666716
0.373333333681
0.370000001043
0.376666666319
0.380000000199
0.380000000199
0.373333333681
0.399999999752
0.403333333631
0.393333333234
0.406666666269
0.383333332837
0.366666667163
0.373333333681
0.383333332837
0.386666666716
0.353333332886
0.399999999752
0.426666667064
0.376666666319
0.383333332837
0.416666666667
0.386666666716
0.369999999801
0.386666666716
0.363333333284
0.396666667114
0.376666666319
0.393333333234
0.446666666617
0.476666667809
0.389999999354
0.373333332439
0.380000000199
0.420000000546
0.376666666319
0.403333333631
0.396666667114
0.389999999354
0.406666666269
0.386666666716
0.383333334078
0.383333332837
0.376666667561
0.360000000646
0.369999999801
0.396666667114
0.389999999354
0.383333332837
0.380000000199
0.403333333631
0.399999999752
0.376666666319
0.373333333681
0.383333332837
0.410000000149
0.380000000199
0.380000000199
0.393333333234
0.399999999752
0.383333332837
0.373333333681
0.380000000199
0.423333333184
0.376666666319
0.363333333284
0.443333333979
0.429999999702
0.369999999801
0.396666665872
0.389999999354
0.386666666716
0.369999999801
0.376666666319
0.379999998957
0.389999999354
0.383333334078
0.406666667511
0.399999999752
0.380000000199
0.373333333681
0.376666667561
0.406666666269
0.369999999801
0.406666667511
0.399999999752
0.380000000199
0.399999999752
0.383333332837
0.386666666716
0.376666667561
0.396666667114
0.373333333681
0.389999999354
0.396666665872
0.389999999354
0.380000000199
0.366666667163
0.389999999354
0.390000000596
0.383333334078
0.393333333234
0.383333332837
0.396666665872
0.406666666269
0.393333333234
0.393333333234
0.393333333234
0.369999999801
0.396666665872
0.373333333681
0.396666667114
0.383333334078
0.449999999255
0.390000000596
0.390000000596
0.383333334078
0.386666666716
0.373333332439
0.380000000199
0.366666667163
0.366666667163
0.393333334476
0.393333333234
0.410000000149
0.363333333284
0.363333333284
0.380000000199
0.376666666319
0.363333333284
0.380000000199
0.366666667163
0.389999999354
0.380000000199
0.393333333234
0.386666666716
0.399999999752
0.359999999404
0.413333334029
0.376666666319
0.393333333234
0.376666666319
0.353333332886
0.383333332837
0.380000000199
0.343333333731
0.373333333681
0.379999998957
0.406666666269
0.399999999752
0.399999999752
0.393333333234
0.396666667114
0.380000000199
0.416666666667
0.379999998957
0.389999999354
0.396666667114
0.410000000149
0.373333333681
0.410000000149
0.383333332837
0.403333333631
0.399999999752
0.413333334029
0.423333333184
0.380000000199
0.383333334078
0.396666665872
0.420000000546
0.386666666716
0.399999999752
0.393333333234
0.356666666766
0.380000000199
0.360000000646
0.386666666716
0.399999999752
0.383333332837
0.386666666716
0.390000000596
0.393333333234
0.373333333681
0.396666665872
0.363333333284
0.410000000149
0.406666667511
0.386666666716
0.379999998957
0.390000000596
0.370000001043
0.429999999702
0.420000000546
0.380000000199
0.379999998957
0.399999999752
0.383333332837
0.389999999354
0.353333334128
0.386666666716
0.376666666319
0.393333333234
0.370000001043
0.380000000199
0.386666666716
0.376666667561
0.433333333582
0.383333334078
0.396666665872
0.379999998957
0.423333333184
0.380000000199
0.399999999752
0.396666667114
0.360000000646
0.383333332837
0.419999999305
0.406666666269
0.383333332837
0.400000000993
0.396666667114
0.406666667511
0.366666667163
0.40333333239
0.369999999801
0.386666666716
0.386666666716
0.383333334078
0.373333333681
0.386666666716
0.386666666716
0.393333333234
0.373333332439
0.386666666716
0.383333334078
0.396666665872
0.373333333681
0.389999999354
0.390000000596
0.413333332787
0.383333334078
0.390000000596
0.360000000646
0.373333333681
0.373333333681
0.406666666269
0.406666666269
0.376666667561
0.380000000199
0.390000000596
0.386666666716
0.386666666716
0.373333333681
0.376666666319
0.383333334078
0.463333333532
0.383333332837
0.396666667114
0.353333332886
0.399999999752
0.373333333681
0.369999999801
0.363333333284
0.363333333284
0.413333332787
0.406666666269
0.413333332787
0.373333333681
0.386666666716
0.386666666716
0.376666667561
0.379999998957
0.383333334078
0.383333332837
0.383333332837
0.380000000199
0.413333332787
0.399999999752
0.396666667114
0.383333334078
0.383333332837
0.376666667561
0.393333333234
0.373333332439
0.366666667163
0.400000000993
0.399999999752
0.383333334078
0.383333332837
0.396666667114
0.389999999354
0.380000000199
0.386666666716
0.399999999752
0.383333334078
0.376666666319
0.403333333631
0.396666667114
0.40333333239
0.360000000646
0.400000000993
0.416666666667
0.393333333234
0.360000000646
0.389999999354
0.386666666716
0.433333333582
0.369999999801
0.386666666716
0.393333333234
0.390000000596
0.386666666716
0.386666666716
0.383333332837
0.396666665872
0.373333333681
0.406666666269
0.386666665475
0.386666666716
0.390000000596
0.383333332837
0.399999999752
0.373333332439
0.393333333234
0.390000000596
0.406666666269
0.416666666667
0.440000000099
0.383333334078
0.403333333631
0.389999999354
0.339999999851
0.369999999801
0.390000000596
0.413333334029
0.393333333234
0.376666666319
0.386666666716
0.406666666269
0.416666666667
0.423333334426
0.373333332439
0.353333332886
0.369999999801
0.386666666716
0.380000000199
0.400000000993
0.393333333234
0.380000000199
0.399999999752
0.390000000596
0.373333333681
0.386666666716
0.396666665872
0.353333332886
0.439999998858
0.390000000596
0.356666666766
0.403333333631
0.383333332837
0.360000000646
0.379999998957
0.390000000596
0.406666666269
0.400000000993
0.396666665872
0.386666666716
0.393333333234
0.413333332787
0.383333334078
0.406666666269
0.393333333234
0.393333333234
0.413333332787
0.390000000596
0.376666666319
0.383333332837
0.380000000199
0.380000000199
0.403333333631
0.380000000199
0.393333333234
0.379999998957
0.383333334078
0.383333334078
0.380000000199
0.380000000199
0.359999999404
0.396666665872
0.373333333681
0.399999999752
0.410000000149
0.390000000596
0.393333334476
0.369999999801
0.396666665872
0.369999999801
0.350000000248
0.363333333284
0.423333333184
0.376666666319
0.383333332837
0.393333334476
0.393333333234
0.393333333234
0.393333333234
0.403333333631
0.380000000199
0.399999999752
0.386666666716
0.386666666716
0.389999999354
0.386666666716
0.380000000199
0.403333333631
0.386666666716
0.396666665872
0.396666667114
0.393333333234
0.389999999354
0.393333333234
0.393333333234
0.386666666716
0.386666666716
0.373333333681
0.393333333234
0.399999999752
0.393333334476
0.400000000993
0.390000000596
0.376666666319
0.413333334029
0.386666666716
0.406666666269
0.386666666716
0.396666665872
0.396666667114
0.386666666716
0.380000000199
0.383333334078
0.386666666716
0.379999998957
0.386666666716
0.396666667114
0.376666666319
0.386666666716
0.379999998957
0.373333333681
0.396666667114
0.383333332837
0.369999999801
0.380000000199
0.373333333681
0.380000000199
0.410000000149
0.399999999752
0.359999999404
0.360000000646
0.393333333234
0.359999999404
0.376666666319
0.396666665872
0.406666667511
0.423333333184
0.383333332837
0.383333332837
0.389999999354
0.406666667511
0.363333333284
0.386666666716
0.393333333234
0.366666667163
0.389999999354
0.356666666766
0.399999999752
0.376666666319
0.386666666716
0.400000000993
0.403333333631
0.389999999354
0.446666666617
0.396666667114
0.396666667114
0.390000000596
0.393333333234
0.426666667064
0.43666666622
0.373333333681
0.393333333234
0.386666666716
0.373333332439
0.379999998957
0.393333333234
0.373333333681
0.406666667511
0.386666666716
0.390000000596
0.399999999752
0.376666666319
0.393333334476
0.413333332787
0.393333333234
0.389999999354
0.386666666716
0.396666667114
0.359999999404
0.383333332837
0.346666666369
0.403333333631
0.393333333234
0.389999999354
0.393333333234
0.390000000596
0.396666665872
0.390000000596
0.386666666716
0.380000000199
0.383333332837
0.376666666319
0.396666665872
0.396666667114
0.380000000199
0.376666666319
0.369999999801
0.376666666319
0.390000000596
0.386666666716
0.386666666716
0.376666666319
0.376666666319
0.373333332439
0.383333332837
0.393333333234
0.396666665872
0.386666666716
0.396666665872
0.410000000149
0.386666666716
0.413333334029
0.399999999752
0.419999999305
0.369999999801
0.426666667064
0.423333333184
0.369999999801
0.356666666766
0.390000000596
0.366666665922
0.410000000149
0.396666665872
0.396666665872
0.363333333284
0.386666666716
0.376666666319
0.406666666269
0.386666666716
0.390000000596
0.380000000199
0.386666666716
0.43666666622
0.386666666716
0.406666667511
0.406666667511
0.406666666269
0.419999999305
0.380000000199
0.380000000199
0.399999999752
0.399999999752
0.410000000149
0.399999999752
0.393333333234
0.406666666269
0.373333332439
0.386666666716
0.393333333234
0.386666666716
0.366666667163
0.376666666319
0.386666666716
0.373333332439
0.376666666319
0.410000000149
0.366666667163
0.383333334078
0.373333332439
0.366666667163
0.373333333681
0.363333333284
0.333333333333
0.366666667163
0.403333333631
0.389999999354
0.423333333184
0.419999999305
0.406666666269
0.393333333234
0.406666667511
0.410000000149
0.386666666716
0.416666666667
0.410000000149
0.406666666269
0.386666666716
0.376666666319
0.406666666269
0.403333333631
0.366666667163
0.383333332837
0.366666667163
0.383333332837
0.386666666716
0.366666665922
0.376666667561
0.380000000199
0.426666665822
0.403333333631
0.376666666319
0.420000000546
0.410000000149
0.369999999801
0.376666666319
0.383333332837
0.399999999752
0.383333332837
0.383333332837
0.346666666369
0.396666667114
0.383333332837
0.386666666716
0.373333333681
0.366666665922
0.380000000199
0.386666666716
0.403333333631
0.390000000596
0.406666666269
0.52999999995
0.366666667163
0.369999999801
0.363333333284
0.373333333681
0.376666666319
0.376666667561
0.396666667114
0.403333333631
0.366666665922
0.380000000199
0.396666667114
0.400000000993
0.383333334078
0.389999999354
0.379999998957
0.366666665922
0.373333333681
0.393333333234
0.363333333284
0.389999999354
0.366666667163
0.383333332837
0.396666665872
0.410000000149
0.396666667114
0.399999999752
0.416666666667
0.413333332787
0.389999999354
0.416666666667
0.399999999752
0.376666666319
0.390000000596
0.369999999801
0.393333333234
0.393333333234
0.403333333631
0.393333333234
0.396666667114
0.399999999752
0.380000000199
0.380000000199
0.370000001043
0.393333333234
0.406666666269
0.393333333234
0.353333334128
0.380000000199
0.393333333234
0.376666666319
0.419999999305
0.380000000199
0.376666666319
0.396666667114
0.363333333284
0.369999999801
0.390000000596
0.389999999354
0.390000000596
0.386666666716
0.390000000596
0.396666665872
0.366666667163
0.396666665872
0.366666667163
0.403333333631
0.369999999801
0.366666667163
0.383333334078
0.396666667114
0.356666666766
0.396666667114
0.366666665922
0.393333333234
0.396666665872
0.380000000199
0.390000000596
0.380000000199
0.400000000993
0.406666666269
0.416666666667
0.380000000199
0.373333333681
0.369999999801
0.403333333631
0.380000000199
0.390000000596
0.380000000199
0.376666666319
0.373333333681
0.373333333681
0.363333333284
0.390000000596
0.386666666716
0.393333333234
0.383333332837
0.383333334078
0.380000000199
0.369999999801
0.390000000596
0.389999999354
0.360000000646
0.380000000199
0.383333334078
0.373333333681
0.376666666319
0.389999999354
0.389999999354
0.380000000199
0.373333333681
0.353333332886
0.389999999354
0.390000000596
0.429999999702
0.420000000546
0.383333334078
0.380000000199
0.376666666319
0.383333334078
0.369999999801
0.383333334078
0.386666666716
0.366666665922
0.393333334476
0.373333333681
0.363333333284
0.396666667114
0.376666666319
0.396666667114
0.376666666319
0.416666666667
0.393333333234
0.386666666716
0.403333333631
0.393333333234
0.373333333681
0.396666665872
0.393333333234
0.376666667561
0.386666666716
0.369999999801
0.410000000149
0.373333333681
0.390000000596
0.399999999752
0.386666666716
0.406666666269
0.376666667561
0.393333333234
0.363333333284
0.383333332837
0.369999999801
0.389999999354
0.40333333239
0.389999999354
0.400000000993
0.393333333234
0.399999999752
0.396666667114
0.390000000596
0.376666666319
0.396666667114
0.386666666716
0.380000000199
0.389999999354
0.416666666667
0.386666666716
0.386666666716
0.376666666319
0.386666666716
0.406666666269
0.403333333631
0.386666666716
0.340000001093
0.40333333239
0.393333333234
0.386666666716
0.386666666716
0.390000000596
0.373333333681
0.363333333284
0.396666665872
0.396666667114
0.413333334029
0.406666667511
0.409999998907
0.400000000993
0.376666666319
0.356666666766
0.386666666716
0.369999999801
0.393333333234
0.360000000646
0.383333332837
0.356666666766
0.406666667511
0.403333333631
0.393333333234
0.386666666716
0.396666665872
0.406666666269
0.383333334078
0.360000000646
0.383333332837
0.380000000199
0.393333334476
0.376666666319
0.376666667561
0.383333332837
0.380000000199
0.393333333234
0.383333332837
0.396666667114
0.373333333681
0.389999999354
0.406666666269
0.426666667064
0.399999999752
0.386666666716
0.399999999752
0.380000000199
0.373333333681
0.396666665872
0.393333333234
0.390000000596
0.403333333631
0.373333332439
0.363333333284
0.386666666716
0.420000000546
0.390000000596
0.386666666716
0.440000000099
0.413333334029
0.356666666766
0.353333334128
0.383333334078
0.366666665922
0.350000000248
0.386666665475
0.410000000149
0.380000000199
0.423333333184
0.416666666667
0.336666667213
0.393333333234
0.386666666716
0.383333332837
0.376666666319
0.396666667114
0.383333334078
0.386666666716
0.403333333631
0.423333333184
0.396666665872
0.396666667114
0.379999998957
0.380000000199
0.350000000248
0.423333333184
0.430000000944
0.403333333631
0.386666666716
0.416666666667
0.370000001043
0.406666666269
0.396666665872
0.350000000248
0.376666666319
0.369999999801
0.426666667064
0.376666666319
0.356666666766
0.390000000596
0.393333333234
0.393333333234
0.393333334476
0.386666666716
0.379999998957
0.389999999354
0.373333332439
0.383333334078
0.373333333681
0.420000000546
0.359999999404
0.390000000596
0.40333333239
0.376666666319
0.353333332886
0.359999999404
0.373333333681
0.363333333284
0.386666666716
0.383333334078
0.406666666269
0.389999999354
0.396666667114
0.446666666617
0.383333334078
0.383333332837
0.386666666716
0.390000000596
0.373333332439
0.366666667163
0.383333332837
0.386666666716
0.376666666319
0.390000000596
0.386666666716
0.346666666369
0.399999999752
0.396666667114
0.373333333681
0.373333333681
0.410000000149
0.380000000199
0.393333333234
0.406666666269
0.386666666716
0.383333332837
0.386666666716
0.399999999752
0.393333334476
0.386666665475
0.396666667114
0.393333333234
0.386666665475
0.393333333234
0.403333333631
0.396666667114
0.433333333582
0.396666667114
0.380000000199
0.386666666716
0.396666667114
0.400000000993
0.383333334078
0.383333334078
0.353333334128
0.373333332439
0.380000000199
0.386666666716
0.406666666269
0.383333332837
0.393333333234
0.410000000149
0.416666666667
0.396666667114
0.386666666716
0.386666666716
0.396666665872
0.383333332837
0.383333334078
0.363333333284
0.376666666319
0.390000000596
0.403333333631
0.363333333284
0.376666667561
0.393333333234
0.396666667114
0.376666666319
0.386666666716
0.389999999354
0.380000000199
0.393333333234
0.353333332886
0.379999998957
0.400000000993
0.410000000149
0.389999999354
0.386666666716
0.373333333681
0.386666666716
0.376666666319
0.383333334078
0.350000000248
0.413333334029
0.380000000199
0.380000000199
0.410000000149
0.373333333681
0.466666667412
0.473333332688
0.370000001043
0.376666666319
0.386666666716
0.390000000596
0.359999999404
0.373333333681
0.350000000248
0.413333332787
0.416666666667
0.373333333681
0.383333334078
0.373333333681
0.386666666716
0.386666666716
0.396666665872
0.376666667561
0.380000000199
0.383333334078
0.419999999305
0.410000000149
0.393333333234
0.380000000199
0.396666667114
0.393333333234
0.393333333234
0.396666667114
0.350000000248
0.403333333631
0.343333333731
0.376666666319
0.369999999801
0.390000000596
0.383333332837
0.399999999752
0.386666666716
0.380000000199
0.373333333681
0.373333333681
0.389999999354
0.389999999354
0.399999999752
0.386666666716
0.413333334029
0.376666666319
0.383333332837
0.393333333234
0.396666665872
0.363333333284
0.363333333284
0.383333334078
0.386666666716
0.386666666716
0.413333332787
0.393333333234
0.396666667114
0.386666666716
0.353333334128
0.349999999007
0.379999998957
0.406666667511
0.389999999354
0.406666667511
0.376666667561
0.396666667114
0.373333333681
0.383333334078
0.376666666319
0.386666666716
0.390000000596
0.393333333234
0.403333333631
0.386666666716
0.396666665872
0.389999999354
0.380000000199
0.386666666716
0.400000000993
0.373333332439
0.413333334029
0.386666666716
0.419999999305
0.383333334078
0.376666666319
0.376666666319
0.386666666716
0.386666666716
0.416666666667
0.383333332837
0.393333334476
0.356666666766
0.389999999354
0.390000000596
0.359999999404
0.383333332837
0.373333332439
0.376666666319
0.376666666319
0.373333333681
0.423333333184
0.393333333234
0.403333333631
0.380000000199
0.383333334078
0.390000000596
0.390000000596
0.379999998957
0.390000000596
0.383333332837
0.393333333234
0.373333333681
0.399999999752
0.389999999354
0.403333333631
0.376666667561
0.390000000596
0.386666666716
0.383333332837
0.390000000596
0.386666666716
0.396666667114
0.386666666716
0.396666665872
0.403333333631
0.376666667561
0.420000000546
0.43666666622
0.386666666716
0.419999999305
0.376666666319
0.366666667163
0.396666667114
0.376666666319
0.386666666716
0.40333333239
0.433333333582
0.433333333582
0.379999998957
0.410000000149
0.396666667114
0.380000000199
0.386666666716
0.369999999801
0.373333333681
0.370000001043
0.393333333234
0.373333333681
0.369999999801
0.380000000199
0.396666667114
0.360000000646
0.376666666319
0.386666666716
0.406666667511
0.369999999801
0.436666667461
0.386666666716
0.376666666319
0.360000000646
0.373333333681
0.386666666716
0.386666666716
0.386666666716
0.369999999801
0.360000000646
0.349999999007
0.366666667163
0.383333334078
0.376666666319
