bytes_written	total_items	curr_connections	threads	cmd_set	cmd_get	get_misses	get_hits	bytes_read
17636109544	691056	20	8	693190	10932556	2082096	8850460	2235715483	365833
17636925482	691056	14	8	693190	10932959	2082154	8850805	2235757110	365833
17637533067	691056	21	8	693190	10933384	2082219	8851165	2235799794	365833
17638185308	691056	21	8	693190	10933804	2082278	8851526	2235843356	365833
17638880728	691056	20	8	693190	10934250	2082341	8851909	2235887273	365833
17639601995	691056	17	8	693190	10934674	2082403	8852271	2235930673	365833
17640240539	691056	18	8	693190	10935101	2082465	8852636	2235974468	365833
17641126334	691056	22	8	693190	10935563	2082538	8853025	2236019806	365833
17641784411	691056	22	8	693190	10935992	2082610	8853382	2236064011	365833
17642621954	691056	18	8	693190	10936422	2082674	8853748	2236107623	365833
17643405844	691056	19	8	693190	10936858	2082748	8854110	2236151417	365833
17644267076	691056	19	8	693190	10937319	2082828	8854491	2236196335	365833
17645117159	691056	23	8	693190	10937737	2082887	8854850	2236239076	365833
17645753044	691056	19	8	693190	10938189	2082961	8855228	2236284460	365833
17646440180	691056	20	8	693190	10938602	2083021	8855581	2236327346	365833
17647569444	691056	19	8	693190	10939038	2083086	8855952	2236371118	365833
17648460136	691056	17	8	693190	10939474	2083155	8856319	2236415423	365833
17649370350	691056	20	8	693190	10939917	2083222	8856695	2236459862	365833
17650174575	691056	21	8	693190	10940384	2083303	8857081	2236505361	365833
17650950580	691056	21	8	693190	10940824	2083371	8857453	2236550022	365833
17651661318	691056	19	8	693190	10941271	2083440	8857831	2236594248	365833
17652410256	691056	22	8	693190	10941707	2083502	8858205	2236638215	365833
17653051519	691056	22	8	693190	10942147	2083572	8858575	2236683112	365833
17653727890	691059	16	8	693193	10942577	2083643	8858934	2236728836	365830
17654655714	691059	19	8	693193	10943005	2083703	8859302	2236771285	365830
17655342045	691059	18	8	693193	10943433	2083779	8859654	2236815314	365830
17656222924	691059	21	8	693193	10943865	2083836	8860029	2236858972	365830
17657212830	691059	22	8	693193	10944329	2083907	8860422	2236903848	365830
17658282897	691059	16	8	693193	10944762	2083968	8860794	2236947927	365830
17658920145	691059	21	8	693193	10945194	2084021	8861173	2236991829	365830
17659683980	691059	19	8	693193	10945609	2084072	8861537	2237034973	365830
17660492668	691059	23	8	693193	10946048	2084133	8861915	2237078530	365830
17661124281	691059	23	8	693193	10946484	2084209	8862275	2237123244	365830
17662022084	691059	19	8	693193	10946911	2084278	8862633	2237166919	365830
17662875463	691059	21	8	693193	10947344	2084340	8863004	2237210697	365830
17663417336	691059	22	8	693193	10947800	2084411	8863389	2237255746	365830
17664213676	691060	21	8	693194	10948237	2084468	8863769	2237299700	365829
17664999501	691060	18	8	693194	10948670	2084545	8864125	2237342672	365829
17665834663	691060	17	8	693194	10949081	2084613	8864468	2237384843	365829
17666566195	691060	21	8	693194	10949489	2084675	8864814	2237426826	365829
17667320952	691060	16	8	693194	10949888	2084733	8865155	2237468112	365829
17668178273	691060	16	8	693194	10950303	2084783	8865520	2237509830	365829
17668799360	691060	21	8	693194	10950736	2084854	8865882	2237552877	365829
17669493473	691060	24	8	693194	10951133	2084921	8866212	2237593755	365829
17670097250	691060	23	8	693194	10951547	2084984	8866563	2237636366	365829
17670799193	691060	16	8	693194	10951950	2085044	8866906	2237677786	365829
17671408360	691060	20	8	693194	10952371	2085105	8867266	2237719609	365829
17672289313	691060	16	8	693194	10952789	2085170	8867619	2237762070	365829
17672947641	691060	22	8	693194	10953211	2085232	8867979	2237804758	365829
17673594992	691060	20	8	693194	10953607	2085293	8868314	2237845711	365829
17674211298	691060	21	8	693194	10954011	2085348	8868663	2237886697	365829
17674966966	691060	19	8	693194	10954443	2085415	8869028	2237929112	365829
17675530229	691060	21	8	693194	10954852	2085471	8869381	2237969813	365829
17676303962	691060	18	8	693194	10955260	2085529	8869731	2238010773	365829
17677213971	691060	17	8	693194	10955659	2085587	8870072	2238051601	365829
17678168527	691060	19	8	693194	10956095	2085659	8870436	2238094034	365829
17678812337	691060	19	8	693194	10956504	2085722	8870782	2238134790	365829
17679635869	691060	20	8	693194	10956890	2085779	8871111	2238174286	365829
17680398728	691060	20	8	693194	10957293	2085831	8871462	2238215105	365829
17681031331	691060	20	8	693194	10957676	2085885	8871791	2238254355	365829
17681685423	691060	18	8	693194	10958064	2085938	8872126	2238294558	365829
17682173411	691060	19	8	693194	10958469	2086002	8872467	2238334731	365829
17682901235	691060	14	8	693194	10958877	2086064	8872813	2238376047	365829
17683629285	691060	20	8	693194	10959282	2086118	8873164	2238416747	365829
17684405459	691060	20	8	693194	10959677	2086169	8873508	2238456664	365829
17685209804	691060	18	8	693194	10960084	2086217	8873867	2238497505	365829
17685995161	691060	17	8	693194	10960476	2086284	8874192	2238537428	365829
17686714413	691060	21	8	693194	10960900	2086353	8874547	2238579463	365829
17687583467	691060	18	8	693194	10961314	2086408	8874906	2238620940	365829
17688268899	691060	18	8	693194	10961702	2086464	8875238	2238660690	365829
17688908790	691060	17	8	693194	10962097	2086518	8875579	2238700484	365829
17689536575	691061	19	8	693195	10962513	2086590	8875923	2238742253	365828
17690240711	691061	20	8	693195	10962917	2086649	8876268	2238783554	365828
17690881297	691061	21	8	693195	10963308	2086705	8876603	2238822659	365828
17691468047	691061	15	8	693195	10963713	2086771	8876942	2238863238	365828
17691976256	691061	19	8	693195	10964112	2086830	8877282	2238903768	365828
17692645834	691061	21	8	693195	10964513	2086881	8877632	2238944553	365828
17693525930	691061	20	8	693195	10964923	2086940	8877983	2238985081	365828
17694135219	691061	20	8	693195	10965322	2087006	8878316	2239025471	365828
17694936514	691061	16	8	693195	10965744	2087068	8878676	2239067269	365828
17695698315	691061	17	8	693195	10966160	2087143	8879017	2239108644	365828
17696487811	691061	25	8	693195	10966571	2087213	8879358	2239149269	365828
17697179788	691061	21	8	693195	10966977	2087281	8879696	2239190126	365828
17698020239	691061	15	8	693195	10967373	2087341	8880032	2239230208	365828
17698673157	691061	19	8	693195	10967800	2087415	8880385	2239272361	365828
17699326636	691061	19	8	693195	10968193	2087458	8880735	2239312099	365828
17699958064	691061	17	8	693195	10968590	2087518	8881072	2239352177	365828
17700758023	691061	18	8	693195	10968971	2087571	8881400	2239391668	365828
17701704966	691061	20	8	693195	10969387	2087627	8881760	2239432277	365828
17702469791	691062	20	8	693196	10969790	2087689	8882101	2239473368	365827
17703191647	691062	20	8	693196	10970209	2087754	8882455	2239514435	365827
17703939825	691062	16	8	693196	10970598	2087807	8882791	2239554240	365827
17704791898	691062	17	8	693196	10971012	2087870	8883142	2239595503	365827
17705565773	691062	23	8	693196	10971431	2087935	8883496	2239637368	365827
17706064098	691062	20	8	693196	10971832	2087992	8883840	2239677678	365827
17706672107	691062	20	8	693196	10972227	2088047	8884180	2239716779	365827
17707327413	691062	19	8	693196	10972627	2088111	8884516	2239757067	365827
17708050837	691062	18	8	693196	10973054	2088183	8884871	2239799992	365827
17708669286	691062	15	8	693196	10973423	2088229	8885194	2239838870	365827
17709156209	691062	16	8	693196	10973821	2088300	8885521	2239878567	365827
17709726489	691062	22	8	693196	10974243	2088361	8885882	2239920085	365827
17710440108	691062	22	8	693196	10974646	2088431	8886215	2239961375	365827
17711036642	691062	19	8	693196	10975050	2088489	8886561	2240001375	365827
17711723496	691062	17	8	693196	10975432	2088540	8886892	2240040271	365827
17712439360	691063	16	8	693197	10975819	2088604	8887215	2240079524	365826
17713235521	691063	19	8	693197	10976233	2088671	8887562	2240120734	365826
17713921466	691063	16	8	693197	10976647	2088735	8887912	2240163044	365826
17714549818	691063	17	8	693197	10977059	2088796	8888263	2240203539	365826
17715180525	691063	17	8	693197	10977456	2088862	8888594	2240243768	365826
17715899964	691063	21	8	693197	10977877	2088932	8888945	2240284995	365826
17716485248	691063	19	8	693197	10978288	2088997	8889291	2240326169	365826
17717231121	691063	15	8	693197	10978677	2089053	8889624	2240365953	365826
17717864510	691063	19	8	693197	10979095	2089134	8889961	2240407018	365826
17718556131	691063	20	8	693197	10979503	2089207	8890296	2240448375	365826
17719242176	691063	21	8	693197	10979920	2089272	8890648	2240489922	365826
17719882453	691063	17	8	693197	10980331	2089341	8890990	2240530671	365826
17720603251	691063	18	8	693197	10980727	2089398	8891329	2240570703	365826
17721255670	691063	22	8	693197	10981131	2089461	8891670	2240611722	365826
17721850189	691063	17	8	693197	10981545	2089520	8892025	2240652934	365826
17722364127	691064	15	8	693198	10981918	2089579	8892339	2240692089	365825
17723081741	691064	16	8	693198	10982345	2089655	8892690	2240734202	365825
17723712591	691064	21	8	693198	10982768	2089724	8893044	2240776092	365825
17724543706	691064	17	8	693198	10983187	2089800	8893387	2240817337	365825
17725357378	691064	18	8	693198	10983588	2089860	8893728	2240857558	365825
17725936385	691064	21	8	693198	10983975	2089913	8894062	2240896683	365825
17726453650	691064	20	8	693198	10984367	2089977	8894390	2240937366	365825
17727329045	691064	20	8	693198	10984781	2090033	8894748	2240978672	365825
17728158207	691064	13	8	693198	10985166	2090090	8895076	2241018286	365825
17728793975	691064	19	8	693198	10985580	2090161	8895419	2241059387	365825
17729617395	691064	20	8	693198	10985989	2090230	8895759	2241100448	365825
17730325778	691064	20	8	693198	10986410	2090298	8896112	2241141829	365825
17730946451	691064	18	8	693198	10986819	2090368	8896451	2241182664	365825
17731657722	691065	20	8	693199	10987231	2090435	8896796	2241223830	365824
17732492045	691065	22	8	693199	10987651	2090493	8897158	2241265254	365824
17733126139	691065	19	8	693199	10988033	2090556	8897477	2241304857	365824
17733865057	691065	18	8	693199	10988426	2090603	8897823	2241344198	365824
17734735335	691065	22	8	693199	10988840	2090660	8898180	2241385552	365824
17735458571	691065	17	8	693199	10989235	2090720	8898515	2241426044	365824
17736165888	691065	18	8	693199	10989636	2090787	8898849	2241466684	365824
17736978110	691065	19	8	693199	10990042	2090847	8899195	2241507576	365824
17737586287	691065	21	8	693199	10990459	2090902	8899557	2241549116	365824
17738229470	691065	17	8	693199	10990847	2090963	8899884	2241588609	365824
17738779199	691065	20	8	693199	10991235	2091022	8900213	2241627822	365824
17739447731	691065	22	8	693199	10991663	2091085	8900578	2241670221	365824
17740125964	691065	16	8	693199	10992063	2091147	8900916	2241711349	365824
17740746056	691065	19	8	693199	10992470	2091206	8901264	2241751884	365824
17741532483	691065	23	8	693199	10992880	2091272	8901608	2241793197	365824
17742387022	691065	17	8	693199	10993299	2091333	8901966	2241834795	365824
17743091285	691065	17	8	693199	10993699	2091388	8902311	2241875048	365824
17743805668	691065	20	8	693199	10994104	2091451	8902653	2241915473	365824
17744652234	691065	22	8	693199	10994520	2091510	8903010	2241957194	365824
17745269428	691065	22	8	693199	10994921	2091573	8903348	2241997866	365824
17745926875	691065	20	8	693199	10995323	2091642	8903681	2242038145	365824
17746896653	691065	19	8	693199	10995740	2091700	8904040	2242079301	365824
17747583733	691065	22	8	693199	10996163	2091770	8904393	2242121124	365824
17748425473	691065	17	8	693199	10996552	2091834	8904718	2242160611	365824
17749215395	691065	17	8	693199	10996949	2091896	8905053	2242200400	365824
17749913263	691065	21	8	693199	10997379	2091961	8905418	2242242993	365824
17750448989	691066	15	8	693200	10997795	2092034	8905761	2242284632	365823
17751001050	691066	18	8	693200	10998183	2092091	8906092	2242324272	365823
17751621598	691066	22	8	693200	10998590	2092147	8906443	2242364624	365823
17752318416	691066	16	8	693200	10998995	2092214	8906781	2242405999	365823
17752942060	691066	18	8	693200	10999399	2092270	8907129	2242446859	365823
17753727823	691066	19	8	693200	10999801	2092334	8907467	2242487146	365823
17754404464	691066	22	8	693200	11000208	2092399	8907809	2242527684	365823
17755177644	691066	16	8	693200	11000607	2092449	8908158	2242567991	365823
17755724033	691066	19	8	693200	11000998	2092505	8908493	2242607573	365823
17756213502	691066	19	8	693200	11001431	2092581	8908850	2242650652	365823
17756851191	691066	18	8	693200	11001831	2092643	8909188	2242691453	365823
17757572137	691066	20	8	693200	11002229	2092705	8909524	2242730886	365823
17758160813	691066	21	8	693200	11002638	2092762	8909876	2242772050	365823
17758895850	691066	17	8	693200	11003026	2092815	8910211	2242812519	365823
17759656016	691066	18	8	693200	11003444	2092886	8910558	2242853525	365823
17760290716	691066	21	8	693200	11003844	2092940	8910904	2242893368	365823
17760811667	691066	19	8	693200	11004257	2093013	8911244	2242935297	365823
17761463661	691066	15	8	693200	11004644	2093068	8911576	2242975258	365823
17761958201	691066	19	8	693200	11005038	2093130	8911908	2243014671	365823
17762711870	691066	20	8	693200	11005469	2093204	8912265	2243057133	365823
17763326781	691066	19	8	693200	11005862	2093264	8912598	2243097193	365823
17764093213	691066	17	8	693200	11006239	2093315	8912924	2243136227	365823
17764919232	691066	21	8	693200	11006632	2093373	8913259	2243176515	365823
17765920882	691066	20	8	693200	11007045	2093436	8913609	2243217617	365823
17766636343	691066	21	8	693200	11007448	2093492	8913956	2243258322	365823
17767442385	691066	17	8	693200	11007828	2093542	8914286	2243297512	365823
17768308493	691066	16	8	693200	11008238	2093611	8914627	2243338194	365823
17769079852	691066	21	8	693200	11008694	2093687	8915007	2243381556	365823
17769840416	691066	18	8	693200	11009086	2093747	8915339	2243421979	365823
17770497050	691066	17	8	693200	11009490	2093811	8915679	2243461863	365823
17771093976	691066	20	8	693200	11009897	2093885	8916012	2243502339	365823
17771804977	691066	20	8	693200	11010322	2093954	8916368	2243544665	365823
17772544889	691066	21	8	693200	11010738	2094011	8916727	2243586338	365823
17773436796	691066	15	8	693200	11011126	2094062	8917064	2243625749	365823
17774056750	691066	20	8	693200	11011526	2094117	8917409	2243666256	365823
17774706477	691066	19	8	693200	11011940	2094180	8917760	2243707187	365823
17775480202	691066	16	8	693200	11012326	2094237	8918089	2243746687	365823
17776050941	691066	22	8	693200	11012717	2094292	8918425	2243786646	365823
17776761442	691066	20	8	693200	11013140	2094357	8918783	2243828623	365823
17777517568	691067	15	8	693201	11013542	2094420	8919122	2243869118	365822
17778235879	691067	18	8	693201	11013940	2094479	8919461	2243908531	365822
17778869781	691067	19	8	693201	11014357	2094548	8919809	2243950400	365822
17779879310	691067	22	8	693201	11014770	2094610	8920160	2243991901	365822
17780746037	691067	17	8	693201	11015170	2094668	8920502	2244032114	365822
17781366690	691067	22	8	693201	11015575	2094724	8920851	2244072777	365822
17782008055	691067	14	8	693201	11015975	2094783	8921192	2244113456	365822
17782668133	691067	18	8	693201	11016386	2094845	8921541	2244154294	365822
17783160288	691067	20	8	693201	11016783	2094914	8921869	2244194349	365822
17783667063	691067	17	8	693201	11017176	2094978	8922198	2244235047	365822
17784424040	691067	21	8	693201	11017581	2095041	8922540	2244275360	365822
17785133096	691067	18	8	693201	11017999	2095104	8922895	2244316645	365822
17785900733	691067	16	8	693201	11018396	2095163	8923233	2244356907	365822
17786723235	691067	17	8	693201	11018792	2095219	8923573	2244397154	365822
17787603379	691067	22	8	693201	11019209	2095291	8923918	2244439187	365822
17788349119	691067	19	8	693201	11019607	2095351	8924256	2244478677	365822
17788883954	691067	19	8	693201	11020013	2095419	8924594	2244520076	365822
17789450371	691067	20	8	693201	11020434	2095496	8924938	2244561293	365822
17790297184	691067	20	8	693201	11020833	2095552	8925281	2244601731	365822
17790874338	691067	19	8	693201	11021236	2095609	8925627	2244642029	365822
17791558643	691067	19	8	693201	11021641	2095663	8925978	2244682661	365822
17791975732	691067	17	8	693201	11022021	2095723	8926298	2244722673	365822
17792600896	691067	22	8	693201	11022428	2095789	8926639	2244763479	365822
17793492129	691067	15	8	693201	11022830	2095847	8926983	2244803756	365822
17794163924	691067	17	8	693201	11023215	2095891	8927324	2244842534	365822
17794882220	691067	21	8	693201	11023645	2095963	8927682	2244885008	365822
17795431930	691067	21	8	693201	11024054	2096025	8928029	2244925910	365822
17796008030	691067	22	8	693201	11024438	2096092	8928346	2244964748	365822
17796853418	691067	19	8	693201	11024839	2096151	8928688	2245005467	365822
17797586940	691067	18	8	693201	11025255	2096232	8929023	2245046019	365822
17798543526	691067	18	8	693201	11025683	2096295	8929388	2245087898	365822
17799171375	691067	16	8	693201	11026084	2096359	8929725	2245128548	365822
17799680347	691067	19	8	693201	11026488	2096426	8930062	2245169165	365822
17800406217	691067	21	8	693201	11026911	2096497	8930414	2245211509	365822
17801126076	691067	20	8	693201	11027332	2096564	8930768	2245252663	365822
17801738200	691067	18	8	693201	11027725	2096617	8931108	2245292659	365822
17802420301	691067	18	8	693201	11028138	2096684	8931454	2245333541	365822
17803145707	691067	19	8	693201	11028551	2096744	8931807	2245374784	365822
17803874019	691068	16	8	693202	11028952	2096804	8932148	2245415389	365821
17804526775	691068	20	8	693202	11029358	2096874	8932484	2245455840	365821
17805213160	691068	20	8	693202	11029783	2096941	8932842	2245498166	365821
17806063558	691068	19	8	693202	11030181	2097000	8933181	2245538474	365821
17806655575	691068	19	8	693202	11030563	2097052	8933511	2245577956	365821
17807374144	691068	17	8	693202	11030965	2097114	8933851	2245618647	365821
17808043302	691068	19	8	693202	11031381	2097176	8934205	2245660076	365821
17808713489	691068	18	8	693202	11031771	2097236	8934535	2245699641	365821
17809479071	691068	17	8	693202	11032167	2097302	8934865	2245739269	365821
17810120101	691068	19	8	693202	11032582	2097375	8935207	2245780988	365821
17810882868	691069	16	8	693203	11032968	2097430	8935538	2245820960	365820
17811273425	691069	15	8	693203	11033370	2097494	8935876	2245861838	365820
17811862056	691069	23	8	693203	11033788	2097567	8936221	2245902647	365820
17812641550	691069	19	8	693203	11034177	2097622	8936555	2245942942	365820
17813253839	691069	16	8	693203	11034583	2097687	8936896	2245983893	365820
17813922796	691069	19	8	693203	11035016	2097752	8937264	2246025971	365820
17814654371	691069	18	8	693203	11035421	2097818	8937603	2246066714	365820
17815313038	691069	21	8	693203	11035832	2097877	8937955	2246107348	365820
17816121124	691069	17	8	693203	11036227	2097933	8938294	2246146945	365820
17816685241	691069	16	8	693203	11036612	2097978	8938634	2246186660	365820
17817217505	691069	23	8	693203	11037019	2098042	8938977	2246227014	365820
17818088741	691069	22	8	693203	11037417	2098096	8939321	2246267709	365820
17818632541	691069	19	8	693203	11037809	2098154	8939655	2246307182	365820
17819160234	691069	22	8	693203	11038231	2098223	8940008	2246348786	365820
17819787682	691069	13	8	693203	11038632	2098299	8940333	2246390001	365820
17820406547	691069	17	8	693203	11039032	2098355	8940677	2246429929	365820
17821047011	691069	19	8	693203	11039423	2098402	8941021	2246469199	365820
17821815384	691069	19	8	693203	11039834	2098468	8941366	2246510748	365820
17822799306	691069	17	8	693203	11040244	2098530	8941714	2246551558	365820
17823502141	691069	20	8	693203	11040649	2098595	8942054	2246592148	365820
17824127856	691069	25	8	693203	11041047	2098658	8942389	2246632382	365820
17824721166	691069	20	8	693203	11041442	2098714	8942728	2246672310	365820
17825438355	691069	18	8	693203	11041852	2098780	8943072	2246713415	365820
17825883009	691069	18	8	693203	11042249	2098848	8943401	2246754278	365820
17826705570	691069	19	8	693203	11042653	2098909	8943744	2246794991	365820
17827235358	691069	21	8	693203	11043048	2098966	8944082	2246835659	365820
17827835724	691069	19	8	693203	11043440	2099020	8944420	2246875268	365820
17828542187	691069	22	8	693203	11043834	2099080	8944754	2246915626	365820
17829233393	691069	20	8	693203	11044258	2099151	8945107	2246957613	365820
17829792432	691069	13	8	693203	11044639	2099210	8945429	2246997235	365820
17830564225	691069	21	8	693203	11045062	2099275	8945787	2247038281	365820
17831185783	691069	24	8	693203	11045473	2099346	8946127	2247078553	365820
17831749765	691069	22	8	693203	11045877	2099412	8946465	2247120188	365820
17832423885	691069	16	8	693203	11046257	2099464	8946793	2247159709	365820
17833115941	691069	16	8	693203	11046662	2099524	8947138	2247200226	365820
17833730763	691069	19	8	693203	11047073	2099589	8947484	2247241010	365820
17834468075	691069	16	8	693203	11047476	2099654	8947822	2247281916	365820
17835308611	691069	19	8	693203	11047897	2099721	8948176	2247323199	365820
17836013467	691069	18	8	693203	11048301	2099782	8948519	2247364274	365820
17836783990	691069	17	8	693203	11048717	2099845	8948872	2247406008	365820
17837634147	691069	17	8	693203	11049115	2099905	8949210	2247445491	365820
17838233025	691069	21	8	693203	11049541	2099977	8949564	2247486970	365820
17839039260	691069	20	8	693203	11049965	2100040	8949925	2247529249	365820
17839840623	691069	20	8	693203	11050366	2100110	8950256	2247569485	365820
17840646113	691069	19	8	693203	11050765	2100174	8950591	2247609934	365820
17841381058	691069	23	8	693203	11051169	2100237	8950932	2247650550	365820
17841995077	691069	15	8	693203	11051571	2100305	8951266	2247692026	365820
17842642687	691069	15	8	693203	11051950	2100366	8951584	2247730596	365820
17843390147	691069	20	8	693203	11052373	2100432	8951941	2247772346	365820
17843996587	691069	22	8	693203	11052776	2100489	8952287	2247813566	365820
17844658001	691069	16	8	693203	11053162	2100549	8952613	2247853107	365820
17845365644	691069	21	8	693203	11053558	2100608	8952950	2247893189	365820
17845931525	691069	20	8	693203	11053969	2100676	8953293	2247935294	365820
17846735962	691069	18	8	693203	11054373	2100737	8953636	2247975833	365820
17847438933	691069	18	8	693203	11054778	2100801	8953977	2248016658	365820
17848147788	691069	22	8	693203	11055176	2100859	8954317	2248056643	365820
17848795727	691069	18	8	693203	11055570	2100914	8954656	2248096722	365820
17849703481	691069	19	8	693203	11055984	2100977	8955007	2248137551	365820
17850278006	691069	19	8	693203	11056414	2101039	8955375	2248179720	365820
17850940329	691069	17	8	693203	11056799	2101092	8955707	2248219617	365820
17851738342	691069	23	8	693203	11057219	2101155	8956064	2248260670	365820
17852292878	691069	16	8	693203	11057615	2101219	8956396	2248301714	365820
17852984178	691069	19	8	693203	11058030	2101284	8956746	2248342582	365820
17853659155	691069	20	8	693203	11058431	2101338	8957093	2248383198	365820
17854542485	691069	19	8	693203	11058841	2101407	8957434	2248424074	365820
17855127248	691069	16	8	693203	11059241	2101469	8957772	2248464303	365820
17855856581	691069	19	8	693203	11059635	2101529	8958106	2248504809	365820
17856617557	691069	17	8	693203	11060037	2101587	8958450	2248545047	365820
17857499250	691069	16	8	693203	11060448	2101651	8958797	2248586252	365820
17858543275	691069	20	8	693203	11060864	2101717	8959147	2248627215	365820
17859035450	691069	19	8	693203	11061256	2101773	8959483	2248667362	365820
17859733892	691069	23	8	693203	11061669	2101851	8959818	2248708825	365820
17860273027	691069	17	8	693203	11062055	2101913	8960142	2248748711	365820
17860890151	691069	19	8	693203	11062447	2101973	8960474	2248788833	365820
17861487467	691069	19	8	693203	11062843	2102044	8960799	2248829188	365820
17862019702	691069	24	8	693203	11063245	2102099	8961146	2248869838	365820
17862927797	691069	15	8	693203	11063669	2102169	8961500	2248911797	365820
17863800621	691069	17	8	693203	11064068	2102229	8961839	2248951522	365820
17864489018	691069	20	8	693203	11064480	2102296	8962184	2248992850	365820
17865237686	691069	20	8	693203	11064895	2102347	8962548	2249034053	365820
17865802819	691069	18	8	693203	11065279	2102404	8962875	2249073522	365820
17866613494	691069	20	8	693203	11065693	2102463	8963230	2249114244	365820
17867397719	691069	18	8	693203	11066117	2102532	8963585	2249156656	365820
17868057133	691069	20	8	693203	11066530	2102597	8963933	2249197732	365820
17868710989	691069	19	8	693203	11066916	2102649	8964267	2249236966	365820
17869445741	691069	22	8	693203	11067317	2102710	8964607	2249277730	365820
17870145067	691069	18	8	693203	11067707	2102762	8964945	2249317884	365820
17870741656	691069	18	8	693203	11068097	2102821	8965276	2249357240	365820
17871381828	691069	23	8	693203	11068502	2102888	8965614	2249398192	365820
17871968433	691069	21	8	693203	11068928	2102957	8965971	2249440696	365820
17872824633	691069	18	8	693203	11069322	2103021	8966301	2249480540	365820
17873628888	691069	16	8	693203	11069758	2103097	8966661	2249523267	365820
17874495785	691069	20	8	693203	11070174	2103153	8967021	2249564387	365820
17875259486	691069	17	8	693203	11070569	2103217	8967352	2249604828	365820
17876007166	691069	19	8	693203	11070985	2103278	8967707	2249645736	365820
17876819595	691069	18	8	693203	11071397	2103343	8968054	2249687001	365820
17877516896	691069	20	8	693203	11071817	2103417	8968400	2249728673	365820
17878341135	691069	19	8	693203	11072211	2103471	8968740	2249768829	365820
17878819079	691069	18	8	693203	11072616	2103538	8969078	2249809566	365820
17879523966	691069	19	8	693203	11073017	2103607	8969410	2249849668	365820
17880302377	691069	20	8	693203	11073449	2103658	8969791	2249891448	365820
17880905639	691069	18	8	693203	11073833	2103709	8970124	2249931238	365820
17881537266	691069	18	8	693203	11074232	2103769	8970463	2249971563	365820
17882171393	691069	22	8	693203	11074642	2103839	8970803	2250012298	365820
17882693790	691069	20	8	693203	11075057	2103900	8971157	2250053603	365820
17883401104	691069	18	8	693203	11075454	2103951	8971503	2250094004	365820
17883944668	691069	21	8	693203	11075851	2104007	8971844	2250134000	365820
17884634970	691069	16	8	693203	11076251	2104068	8972183	2250174608	365820
17885387621	691069	18	8	693203	11076641	2104117	8972524	2250214276	365820
17886091206	691069	17	8	693203	11077058	2104175	8972883	2250255861	365820
17886950053	691069	18	8	693203	11077481	2104241	8973240	2250297352	365820
17887668165	691071	23	8	693205	11077889	2104304	8973585	2250338554	365818
17888333098	691071	19	8	693205	11078286	2104366	8973920	2250379013	365818
17888956074	691071	18	8	693205	11078689	2104432	8974257	2250418838	365818
17889975600	691072	21	8	693206	11079114	2104501	8974613	2250461129	365817
17890649618	691072	17	8	693206	11079507	2104553	8974954	2250500809	365817
17891638023	691072	15	8	693206	11079912	2104615	8975297	2250541411	365817
17892075825	691072	19	8	693206	11080320	2104689	8975631	2250582034	365817
17892902297	691072	25	8	693206	11080766	2104769	8975997	2250625858	365817
17893626152	691072	18	8	693206	11081162	2104831	8976331	2250665993	365817
17894398571	691072	19	8	693206	11081564	2104896	8976668	2250705409	365817
17894968717	691072	24	8	693206	11081990	2104968	8977022	2250746929	365817
17895507332	691072	20	8	693206	11082395	2105029	8977366	2250787625	365817
17896044951	691072	15	8	693206	11082801	2105094	8977707	2250828889	365817
17896850142	691072	18	8	693206	11083182	2105152	8978030	2250867245	365817
17897668257	691072	22	8	693206	11083577	2105205	8978372	2250906786	365817
17898478970	691072	19	8	693206	11083989	2105262	8978727	2250948304	365817
17899119260	691072	12	8	693206	11084387	2105323	8979064	2250988886	365817
17899941087	691072	19	8	693206	11084787	2105382	8979405	2251028177	365817
17900556949	691072	22	8	693206	11085189	2105449	8979740	2251068305	365817
17901185455	691072	18	8	693206	11085592	2105509	8980083	2251109406	365817
17901803884	691072	15	8	693206	11085992	2105577	8980415	2251150162	365817
17902582950	691072	18	8	693206	11086403	2105644	8980759	2251190705	365817
17903122308	691072	21	8	693206	11086787	2105698	8981089	2251230184	365817
17903853080	691072	16	8	693206	11087192	2105753	8981439	2251271179	365817
17904525437	691072	16	8	693206	11087603	2105813	8981790	2251312161	365817
17905321935	691072	20	8	693206	11087994	2105871	8982123	2251352068	365817
17906054835	691072	22	8	693206	11088422	2105944	8982478	2251394643	365817
17906585245	691072	19	8	693206	11088814	2106009	8982805	2251434552	365817
17907406728	691072	15	8	693206	11089206	2106060	8983146	2251474731	365817
17907870695	691072	19	8	693206	11089613	2106129	8983484	2251516088	365817
17908606859	691072	19	8	693206	11090015	2106190	8983825	2251555975	365817
17909442208	691072	18	8	693206	11090420	2106250	8984170	2251596352	365817
17910442291	691072	17	8	693206	11090828	2106303	8984525	2251636959	365817
17911052809	691072	22	8	693206	11091243	2106374	8984869	2251678077	365817
17911831157	691072	16	8	693206	11091661	2106441	8985220	2251719946	365817
17912586060	691072	16	8	693206	11092066	2106501	8985565	2251760572	365817
17913177368	691072	19	8	693206	11092469	2106560	8985909	2251801370	365817
17913985652	691072	18	8	693206	11092858	2106618	8986240	2251841113	365817
17914706242	691072	20	8	693206	11093256	2106680	8986576	2251881602	365817
17915240993	691072	18	8	693206	11093654	2106744	8986910	2251921771	365817
17915869717	691072	21	8	693206	11094041	2106797	8987244	2251961797	365817
17916605262	691072	20	8	693206	11094447	2106868	8987579	2252002864	365817
17917444991	691072	18	8	693206	11094845	2106921	8987924	2252042599	365817
17918201244	691072	17	8	693206	11095252	2106983	8988269	2252083836	365817
17918835054	691072	15	8	693206	11095663	2107053	8988610	2252124931	365817
17919582360	691072	19	8	693206	11096063	2107110	8988953	2252165673	365817
17920278864	691072	19	8	693206	11096461	2107174	8989287	2252205576	365817
17921331124	691072	22	8	693206	11096877	2107229	8989648	2252246662	365817
17922055645	691072	20	8	693206	11097283	2107284	8989999	2252286910	365817
17922654613	691072	18	8	693206	11097688	2107352	8990336	2252328166	365817
17923280217	691072	18	8	693206	11098092	2107410	8990682	2252368379	365817
17924010219	691072	18	8	693206	11098506	2107471	8991035	2252409570	365817
17924694624	691072	17	8	693206	11098900	2107538	8991362	2252449916	365817
17925251923	691072	18	8	693206	11099308	2107605	8991703	2252491116	365817
17926378199	691072	20	8	693206	11099719	2107659	8992060	2252531609	365817
17926928741	691072	20	8	693206	11100141	2107720	8992421	2252573116	365817
17927566333	691072	20	8	693206	11100541	2107779	8992762	2252613736	365817
17928194265	691072	20	8	693206	11100947	2107845	8993102	2252654515	365817
17928818919	691072	18	8	693206	11101349	2107912	8993437	2252695654	365817
17929546784	691072	16	8	693206	11101755	2107972	8993783	2252736824	365817
17930313093	691073	19	8	693207	11102165	2108036	8994129	2252777234	365816
17930978118	691073	21	8	693207	11102562	2108100	8994462	2252817285	365816
17931797041	691073	17	8	693207	11102965	2108163	8994802	2252858496	365816
17932388896	691073	16	8	693207	11103379	2108229	8995150	2252900333	365816
17933201909	691073	15	8	693207	11103792	2108301	8995491	2252941045	365816
17933818511	691074	19	8	693208	11104203	2108369	8995834	2252981846	365815
17934355364	691074	22	8	693208	11104602	2108426	8996176	2253022240	365815
17934861047	691074	14	8	693208	11104988	2108486	8996502	2253061765	365815
17935436754	691074	19	8	693208	11105363	2108548	8996815	2253100399	365815
17936271107	691074	26	8	693208	11105790	2108610	8997180	2253141559	365815
17936918862	691074	18	8	693208	11106188	2108667	8997521	2253182355	365815
17937646771	691074	17	8	693208	11106582	2108733	8997849	2253222648	365815
17938566828	691074	21	8	693208	11106999	2108793	8998206	2253263383	365815
17939528842	691074	20	8	693208	11107428	2108863	8998565	2253305818	365815
17940026769	691074	19	8	693208	11107811	2108921	8998890	2253345286	365815
17940881722	691074	19	8	693208	11108200	2108979	8999221	2253384779	365815
17941594083	691076	21	8	693210	11108603	2109037	8999566	2253425004	365813
17942277293	691076	21	8	693210	11109003	2109099	8999904	2253465469	365813
17942936547	691076	20	8	693210	11109421	2109161	9000260	2253506876	365813
17943738401	691076	17	8	693210	11109821	2109221	9000600	2253547361	365813
17944397158	691076	18	8	693210	11110227	2109296	9000931	2253588250	365813
17945205799	691076	19	8	693210	11110636	2109356	9001280	2253629325	365813
17945593229	691076	20	8	693210	11111014	2109411	9001603	2253668721	365813
17946058100	691076	19	8	693210	11111422	2109486	9001936	2253709258	365813
17946571755	691076	19	8	693210	11111840	2109555	9002285	2253751527	365813
17947266021	691076	17	8	693210	11112231	2109611	9002620	2253791513	365813
17947886721	691076	21	8	693210	11112623	2109661	9002962	2253831028	365813
17948608075	691076	18	8	693210	11113047	2109729	9003318	2253872439	365813
17949249371	691076	19	8	693210	11113437	2109789	9003648	2253912533	365813
17949987825	691076	19	8	693210	11113844	2109849	9003995	2253952813	365813
17950969988	691076	22	8	693210	11114259	2109906	9004353	2253993692	365813
17951597429	691076	19	8	693210	11114655	2109959	9004696	2254034216	365813
17952146177	691076	19	8	693210	11115069	2110037	9005032	2254075475	365813
17952817792	691076	16	8	693210	11115468	2110099	9005369	2254116162	365813
17953640170	691076	21	8	693210	11115901	2110175	9005726	2254158483	365813
17954366637	691076	20	8	693210	11116298	2110232	9006066	2254197948	365813
17955240662	691076	17	8	693210	11116710	2110300	9006410	2254238124	365813
17955847003	691076	18	8	693210	11117122	2110368	9006754	2254278632	365813
17956466533	691076	19	8	693210	11117506	2110420	9007086	2254317392	365813
17957029863	691076	21	8	693210	11117904	2110479	9007425	2254356815	365813
17957745281	691076	17	8	693210	11118299	2110543	9007756	2254396654	365813
17958348513	691077	17	8	693211	11118683	2110604	9008079	2254435319	365812
17958968680	691077	19	8	693211	11119087	2110662	9008425	2254475477	365812
17959549974	691077	21	8	693211	11119510	2110736	9008774	2254516507	365812
17960226855	691077	17	8	693211	11119904	2110801	9009103	2254556101	365812
17960952066	691077	21	8	693211	11120298	2110868	9009430	2254594953	365812
17961640368	691077	19	8	693211	11120686	2110927	9009759	2254634678	365812
17962468438	691077	16	8	693211	11121076	2110971	9010105	2254673329	365812
17962970811	691077	17	8	693211	11121424	2111011	9010413	2254709633	365812
17963811104	691077	21	8	693211	11121832	2111068	9010764	2254749871	365812
17964273402	691077	20	8	693211	11122232	2111125	9011107	2254789176	365812
17965030336	691077	18	8	693211	11122632	2111192	9011440	2254828948	365812
17965775304	691077	20	8	693211	11123033	2111253	9011780	2254868944	365812
17966385598	691077	19	8	693211	11123429	2111317	9012112	2254908537	365812
17967270846	691077	22	8	693211	11123840	2111387	9012453	2254948325	365812
17967734806	691078	18	8	693212	11124203	2111435	9012768	2254985715	365812
17968419578	691078	16	8	693212	11124580	2111491	9013089	2255024552	365812
17968949270	691078	20	8	693212	11124986	2111558	9013428	2255064304	365812
17969664350	691078	20	8	693212	11125379	2111613	9013766	2255103532	365812
17970275860	691078	20	8	693212	11125762	2111677	9014085	2255141813	365812
17971113412	691078	16	8	693212	11126165	2111730	9014435	2255182226	365812
17971979565	691078	15	8	693212	11126560	2111794	9014766	2255221629	365812
17972861714	691078	19	8	693212	11126967	2111862	9015105	2255261379	365812
17973670972	691078	20	8	693212	11127367	2111916	9015451	2255300882	365812
17974259647	691078	18	8	693212	11127749	2111975	9015774	2255339317	365812
17974943911	691078	16	8	693212	11128140	2112037	9016103	2255378626	365812
17975885835	691078	20	8	693212	11128554	2112099	9016455	2255418963	365812
17976784748	691078	21	8	693212	11128955	2112164	9016791	2255458690	365812
17977509721	691078	17	8	693212	11129315	2112208	9017107	2255495560	365812
17978250814	691078	19	8	693212	11129718	2112270	9017448	2255535621	365812
17978818615	691078	18	8	693212	11130112	2112335	9017777	2255575382	365812
17979373553	691078	16	8	693212	11130489	2112395	9018094	2255613828	365812
17980077495	691078	20	8	693212	11130901	2112456	9018445	2255653650	365812
17980656839	691078	20	8	693212	11131295	2112517	9018778	2255691988	365812
17981510530	691078	17	8	693212	11131687	2112579	9019108	2255730511	365812
17982069906	691078	16	8	693212	11132059	2112645	9019414	2255767866	365812
17982784312	691078	21	8	693212	11132454	2112702	9019752	2255806382	365812
17983587890	691078	18	8	693212	11132825	2112767	9020058	2255843946	365812
17984317154	691078	19	8	693212	11133201	2112822	9020379	2255880520	365812
17984826974	691078	19	8	693212	11133562	2112884	9020678	2255917480	365812
17985352619	691078	18	8	693212	11133934	2112941	9020993	2255954637	365812
17985949744	691078	19	8	693212	11134310	2112999	9021311	2255992373	365812
17986608589	691078	17	8	693212	11134692	2113059	9021633	2256030038	365812
17987256064	691078	18	8	693212	11135053	2113113	9021940	2256067167	365812
17988031755	691078	17	8	693212	11135422	2113174	9022248	2256104051	365812
17988641566	691078	19	8	693212	11135787	2113219	9022568	2256140902	365812
17989564231	691078	17	8	693212	11136170	2113272	9022898	2256178965	365812
17990137223	691078	20	8	693212	11136559	2113339	9023220	2256216923	365812
17990897572	691078	17	8	693212	11136936	2113400	9023536	2256254289	365812
17991512262	691078	18	8	693212	11137305	2113449	9023856	2256291720	365812
17992257258	691078	16	8	693212	11137674	2113500	9024174	2256328858	365812
17992818991	691078	16	8	693212	11138030	2113554	9024476	2256365507	365812
17993270837	691078	19	8	693212	11138399	2113606	9024793	2256401946	365812
17994073683	691078	19	8	693212	11138779	2113655	9025124	2256439495	365812
17994688323	691078	15	8	693212	11139152	2113706	9025446	2256477115	365812
17995158300	691078	17	8	693212	11139526	2113760	9025766	2256514150	365812
17995708145	691078	19	8	693212	11139928	2113828	9026100	2256553373	365812
17996324729	691078	19	8	693212	11140287	2113877	9026410	2256589951	365812
17996785347	691078	16	8	693212	11140657	2113932	9026725	2256627106	365812
17997446959	691078	19	8	693212	11141054	2113994	9027060	2256665402	365812
17998127733	691078	19	8	693212	11141414	2114045	9027369	2256701732	365812
17998789471	691078	21	8	693212	11141798	2114103	9027695	2256739896	365812
17999295110	691078	14	8	693212	11142181	2114168	9028013	2256777710	365812
17999959579	691078	16	8	693212	11142548	2114222	9028326	2256814329	365812
18000555750	691078	19	8	693212	11142930	2114281	9028649	2256852451	365812
18001143004	691078	18	8	693212	11143321	2114345	9028976	2256891002	365812
18001653539	691078	15	8	693212	11143663	2114393	9029270	2256926288	365812
18002307594	691078	17	8	693212	11144036	2114448	9029588	2256963737	365812
18003131803	691078	20	8	693212	11144433	2114509	9029924	2257002730	365812
18003590598	691078	19	8	693212	11144808	2114583	9030225	2257040313	365812
18004244892	691078	16	8	693212	11145173	2114642	9030531	2257077259	365812
18004878104	691078	18	8	693212	11145537	2114700	9030837	2257114254	365812
18005432719	691078	19	8	693212	11145924	2114761	9031163	2257152655	365812
18006271450	691078	17	8	693212	11146318	2114825	9031493	2257190844	365812
18006802951	691078	20	8	693212	11146689	2114896	9031793	2257227898	365812
18007505683	691078	20	8	693212	11147076	2114951	9032125	2257265766	365812
18008287578	691078	18	8	693212	11147443	2114994	9032449	2257303522	365812
18008961773	691078	17	8	693212	11147809	2115047	9032762	2257340154	365812
18009424659	691078	21	8	693212	11148175	2115113	9033062	2257376371	365812
18010074415	691078	20	8	693212	11148549	2115168	9033381	2257414007	365812
18010814369	691078	13	8	693212	11148924	2115228	9033696	2257451533	365812
18011346292	691078	17	8	693212	11149295	2115289	9034006	2257487947	365812
18011963597	691078	23	8	693212	11149686	2115354	9034332	2257526563	365812
18012728656	691078	19	8	693212	11150057	2115413	9034644	2257564335	365812
18013425287	691078	16	8	693212	11150427	2115475	9034952	2257600900	365812
18014161350	691078	15	8	693212	11150788	2115524	9035264	2257637088	365812
18014694777	691078	18	8	693212	11151164	2115586	9035578	2257675048	365812
18015642351	691078	22	8	693212	11151552	2115644	9035908	2257712557	365812
18016043681	691078	19	8	693212	11151897	2115692	9036205	2257748278	365812
18016649710	691078	14	8	693212	11152264	2115749	9036515	2257785131	365812
18017303351	691078	19	8	693212	11152645	2115804	9036841	2257822627	365812
18017917726	691078	15	8	693212	11153018	2115863	9037155	2257860822	365812
18018476623	691078	16	8	693212	11153380	2115923	9037457	2257897392	365812
18019321925	691078	21	8	693212	11153740	2115979	9037761	2257934012	365812
18020035761	691078	20	8	693212	11154145	2116051	9038094	2257972429	365812
18020874663	691078	15	8	693212	11154528	2116110	9038418	2258011080	365812
18021549603	691078	16	8	693212	11154891	2116172	9038719	2258047661	365812
18022147680	691078	20	8	693212	11155283	2116232	9039051	2258085799	365812
18022673282	691078	17	8	693212	11155655	2116287	9039368	2258123210	365812
18023296933	691078	16	8	693212	11156026	2116350	9039676	2258160726	365812
18023765520	691078	16	8	693212	11156401	2116417	9039984	2258197690	365812
18024472397	691078	20	8	693212	11156783	2116474	9040309	2258235389	365812
18025253313	691078	19	8	693212	11157154	2116538	9040616	2258272754	365812
18025860567	691078	17	8	693212	11157520	2116597	9040923	2258309634	365812
18026630536	691078	16	8	693212	11157889	2116654	9041235	2258346541	365812
18027263192	691078	19	8	693212	11158264	2116706	9041558	2258384220	365812
18028225186	691078	19	8	693212	11158647	2116763	9041884	2258421806	365812
18028669256	691078	20	8	693212	11159007	2116818	9042189	2258457914	365812
18029246852	691078	18	8	693212	11159370	2116866	9042504	2258494790	365812
18029936704	691078	16	8	693212	11159740	2116921	9042819	2258532567	365812
18030545786	691078	16	8	693212	11160118	2116978	9043140	2258570330	365812
18031073318	691078	16	8	693212	11160486	2117031	9043455	2258606720	365812
18031452669	691078	21	8	693212	11160866	2117101	9043765	2258644569	365812
18031975673	691078	20	8	693212	11161248	2117160	9044088	2258682802	365812
18032498513	691078	15	8	693212	11161613	2117213	9044400	2258719634	365812
18033081535	691078	16	8	693212	11161973	2117267	9044706	2258755993	365812
18033520494	691078	22	8	693212	11162357	2117335	9045022	2258793566	365812
18034190725	691078	19	8	693212	11162720	2117377	9045343	2258830861	365812
18034742096	691078	14	8	693212	11163084	2117427	9045657	2258867339	365812
18035194902	691078	16	8	693212	11163437	2117479	9045958	2258903315	365812
18035870851	691078	22	8	693212	11163834	2117536	9046298	2258942458	365812
18036433506	691078	18	8	693212	11164210	2117603	9046607	2258979974	365812
18036992186	691078	13	8	693212	11164551	2117650	9046901	2259015037	365812
18037455549	691078	20	8	693212	11164943	2117712	9047231	2259053215	365812
18038106222	691078	17	8	693212	11165319	2117775	9047544	2259091467	365812
18038932652	691078	17	8	693212	11165692	2117823	9047869	2259128515	365812
18039902514	691078	19	8	693212	11166068	2117875	9048193	2259165675	365812
18040559075	691078	19	8	693212	11166448	2117941	9048507	2259203640	365812
18041108980	691078	17	8	693212	11166812	2117992	9048820	2259240787	365812
18041668848	691078	16	8	693212	11167182	2118050	9049132	2259278012	365812
18042201613	691078	19	8	693212	11167562	2118100	9049462	2259314938	365812
18043118867	691078	22	8	693212	11167934	2118149	9049785	2259352053	365812
18043692832	691078	18	8	693212	11168303	2118201	9050102	2259389535	365812
18044385104	691078	21	8	693212	11168701	2118260	9050441	2259428130	365812
18045072452	691078	18	8	693212	11169074	2118317	9050757	2259464897	365812
18045728855	691078	19	8	693212	11169444	2118383	9051061	2259502796	365812
18046291731	691078	16	8	693212	11169823	2118443	9051380	2259539872	365812
18046892672	691078	20	8	693212	11170201	2118506	9051695	2259577677	365812
18047567367	691078	21	8	693212	11170601	2118570	9052031	2259616785	365812
18048171517	691078	16	8	693212	11170959	2118627	9052332	2259653919	365812
18048812704	691078	20	8	693212	11171334	2118686	9052648	2259691066	365812
18049379504	691078	20	8	693212	11171709	2118753	9052956	2259728882	365812
18049851552	691078	20	8	693212	11172071	2118806	9053265	2259765289	365812
18050455622	691078	15	8	693212	11172429	2118855	9053574	2259801922	365812
18051134823	691079	18	8	693213	11172822	2118903	9053919	2259884633	365811
18051679861	691079	16	8	693213	11173180	2118947	9054233	2259921753	365811
18052275349	691079	18	8	693213	11173560	2119010	9054550	2259958662	365811
18052899477	691079	15	8	693213	11173938	2119065	9054873	2259996959	365811
18053434560	691079	19	8	693213	11174330	2119112	9055218	2260034662	365811
18054072879	691079	17	8	693213	11174697	2119164	9055533	2260071680	365811
18054869322	691079	20	8	693213	11175067	2119214	9055853	2260108627	365811
18055509810	691080	18	8	693214	11175436	2119272	9056164	2260146130	365810
18056138068	691080	17	8	693214	11175804	2119320	9056484	2260183632	365810
18056886700	691080	15	8	693214	11176193	2119383	9056810	2260221252	365810
18057516800	691080	19	8	693214	11176578	2119447	9057131	2260258848	365810
18058065665	691080	17	8	693214	11176946	2119496	9057450	2260295853	365810
18058831022	691080	19	8	693214	11177329	2119559	9057770	2260333360	365810
18059406096	691080	16	8	693214	11177701	2119611	9058090	2260371042	365810
18059867222	691080	16	8	693214	11178054	2119670	9058384	2260407378	365810
18060628517	691080	18	8	693214	11178428	2119713	9058715	2260444629	365810
18061336678	691080	21	8	693214	11178795	2119768	9059027	2260481194	365810
18062053119	691080	19	8	693214	11179177	2119825	9059352	2260519337	365810
18062773352	691080	16	8	693214	11179525	2119874	9059651	2260554983	365810
18063652228	691080	17	8	693214	11179898	2119930	9059968	2260591941	365810
18064201634	691080	22	8	693214	11180295	2119992	9060303	2260631056	365810
18065002616	691080	17	8	693214	11180682	2120042	9060640	2260669464	365810
18065676746	691081	20	8	693215	11181047	2120100	9060947	2260705535	365809
18066216081	691081	22	8	693215	11181422	2120162	9061260	2260743684	365809
18066930615	691081	15	8	693215	11181812	2120217	9061595	2260782184	365809
18067377635	691081	14	8	693215	11182169	2120265	9061904	2260818405	365809
18068039222	691081	15	8	693215	11182547	2120336	9062211	2260855522	365809
18068527466	691081	22	8	693215	11182936	2120400	9062536	2260894031	365809
18069157485	691081	20	8	693215	11183302	2120456	9062846	2260930994	365809
18069798526	691081	15	8	693215	11183658	2120509	9063149	2260967499	365809
18070454210	691081	19	8	693215	11184030	2120568	9063462	2261004434	365809
18071210970	691081	23	8	693215	11184409	2120621	9063788	2261042908	365809
18071729811	691081	14	8	693215	11184771	2120677	9064094	2261079248	365809
18072289140	691081	17	8	693215	11185142	2120737	9064405	2261115903	365809
18072833938	691081	19	8	693215	11185522	2120802	9064720	2261154350	365809
18073541713	691081	19	8	693215	11185917	2120872	9065045	2261193064	365809
18074402332	691081	15	8	693215	11186282	2120929	9065353	2261229840	365809
18075067422	691081	21	8	693215	11186670	2120988	9065682	2261267401	365809
18075690659	691081	16	8	693215	11187037	2121042	9065995	2261304933	365809
18076521306	691081	17	8	693215	11187438	2121101	9066337	2261343535	365809
18077185156	691081	16	8	693215	11187806	2121153	9066653	2261380168	365809
18077851578	691081	18	8	693215	11188184	2121219	9066965	2261417545	365809
18078555032	691081	21	8	693215	11188575	2121280	9067295	2261455791	365809
18079116704	691081	15	8	693215	11188936	2121336	9067600	2261493209	365809
18079862446	691081	14	8	693215	11189276	2121380	9067896	2261528013	365809
18080483353	691081	21	8	693215	11189657	2121436	9068221	2261565860	365809
18081266309	691081	20	8	693215	11190030	2121483	9068547	2261602587	365809
18082005632	691081	16	8	693215	11190404	2121536	9068868	2261640622	365809
18082636423	691081	19	8	693215	11190795	2121604	9069191	2261678875	365809
18083127772	691081	19	8	693215	11191172	2121674	9069498	2261716923	365809
18083952377	691082	21	8	693216	11191580	2121734	9069846	2261755942	365808
18084502110	691082	18	8	693216	11191948	2121793	9070155	2261792789	365808
18085354322	691082	17	8	693216	11192322	2121850	9070472	2261829739	365808
18085948134	691082	16	8	693216	11192698	2121904	9070794	2261867696	365808
18086580562	691083	18	8	693217	11193074	2121958	9071116	2261904848	365807
18087119310	691083	17	8	693217	11193437	2122013	9071424	2261941475	365807
18087616253	691083	18	8	693217	11193812	2122075	9071737	2261979187	365807
18088279942	691083	18	8	693217	11194171	2122125	9072046	2262015988	365807
18088993511	691083	17	8	693217	11194526	2122173	9072353	2262052688	365807
18089504810	691083	19	8	693217	11194900	2122234	9072666	2262090177	365807
18090308620	691083	20	8	693217	11195282	2122302	9072980	2262127518	365807
18090910427	691083	20	8	693217	11195665	2122360	9073305	2262164846	365807
18091638646	691084	14	8	693218	11196039	2122419	9073620	2262202920	365806
18092137438	691084	15	8	693218	11196411	2122467	9073944	2262240299	365806
18092838593	691084	19	8	693218	11196793	2122541	9074252	2262278107	365806
18093417774	691084	21	8	693218	11197184	2122609	9074575	2262316688	365806
18094011049	691084	18	8	693218	11197545	2122659	9074886	2262354099	365806
18094696642	691084	17	8	693218	11197921	2122718	9075203	2262390897	365806
18095516037	691084	20	8	693218	11198293	2122765	9075528	2262428498	365806
18096074001	691084	17	8	693218	11198658	2122826	9075832	2262465892	365806
18096599978	691084	16	8	693218	11199025	2122887	9076138	2262502466	365806
18097221923	691084	17	8	693218	11199407	2122939	9076468	2262540068	365806
18097802388	691084	17	8	693218	11199792	2123007	9076785	2262578296	365806
18098503405	691084	21	8	693218	11200180	2123057	9077123	2262616041	365806
18099135535	691084	20	8	693218	11200554	2123117	9077437	2262653605	365806
18099908951	691084	19	8	693218	11200935	2123178	9077757	2262691442	365806
18100558545	691084	16	8	693218	11201299	2123234	9078065	2262728424	365806
18101174855	691084	14	8	693218	11201662	2123289	9078373	2262765624	365806
18102063186	691084	20	8	693218	11202061	2123348	9078713	2262803902	365806
18102781473	691084	18	8	693218	11202443	2123404	9079039	2262841580	365806
18103499462	691084	18	8	693218	11202800	2123458	9079342	2262878011	365806
18104115252	691084	17	8	693218	11203182	2123521	9079661	2262916247	365806
18104756148	691084	19	8	693218	11203552	2123588	9079964	2262953131	365806
18105508315	691084	15	8	693218	11203922	2123650	9080272	2262990654	365806
18106117044	691084	20	8	693218	11204283	2123692	9080591	2263027021	365806
18106596622	691084	19	8	693218	11204654	2123742	9080912	2263064404	365806
18107075282	691084	16	8	693218	11205040	2123812	9081228	2263102465	365806
18107777344	691084	18	8	693218	11205402	2123867	9081535	2263138719	365806
18108529562	691084	19	8	693218	11205767	2123907	9081860	2263175503	365806
18109121907	691084	18	8	693218	11206132	2123961	9082171	2263213136	365806
18109658786	691084	16	8	693218	11206506	2124018	9082488	2263250188	365806
18110350419	691084	19	8	693218	11206878	2124076	9082802	2263287947	365806
18110926631	691084	19	8	693218	11207254	2124128	9083126	2263325093	365806
18111640092	691084	19	8	693218	11207624	2124182	9083442	2263362257	365806
18112403745	691084	17	8	693218	11207986	2124236	9083750	2263399128	365806
18112969133	691084	20	8	693218	11208363	2124298	9084065	2263436918	365806
18113587819	691084	21	8	693218	11208736	2124352	9084384	2263474069	365806
18114148466	691084	17	8	693218	11209088	2124402	9084686	2263509820	365806
18114751826	691084	18	8	693218	11209456	2124457	9084999	2263547196	365806
18115400640	691084	17	8	693218	11209848	2124516	9085332	2263585693	365806
18116022803	691084	16	8	693218	11210204	2124569	9085635	2263622335	365806
18116906167	691084	20	8	693218	11210579	2124627	9085952	2263658722	365806
18117785948	691084	22	8	693218	11210982	2124692	9086290	2263697984	365806
18118403475	691084	16	8	693218	11211353	2124754	9086599	2263735511	365806
18119221548	691084	14	8	693218	11211725	2124815	9086910	2263772802	365806
18119765433	691084	21	8	693218	11212093	2124863	9087230	2263809596	365806
18120387348	691084	19	8	693218	11212447	2124909	9087538	2263846257	365806
18120981340	691084	15	8	693218	11212837	2124973	9087864	2263884378	365806
18121649973	691084	17	8	693218	11213226	2125038	9088188	2263922603	365806
18122325071	691084	18	8	693218	11213594	2125097	9088497	2263959748	365806
18123177910	691084	18	8	693218	11213969	2125156	9088813	2263996432	365806
18123877553	691084	20	8	693218	11214321	2125211	9089110	2264032113	365806
18124781558	691084	21	8	693218	11214727	2125280	9089447	2264071765	365806
18125390565	691084	20	8	693218	11215077	2125328	9089749	2264107560	365806
18125961437	691084	16	8	693218	11215431	2125379	9090052	2264144070	365806
18126607483	691085	15	8	693219	11215792	2125433	9090359	2264180692	365805
18127151955	691086	16	8	693220	11216164	2125482	9090682	2264218747	365804
18127731332	691086	15	8	693220	11216527	2125537	9090990	2264255584	365804
18128259183	691087	18	8	693221	11216888	2125593	9091295	2264291741	365803
18128722289	691087	23	8	693221	11217259	2125660	9091599	2264328660	365803
18129339771	691087	20	8	693221	11217614	2125718	9091896	2264364488	365803
