bytes_written	total_items	curr_connections	threads	cmd_set	cmd_get	get_misses	get_hits	bytes_read
20546093912	4232070	20	8	4622359	16540586	2104282	14436304	2276169455	481779
20547254001	4232223	18	8	4622531	16541259	2104352	14436907	2276213672	481779
20548412768	4232372	22	8	4622701	16541946	2104409	14437537	2276258536	481779
20549456140	4232529	27	8	4622884	16542661	2104479	14438182	2276305637	481779
20550394065	4232687	22	8	4623064	16543372	2104556	14438816	2276352532	481779
20551331841	4232843	17	8	4623237	16544064	2104619	14439445	2276397774	481779
20552092138	4232997	19	8	4623403	16544735	2104678	14440057	2276441802	481779
20552999891	4233156	22	8	4623581	16545441	2104740	14440701	2276488199	481779
20553857259	4233311	20	8	4623759	16546132	2104805	14441327	2276533765	481779
20554758259	4233471	18	8	4623939	16546834	2104873	14441961	2276579990	481779
20555615270	4233625	18	8	4624112	16547517	2104944	14442573	2276625020	481779
20556269746	4233780	20	8	4624292	16548203	2105016	14443187	2276670700	481779
20557160436	4233936	21	8	4624471	16548887	2105076	14443811	2276715973	481779
20558013359	4234094	19	8	4624650	16549582	2105137	14444445	2276761918	481779
20559125954	4234249	18	8	4624830	16550282	2105208	14445074	2276807921	481779
20559780347	4234403	20	8	4625012	16550962	2105280	14445682	2276853679	481779
20560652119	4234563	17	8	4625194	16551659	2105346	14446313	2276899768	481779
20561732240	4234718	18	8	4625362	16552343	2105408	14446935	2276944629	481779
20562532197	4234877	21	8	4625547	16553034	2105465	14447569	2276990497	481779
20563289766	4235031	21	8	4625734	16553726	2105534	14448192	2277036730	481779
20564167515	4235189	18	8	4625915	16554427	2105608	14448819	2277083132	481779
20564934016	4235344	20	8	4626101	16555133	2105684	14449449	2277130121	481779
20565688671	4235503	20	8	4626293	16555859	2105753	14450106	2277178184	481779
20566499154	4235665	17	8	4626478	16556557	2105827	14450730	2277224626	481778
20567167056	4235812	21	8	4626647	16557224	2105893	14451331	2277268688	481778
20567842910	4235966	16	8	4626828	16557895	2105950	14451945	2277313417	481778
20568705944	4236126	18	8	4627012	16558605	2106029	14452576	2277360324	481778
20569450813	4236277	25	8	4627195	16559291	2106091	14453200	2277406067	481778
20570288169	4236437	16	8	4627396	16560010	2106160	14453850	2277454166	481778
20571076914	4236592	22	8	4627573	16560697	2106231	14454466	2277499821	481778
20571851996	4236748	18	8	4627755	16561391	2106307	14455084	2277545996	481778
20572833907	4236903	23	8	4627934	16562089	2106376	14455713	2277592155	481778
20574016234	4237061	22	8	4628125	16562814	2106442	14456372	2277639953	481778
20574732005	4237216	20	8	4628288	16563458	2106504	14456954	2277682556	481778
20575603286	4237372	20	8	4628472	16564158	2106567	14457591	2277728985	481778
20576381921	4237530	22	8	4628647	16564840	2106628	14458212	2277774091	481778
20577172976	4237686	19	8	4628824	16565508	2106685	14458823	2277818451	481778
20578231358	4237840	17	8	4628999	16566169	2106744	14459425	2277862390	481778
20579277085	4237990	19	8	4629165	16566852	2106820	14460032	2277906922	481778
20580047540	4238137	21	8	4629339	16567521	2106881	14460640	2277951156	481778
20580959994	4238289	16	8	4629516	16568218	2106959	14461259	2277996992	481778
20581817627	4238438	17	8	4629685	16568897	2107039	14461858	2278041480	481778
20582751083	4238588	22	8	4629849	16569551	2107097	14462454	2278084579	481778
20583606297	4238734	23	8	4630012	16570221	2107171	14463050	2278128215	481778
20584597433	4238886	23	8	4630179	16570889	2107232	14463657	2278172066	481778
20585516712	4239037	18	8	4630355	16571551	2107296	14464255	2278216068	481778
20586669820	4239185	19	8	4630517	16572224	2107367	14464857	2278260180	481778
20587352636	4239338	17	8	4630692	16572880	2107424	14465456	2278303637	481778
20588349751	4239488	25	8	4630861	16573559	2107492	14466067	2278348165	481778
20589414281	4239635	20	8	4631025	16574227	2107554	14466673	2278391564	481778
20590404263	4239783	19	8	4631189	16574888	2107616	14467272	2278434957	481778
20591235339	4239933	18	8	4631368	16575559	2107680	14467879	2278479354	481778
20592079891	4240076	20	8	4631534	16576214	2107740	14468474	2278522208	481778
20592875483	4240221	18	8	4631700	16576842	2107799	14469043	2278563937	481778
20593870764	4240368	19	8	4631865	16577480	2107860	14469620	2278606211	481778
20594697576	4240510	18	8	4632023	16578100	2107922	14470178	2278647258	481778
20595645136	4240653	20	8	4632195	16578750	2107983	14470767	2278690514	481778
20596567404	4240793	16	8	4632358	16579363	2108037	14471326	2278731203	481778
20597360181	4240939	21	8	4632526	16580025	2108110	14471915	2278774941	481778
20598138097	4241085	16	8	4632693	16580674	2108175	14472499	2278817551	481778
20599148839	4241227	19	8	4632849	16581314	2108251	14473063	2278859490	481778
20600212806	4241370	18	8	4633010	16581949	2108309	14473640	2278901337	481778
20601027119	4241518	18	8	4633175	16582588	2108367	14474221	2278943472	481778
20601877904	4241660	20	8	4633332	16583233	2108437	14474796	2278985760	481778
20602829508	4241801	18	8	4633489	16583853	2108495	14475358	2279026520	481778
20603615860	4241948	19	8	4633653	16584485	2108551	14475934	2279068372	481778
20604361354	4242091	16	8	4633813	16585111	2108613	14476498	2279109520	481778
20605152024	4242234	22	8	4633966	16585743	2108676	14477067	2279150976	481778
20606094184	4242385	16	8	4634140	16586414	2108745	14477669	2279195195	481778
20606793278	4242525	17	8	4634301	16587045	2108805	14478240	2279236776	481778
20607565954	4242667	17	8	4634458	16587664	2108863	14478801	2279277639	481778
20608383593	4242816	19	8	4634629	16588336	2108930	14479406	2279321691	481778
20609198155	4242961	20	8	4634783	16588974	2108996	14479978	2279363532	481778
20609820374	4243101	21	8	4634948	16589607	2109054	14480553	2279405346	481778
20610598493	4243246	17	8	4635114	16590225	2109114	14481111	2279446597	481778
20611296534	4243391	17	8	4635292	16590878	2109178	14481700	2279490265	481778
20612197887	4243532	21	8	4635449	16591541	2109252	14482289	2279533449	481778
20613103528	4243679	17	8	4635620	16592185	2109321	14482864	2279576028	481778
20613809628	4243820	22	8	4635787	16592822	2109389	14483433	2279618478	481778
20614687611	4243968	17	8	4635952	16593455	2109450	14484005	2279660637	481778
20615429278	4244112	16	8	4636125	16594096	2109507	14484589	2279703312	481778
20616197589	4244251	22	8	4636307	16594742	2109568	14485174	2279746695	481778
20617012291	4244396	20	8	4636462	16595377	2109631	14485746	2279788225	481778
20617827503	4244541	17	8	4636613	16595987	2109697	14486290	2279828345	481778
20618526358	4244685	16	8	4636770	16596592	2109743	14486849	2279868524	481778
20619418376	4244830	22	8	4636946	16597247	2109815	14487432	2279912489	481778
20620202618	4244974	18	8	4637115	16597870	2109876	14487994	2279954167	481778
20621056392	4245114	18	8	4637277	16598510	2109945	14488565	2279996363	481778
20621755499	4245258	20	8	4637435	16599137	2110007	14489130	2280037731	481778
20622421932	4245403	24	8	4637602	16599768	2110068	14489700	2280079754	481778
20623205835	4245549	18	8	4637758	16600383	2110125	14490258	2280120442	481778
20624129129	4245694	15	8	4637923	16601020	2110174	14490846	2280162383	481778
20625079786	4245839	18	8	4638085	16601659	2110237	14491422	2280204459	481778
20625839955	4245980	24	8	4638236	16602299	2110303	14491996	2280246252	481778
20626538437	4246128	18	8	4638414	16602954	2110362	14492592	2280289825	481778
20627495578	4246268	18	8	4638572	16603580	2110430	14493150	2280331067	481778
20628424862	4246409	19	8	4638724	16604203	2110483	14493720	2280371866	481778
20629159070	4246561	23	8	4638887	16604864	2110546	14494318	2280415016	481778
20630091400	4246704	17	8	4639040	16605489	2110607	14494882	2280455885	481778
20630733723	4246843	17	8	4639197	16606089	2110670	14495419	2280495946	481778
20631740224	4246990	23	8	4639362	16606743	2110739	14496004	2280539050	481778
20632711996	4247132	20	8	4639518	16607368	2110798	14496570	2280580128	481778
20633430504	4247279	16	8	4639677	16607989	2110862	14497127	2280621270	481778
20634526222	4247419	17	8	4639837	16608620	2110928	14497692	2280662826	481778
20635483395	4247556	16	8	4639990	16609225	2110980	14498245	2280702712	481778
20636487338	4247703	19	8	4640163	16609901	2111052	14498849	2280747130	481778
20637061010	4247853	16	8	4640330	16610541	2111106	14499435	2280789596	481778
20637909041	4247996	19	8	4640489	16611180	2111176	14500004	2280831655	481778
20638688796	4248139	16	8	4640653	16611828	2111247	14500581	2280874070	481778
20639470452	4248279	21	8	4640817	16612465	2111304	14501161	2280916275	481778
20640323945	4248427	18	8	4640984	16613107	2111372	14501735	2280958819	481778
20641121229	4248569	16	8	4641159	16613760	2111438	14502322	2281002113	481778
20641911512	4248709	19	8	4641324	16614390	2111486	14502904	2281043740	481778
20642632901	4248854	19	8	4641492	16615037	2111542	14503495	2281086309	481778
20643238505	4248999	21	8	4641644	16615664	2111598	14504066	2281127226	481778
20643949085	4249143	17	8	4641803	16616273	2111645	14504628	2281167517	481778
20644732318	4249286	17	8	4641965	16616899	2111695	14505204	2281208768	481778
20645793834	4249431	22	8	4642128	16617560	2111770	14505790	2281252201	481778
20646451152	4249580	16	8	4642298	16618211	2111832	14506379	2281295230	481778
20647151241	4249723	13	8	4642464	16618858	2111904	14506954	2281337964	481778
20647858500	4249865	16	8	4642621	16619481	2111959	14507522	2281379028	481778
20648682437	4250010	22	8	4642786	16620120	2112018	14508102	2281421351	481778
20649395647	4250157	17	8	4642956	16620755	2112078	14508677	2281463382	481778
20650186220	4250297	17	8	4643112	16621372	2112138	14509234	2281504071	481778
20651210649	4250436	22	8	4643277	16622012	2112191	14509821	2281546293	481778
20651830674	4250585	20	8	4643443	16622655	2112254	14510401	2281588600	481778
20652723003	4250728	20	8	4643599	16623298	2112325	14510973	2281630823	481778
20653633331	4250875	14	8	4643770	16623957	2112384	14511573	2281674075	481778
20654647055	4251019	19	8	4643939	16624610	2112451	14512159	2281717222	481778
20655462089	4251164	23	8	4644104	16625271	2112533	14512738	2281760872	481778
20656145703	4251305	20	8	4644259	16625873	2112579	14513294	2281800752	481778
20657024026	4251451	18	8	4644423	16626492	2112635	14513857	2281841842	481778
20657815433	4251592	21	8	4644578	16627128	2112699	14514429	2281883442	481778
20658350663	4251741	20	8	4644740	16627771	2112774	14514997	2281926080	481778
20659201161	4251884	16	8	4644899	16628401	2112845	14515556	2281967570	481778
20659727404	4252027	20	8	4645055	16629034	2112917	14516117	2282009126	481778
20660724240	4252171	20	8	4645209	16629671	2112979	14516692	2282050743	481778
20661579595	4252320	16	8	4645367	16630328	2113061	14517267	2282093663	481778
20662421587	4252462	17	8	4645525	16630946	2113124	14517822	2282134573	481778
20663098800	4252607	19	8	4645686	16631576	2113182	14518394	2282176348	481778
20663957439	4252750	21	8	4645844	16632207	2113242	14518965	2282218051	481778
20664696852	4252897	17	8	4646012	16632841	2113297	14519544	2282259880	481778
20665590705	4253033	20	8	4646164	16633458	2113367	14520091	2282300465	481778
20666512871	4253181	20	8	4646330	16634105	2113423	14520682	2282343335	481778
20667528934	4253332	15	8	4646493	16634762	2113486	14521276	2282386141	481778
20668396035	4253471	19	8	4646644	16635384	2113542	14521842	2282426911	481778
20669044664	4253616	25	8	4646810	16636003	2113593	14522410	2282468119	481778
20669786814	4253766	21	8	4646986	16636650	2113660	14522990	2282511473	481778
20670544854	4253907	17	8	4647141	16637285	2113728	14523557	2282553017	481778
20671559280	4254053	22	8	4647308	16637940	2113795	14524145	2282596136	481778
20672340311	4254198	21	8	4647468	16638592	2113866	14524726	2282638819	481778
20673171786	4254342	23	8	4647637	16639218	2113919	14525299	2282680553	481778
20674052635	4254482	17	8	4647797	16639835	2113980	14525855	2282721501	481778
20674630240	4254629	19	8	4647958	16640468	2114046	14526422	2282763395	481778
20675568188	4254775	23	8	4648123	16641097	2114101	14526996	2282805242	481778
20676621672	4254920	17	8	4648280	16641721	2114170	14527551	2282846311	481778
20677497668	4255060	19	8	4648435	16642333	2114229	14528104	2282886732	481778
20678207595	4255207	21	8	4648599	16642967	2114286	14528681	2282928813	481778
20679032513	4255357	19	8	4648768	16643628	2114344	14529284	2282972166	481778
20680051915	4255498	23	8	4648926	16644256	2114403	14529853	2283013487	481778
20680792714	4255641	20	8	4649090	16644899	2114474	14530425	2283056138	481778
20681378390	4255788	16	8	4649256	16645527	2114536	14530991	2283097897	481778
20682225887	4255932	17	8	4649420	16646171	2114604	14531567	2283140541	481778
20683038062	4256078	16	8	4649587	16646816	2114670	14532146	2283183104	481778
20683779485	4256216	20	8	4649738	16647433	2114726	14532707	2283223642	481778
20684409054	4256366	15	8	4649908	16648096	2114809	14533287	2283267485	481778
20685344699	4256505	19	8	4650067	16648740	2114877	14533863	2283309639	481778
20686097101	4256656	18	8	4650227	16649385	2114937	14534448	2283351958	481778
20686871770	4256799	19	8	4650381	16650005	2114987	14535018	2283392579	481778
20687649075	4256938	20	8	4650533	16650620	2115048	14535572	2283433016	481778
20688584265	4257086	20	8	4650704	16651270	2115113	14536157	2283476123	481778
20689483651	4257235	20	8	4650870	16651922	2115189	14536733	2283519192	481778
20690392553	4257375	17	8	4651036	16652553	2115245	14537308	2283561005	481778
20691028410	4257515	22	8	4651204	16653196	2115315	14537881	2283603683	481778
20691931500	4257663	21	8	4651367	16653825	2115365	14538460	2283645171	481778
20692807697	4257808	16	8	4651539	16654475	2115434	14539041	2283688340	481778
20693625283	4257948	21	8	4651699	16655116	2115507	14539609	2283730570	481778
20694362195	4258094	19	8	4651866	16655759	2115567	14540192	2283772912	481778
20695441351	4258239	20	8	4652042	16656427	2115640	14540787	2283817324	481778
20696246095	4258383	16	8	4652195	16657076	2115720	14541356	2283859471	481778
20697134144	4258523	21	8	4652350	16657700	2115775	14541925	2283900380	481778
20697853215	4258668	23	8	4652518	16658341	2115834	14542507	2283942811	481778
20698598141	4258814	20	8	4652683	16658983	2115896	14543087	2283985310	481778
20699447684	4258955	16	8	4652858	16659634	2115969	14543665	2284028677	481778
20700357467	4259098	14	8	4653026	16660260	2116031	14544229	2284070398	481778
20701120546	4259243	24	8	4653196	16660901	2116085	14544816	2284112995	481778
20701819296	4259391	16	8	4653370	16661555	2116149	14545406	2284156395	481778
20702614211	4259530	17	8	4653533	16662169	2116197	14545972	2284197163	481778
20703469804	4259670	22	8	4653695	16662801	2116260	14546541	2284238911	481778
20704233718	4259817	21	8	4653858	16663433	2116315	14547118	2284280665	481778
20705041368	4259963	21	8	4654025	16664071	2116364	14547707	2284322910	481778
20705882214	4260108	15	8	4654182	16664704	2116436	14548268	2284364408	481778
20706810215	4260252	20	8	4654353	16665367	2116499	14548868	2284408213	481778
20707443668	4260394	19	8	4654507	16665977	2116564	14549413	2284448667	481778
20708403958	4260539	16	8	4654667	16666614	2116626	14549988	2284490474	481778
20709263237	4260679	23	8	4654832	16667260	2116696	14550564	2284533156	481778
20710054386	4260829	21	8	4654997	16667918	2116763	14551155	2284576542	481778
20710619357	4260974	14	8	4655166	16668536	2116817	14551719	2284617790	481778
20711473398	4261110	19	8	4655321	16669148	2116889	14552259	2284658447	481778
20712371966	4261260	19	8	4655502	16669836	2116959	14552877	2284703863	481778
20712993770	4261401	21	8	4655660	16670442	2117007	14553435	2284744114	481778
20713616579	4261548	18	8	4655829	16671068	2117062	14554006	2284785797	481778
20714516605	4261691	19	8	4655983	16671705	2117122	14554583	2284827452	481778
20715436232	4261839	15	8	4656149	16672350	2117185	14555165	2284870077	481778
20716171172	4261981	18	8	4656309	16672968	2117237	14555731	2284911023	481778
20716969574	4262124	20	8	4656475	16673601	2117297	14556304	2284952968	481778
20717778315	4262269	19	8	4656646	16674249	2117361	14556888	2284996024	481778
20718990126	4262411	21	8	4656809	16674885	2117424	14557461	2285038150	481778
20719783045	4262556	20	8	4656969	16675513	2117478	14558035	2285079535	481778
20720806911	4262700	15	8	4657124	16676148	2117546	14558602	2285121130	481778
20721632099	4262842	20	8	4657276	16676776	2117610	14559166	2285162145	481778
20722689070	4262991	17	8	4657436	16677428	2117673	14559755	2285204740	481778
20723286535	4263133	17	8	4657599	16678049	2117739	14560310	2285246135	481778
20724183295	4263277	19	8	4657756	16678674	2117793	14560881	2285287381	481778
20725147289	4263423	20	8	4657919	16679317	2117857	14561460	2285329693	481778
20725791137	4263567	21	8	4658081	16679935	2117915	14562020	2285370760	481778
20726530017	4263707	18	8	4658237	16680542	2117968	14562574	2285410999	481778
20727298095	4263854	18	8	4658409	16681197	2118031	14563166	2285454286	481778
20728026499	4263999	21	8	4658566	16681845	2118103	14563742	2285496512	481778
20728620575	4264140	22	8	4658723	16682461	2118166	14564295	2285537561	481778
20729196884	4264289	16	8	4658900	16683113	2118238	14564875	2285580938	481778
20730057512	4264430	15	8	4659069	16683758	2118307	14565451	2285623747	481778
20730956797	4264574	18	8	4659228	16684381	2118357	14566024	2285664931	481778
20731955089	4264720	21	8	4659397	16685056	2118415	14566641	2285708927	481778
20732903263	4264858	22	8	4659569	16685683	2118473	14567210	2285750780	481778
20733800937	4264998	20	8	4659726	16686307	2118532	14567775	2285791790	481778
20734680156	4265142	17	8	4659891	16686927	2118593	14568334	2285833146	481778
20735548196	4265289	21	8	4660048	16687568	2118661	14568907	2285875181	481778
20736442706	4265435	14	8	4660205	16688201	2118719	14569482	2285916713	481778
20737175878	4265577	17	8	4660361	16688818	2118779	14570039	2285957423	481778
20738009799	4265723	24	8	4660514	16689460	2118845	14570615	2285999354	481778
20738839727	4265870	18	8	4660681	16690097	2118905	14571192	2286041608	481778
20739591426	4266010	18	8	4660842	16690723	2118966	14571757	2286082985	481778
20740504983	4266155	16	8	4661005	16691352	2119024	14572328	2286124633	481778
20741379761	4266300	19	8	4661164	16692015	2119101	14572914	2286167899	481778
20742322760	4266445	16	8	4661338	16692663	2119166	14573497	2286210960	481778
20743250611	4266585	20	8	4661510	16693310	2119231	14574079	2286254076	481778
20744070796	4266730	18	8	4661668	16693943	2119291	14574652	2286295700	481778
20744836102	4266876	19	8	4661832	16694598	2119361	14575237	2286338755	481778
20745939344	4267021	22	8	4662003	16695249	2119439	14575810	2286381975	481778
20746919425	4267163	21	8	4662173	16695905	2119501	14576404	2286425252	481778
20747583167	4267307	19	8	4662347	16696548	2119554	14576994	2286468081	481778
20748451315	4267450	19	8	4662511	16697194	2119617	14577577	2286510457	481778
20749356884	4267593	21	8	4662671	16697810	2119672	14578138	2286550966	481778
20750272310	4267736	19	8	4662832	16698443	2119723	14578720	2286592713	481778
20751183769	4267884	19	8	4662999	16699107	2119791	14579316	2286636285	481778
20752168841	4268030	17	8	4663161	16699750	2119846	14579904	2286678480	481778
20752912969	4268169	25	8	4663314	16700368	2119910	14580458	2286719219	481778
20753751067	4268315	19	8	4663472	16701011	2119981	14581030	2286761462	481778
20754381482	4268461	16	8	4663638	16701627	2120037	14581590	2286802600	481778
20755143288	4268606	18	8	4663803	16702253	2120085	14582168	2286844155	481778
20755780325	4268750	17	8	4663963	16702885	2120156	14582729	2286885979	481778
20756598155	4268890	23	8	4664118	16703500	2120209	14583291	2286926572	481778
20757592275	4269037	17	8	4664289	16704156	2120287	14583869	2286970013	481778
20758191479	4269180	16	8	4664443	16704783	2120360	14584423	2287011268	481778
20758999188	4269323	21	8	4664605	16705424	2120421	14585003	2287053362	481778
20759972584	4269469	21	8	4664761	16706061	2120482	14585579	2287095064	481778
20760829228	4269612	17	8	4664918	16706678	2120549	14586129	2287135994	481778
20761825421	4269756	22	8	4665083	16707322	2120601	14586721	2287178591	481778
20762705777	4269906	17	8	4665256	16707955	2120662	14587293	2287220924	481778
20763673151	4270047	16	8	4665418	16708583	2120718	14587865	2287262318	481778
20764290817	4270185	19	8	4665578	16709208	2120779	14588429	2287303703	481778
20765200888	4270333	22	8	4665767	16709878	2120848	14589030	2287348754	481778
20766027797	4270478	18	8	4665935	16710522	2120915	14589607	2287391446	481778
20766643611	4270620	18	8	4666097	16711147	2120973	14590174	2287432840	481778
20767339492	4270759	22	8	4666255	16711767	2121037	14590730	2287473891	481778
20768210880	4270905	20	8	4666437	16712434	2121114	14591320	2287518738	481778
20769188936	4271051	18	8	4666612	16713088	2121176	14591912	2287562145	481778
20769986749	4271198	15	8	4666776	16713735	2121230	14592505	2287604476	481778
20770636150	4271343	18	8	4666934	16714355	2121285	14593070	2287645500	481778
20771374777	4271484	21	8	4667098	16715011	2121356	14593655	2287688657	481778
20772221748	4271630	19	8	4667251	16715641	2121421	14594220	2287729908	481778
20772967203	4271772	22	8	4667418	16716280	2121485	14594795	2287772181	481778
20773697029	4271919	21	8	4667587	16716941	2121550	14595391	2287815754	481778
20774569489	4272066	17	8	4667754	16717583	2121611	14595972	2287858111	481778
20775290948	4272204	21	8	4667912	16718218	2121677	14596541	2287899880	481778
20775966569	4272345	22	8	4668062	16718818	2121741	14597077	2287939395	481778
20776716198	4272492	22	8	4668223	16719447	2121786	14597661	2287980783	481778
20777495620	4272642	19	8	4668391	16720086	2121853	14598233	2288023209	481778
20778236555	4272782	17	8	4668545	16720700	2121914	14598786	2288063781	481778
20779197204	4272928	20	8	4668707	16721355	2121986	14599369	2288106818	481778
20780108829	4273074	17	8	4668868	16721998	2122045	14599953	2288148956	481778
20780877372	4273216	19	8	4669027	16722624	2122114	14600510	2288190468	481778
20781689441	4273361	19	8	4669194	16723265	2122182	14601083	2288233025	481778
20782529137	4273509	18	8	4669350	16723904	2122249	14601655	2288274879	481778
20783377185	4273649	20	8	4669501	16724519	2122312	14602207	2288315099	481778
20784142361	4273792	21	8	4669659	16725140	2122373	14602767	2288356217	481778
20784996666	4273939	20	8	4669828	16725789	2122430	14603359	2288399286	481778
20785603722	4274081	20	8	4669979	16726394	2122491	14603903	2288439050	481778
20786270266	4274223	19	8	4670144	16727012	2122540	14604472	2288480181	481778
20787080449	4274365	21	8	4670321	16727658	2122602	14605056	2288523379	481778
20787877332	4274519	18	8	4670502	16728330	2122663	14605667	2288567888	481778
20788920339	4274655	17	8	4670661	16728944	2122716	14606228	2288608319	481778
20789875576	4274798	18	8	4670823	16729586	2122779	14606807	2288650636	481778
20790793191	4274945	22	8	4670979	16730246	2122840	14607406	2288693516	481778
20791778095	4275091	17	8	4671141	16730878	2122898	14607980	2288735068	481778
20792496877	4275232	21	8	4671299	16731516	2122969	14608547	2288776896	481778
20793347055	4275379	19	8	4671460	16732162	2123034	14609128	2288819404	481778
20794160367	4275524	17	8	4671629	16732810	2123097	14609713	2288862360	481778
20795062099	4275669	20	8	4671783	16733441	2123160	14610281	2288903523	481778
20796106869	4275813	23	8	4671943	16734097	2123231	14610866	2288946224	481778
20796716380	4275953	18	8	4672101	16734710	2123279	14611431	2288986717	481778
20797239710	4276101	18	8	4672263	16735348	2123348	14612000	2289028777	481778
20798046027	4276245	19	8	4672432	16736018	2123414	14612604	2289073100	481778
20798955393	4276388	18	8	4672595	16736656	2123483	14613173	2289115316	481778
20799787228	4276531	23	8	4672764	16737311	2123552	14613759	2289158747	481778
20800382513	4276681	16	8	4672928	16737941	2123605	14614336	2289200219	481778
20801240662	4276820	21	8	4673092	16738562	2123660	14614902	2289241616	481778
20802231895	4276964	22	8	4673257	16739209	2123724	14615485	2289284280	481778
20802960317	4277112	20	8	4673427	16739857	2123790	14616067	2289327192	481778
20803604683	4277255	18	8	4673583	16740481	2123857	14616624	2289368269	481778
20804460744	4277397	21	8	4673736	16741094	2123911	14617183	2289408610	481778
20805353321	4277542	16	8	4673893	16741718	2123973	14617745	2289449852	481778
20806081538	4277689	16	8	4674061	16742375	2124045	14618330	2289493055	481778
20806803407	4277831	20	8	4674224	16743015	2124109	14618906	2289535427	481778
20807560890	4277978	18	8	4674387	16743643	2124172	14619471	2289577052	481778
20808478892	4278117	22	8	4674540	16744255	2124227	14620028	2289617470	481778
20809516703	4278266	17	8	4674703	16744915	2124298	14620617	2289660708	481778
20810516142	4278410	20	8	4674873	16745570	2124363	14621207	2289703904	481778
20811386644	4278553	18	8	4675033	16746192	2124428	14621764	2289745137	481778
20812179047	4278693	25	8	4675207	16746851	2124488	14622363	2289788878	481778
20812821080	4278844	16	8	4675372	16747494	2124548	14622946	2289830997	481778
20813386557	4278985	16	8	4675521	16748103	2124612	14623491	2289870929	481778
20814253181	4279129	23	8	4675687	16748737	2124676	14624061	2289913228	481778
20815141636	4279276	22	8	4675852	16749395	2124745	14624650	2289956443	481778
20816079644	4279419	15	8	4676002	16750013	2124807	14625206	2289996813	481778
20816946268	4279561	20	8	4676160	16750667	2124871	14625796	2290039402	481778
20817773468	4279711	19	8	4676327	16751314	2124931	14626383	2290082118	481778
20818595270	4279854	20	8	4676497	16751945	2124982	14626963	2290124220	481778
20819426754	4279997	18	8	4676652	16752582	2125056	14627526	2290165903	481778
20820201343	4280140	21	8	4676813	16753219	2125111	14628108	2290207876	481778
20821162264	4280289	18	8	4676978	16753879	2125170	14628709	2290250880	481778
20822067817	4280430	19	8	4677145	16754506	2125230	14629276	2290292635	481778
20822855949	4280574	22	8	4677305	16755152	2125308	14629844	2290335101	481778
20823643412	4280723	23	8	4677485	16755800	2125360	14630440	2290378588	481778
20824541376	4280864	17	8	4677643	16756437	2125422	14631015	2290420159	481778
20825225532	4281011	17	8	4677815	16757072	2125468	14631604	2290462504	481778
20826008144	4281156	20	8	4677978	16757710	2125530	14632180	2290504729	481778
20826892639	4281299	19	8	4678142	16758345	2125583	14632762	2290546680	481778
20827755139	4281442	20	8	4678310	16759002	2125652	14633350	2290590026	481778
20828691439	4281589	19	8	4678473	16759634	2125709	14633925	2290631672	481778
20829706953	4281731	19	8	4678635	16760274	2125771	14634503	2290673911	481778
20830474355	4281880	19	8	4678799	16760917	2125838	14635079	2290716308	481778
20831289679	4282025	19	8	4678958	16761553	2125896	14635657	2290758046	481778
20832042584	4282164	19	8	4679113	16762167	2125951	14636216	2290798416	481778
20832974246	4282311	19	8	4679295	16762831	2126019	14636812	2290842981	481778
20833846090	4282458	18	8	4679471	16763500	2126088	14637412	2290887136	481778
20834945344	4282601	19	8	4679635	16764131	2126146	14637985	2290928982	481778
20835669223	4282743	20	8	4679792	16764758	2126213	14638545	2290970439	481778
20836473718	4282889	22	8	4679962	16765409	2126282	14639127	2291013630	481778
20837350103	4283035	20	8	4680130	16766060	2126353	14639707	2291056784	481778
20838119807	4283179	20	8	4680312	16766720	2126413	14640307	2291100796	481778
20838913710	4283323	15	8	4680478	16767344	2126472	14640872	2291142410	481778
20839707080	4283467	19	8	4680636	16767993	2126550	14641443	2291185052	481778
20840506653	4283612	18	8	4680794	16768610	2126606	14642004	2291226007	481778
20841326736	4283758	19	8	4680956	16769247	2126659	14642588	2291268032	481778
20842319783	4283902	23	8	4681123	16769917	2126731	14643186	2291311843	481778
20843042771	4284045	21	8	4681296	16770558	2126799	14643759	2291354686	481778
20843807160	4284188	17	8	4681455	16771172	2126858	14644314	2291395447	481778
20844651201	4284333	22	8	4681616	16771813	2126918	14644895	2291437533	481778
20845428944	4284477	17	8	4681776	16772448	2126986	14645462	2291479535	481778
20846164525	4284621	15	8	4681931	16773078	2127058	14646020	2291520909	481778
20846796868	4284764	19	8	4682088	16773695	2127122	14646573	2291561754	481778
20847821371	4284910	24	8	4682244	16774329	2127177	14647152	2291603462	481778
20848539772	4285056	18	8	4682397	16774968	2127244	14647724	2291645060	481778
20849235914	4285193	18	8	4682560	16775569	2127309	14648260	2291685337	481778
20850093877	4285336	23	8	4682712	16776195	2127374	14648821	2291726510	481778
20851073505	4285481	20	8	4682868	16776831	2127438	14649393	2291768317	481778
20851934081	4285630	15	8	4683032	16777471	2127499	14649972	2291810552	481778
20852650388	4285767	18	8	4683175	16778077	2127559	14650518	2291849849	481778
20853475841	4285906	22	8	4683329	16778701	2127626	14651075	2291890873	481778
20854224745	4286054	19	8	4683495	16779356	2127696	14651660	2291934214	481778
20854913584	4286204	13	8	4683657	16779983	2127754	14652229	2291975630	481778
20855644507	4286340	19	8	4683814	16780599	2127812	14652787	2292016227	481778
20856438623	4286479	22	8	4683965	16781217	2127877	14653340	2292056725	481778
20857428032	4286630	18	8	4684138	16781884	2127946	14653938	2292100815	481778
20858288702	4286774	16	8	4684293	16782522	2128002	14654520	2292142341	481778
20859039162	4286916	17	8	4684447	16783122	2128058	14655064	2292182038	481778
20859963978	4287057	21	8	4684609	16783779	2128130	14655649	2292225162	481778
20860852224	4287204	18	8	4684783	16784447	2128207	14656240	2292269404	481778
20861574377	4287349	15	8	4684950	16785093	2128279	14656814	2292312179	481778
20862278679	4287489	19	8	4685110	16785736	2128343	14657393	2292354421	481778
20863164053	4287634	21	8	4685280	16786389	2128400	14657989	2292397627	481778
20864240460	4287780	18	8	4685454	16787040	2128466	14658574	2292440956	481778
20865024648	4287927	18	8	4685616	16787691	2128533	14659158	2292483608	481778
20865753430	4288072	21	8	4685776	16788320	2128591	14659729	2292525132	481778
20866834452	4288215	19	8	4685938	16788947	2128652	14660295	2292566794	481778
20867578319	4288356	18	8	4686102	16789580	2128714	14660866	2292608541	481778
20868353629	4288500	17	8	4686254	16790206	2128778	14661428	2292649560	481778
20869324409	4288644	21	8	4686417	16790863	2128847	14662016	2292692579	481778
20870070408	4288791	17	8	4686582	16791504	2128904	14662600	2292735010	481778
20870892998	4288936	18	8	4686750	16792158	2128971	14663187	2292778205	481778
20871711354	4289082	20	8	4686915	16792802	2129035	14663767	2292820736	481778
20872453247	4289225	18	8	4687077	16793444	2129103	14664341	2292862957	481778
20873304374	4289367	20	8	4687242	16794075	2129156	14664919	2292904768	481778
20873997708	4289511	19	8	4687401	16794678	2129208	14665470	2292944953	481778
20875054441	4289653	20	8	4687566	16795323	2129268	14666055	2292987385	481778
20875997970	4289803	17	8	4687738	16795971	2129320	14666651	2293030215	481778
20876987221	4289942	19	8	4687901	16796626	2129389	14667237	2293073088	481778
20877974979	4290089	17	8	4688074	16797289	2129439	14667850	2293116644	481778
20878807041	4290234	15	8	4688241	16797926	2129506	14668420	2293158897	481778
20879935519	4290376	21	8	4688401	16798556	2129565	14668991	2293200538	481778
20880679308	4290519	20	8	4688560	16799169	2129614	14669555	2293241026	481778
20881585214	4290662	23	8	4688716	16799801	2129680	14670121	2293282616	481778
20882344956	4290808	19	8	4688888	16800454	2129759	14670695	2293326134	481778
20883049851	4290953	18	8	4689048	16801077	2129813	14671264	2293367287	481778
20884159672	4291096	21	8	4689210	16801724	2129883	14671841	2293432667	481777
20885038583	4291242	17	8	4689368	16802354	2129946	14672408	2293474085	481777
20886039839	4291388	17	8	4689531	16803004	2130014	14672990	2293516805	481777
20887194453	4291535	17	8	4689700	16803670	2130073	14673597	2293560453	481777
20888032770	4291675	20	8	4689848	16804284	2130141	14674143	2293600791	481777
20888795624	4291820	22	8	4690010	16804918	2130202	14674716	2293642799	481777
20889808616	4291965	18	8	4690175	16805552	2130258	14675294	2293684658	481777
20890749319	4292108	20	8	4690336	16806183	2130315	14675868	2293726288	481777
20891816273	4292257	18	8	4690505	16806835	2130377	14676458	2293769266	481777
20892686155	4292402	18	8	4690666	16807482	2130444	14677038	2293811899	481777
20893389795	4292544	18	8	4690831	16808118	2130515	14677603	2293854010	481777
20894234731	4292687	18	8	4691003	16808755	2130580	14678175	2293896667	481777
20895066159	4292836	20	8	4691165	16809370	2130628	14678742	2293937570	481777
20895883646	4292981	16	8	4691328	16810019	2130689	14679330	2293980174	481777
20896662298	4293125	14	8	4691505	16810652	2130743	14679909	2294022674	481777
20897444769	4293266	21	8	4691662	16811288	2130809	14680479	2294064344	481777
20898266233	4293412	24	8	4691842	16811945	2130866	14681079	2294108247	481777
20899244435	4293555	15	8	4692009	16812576	2130919	14681657	2294150107	481777
20900142923	4293690	19	8	4692162	16813195	2130981	14682214	2294190613	481777
20901019650	4293834	23	8	4692326	16813839	2131048	14682791	2294233014	481777
20901893632	4293982	21	8	4692498	16814478	2131109	14683369	2294275705	481777
20902585142	4294123	16	8	4692663	16815107	2131170	14683937	2294317352	481777
20903401596	4294266	22	8	4692825	16815740	2131229	14684511	2294359223	481777
20904162625	4294412	18	8	4692982	16816358	2131285	14685073	2294399914	481777
20905027304	4294555	18	8	4693141	16817000	2131350	14685650	2294442017	481777
20905816473	4294697	21	8	4693310	16817638	2131407	14686231	2294484294	481777
20906584000	4294839	21	8	4693472	16818281	2131471	14686810	2294526492	481777
20907520443	4294984	22	8	4693631	16818913	2131529	14687384	2294568000	481777
20908250624	4295132	19	8	4693790	16819534	2131592	14687942	2294609157	481777
20908965068	4295276	18	8	4693948	16820152	2131650	14688502	2294649900	481777
20910032220	4295419	17	8	4694102	16820790	2131714	14689076	2294691670	481777
20910772351	4295569	19	8	4694277	16821459	2131779	14689680	2294735803	481777
20911616995	4295711	24	8	4694433	16822086	2131834	14690252	2294776899	481777
20912497988	4295852	20	8	4694592	16822736	2131901	14690835	2294819409	481777
20913424691	4296000	20	8	4694755	16823378	2131959	14691419	2294861675	481777
20914041561	4296146	17	8	4694916	16824008	2132019	14691989	2294903088	481777
20914921630	4296284	21	8	4695088	16824655	2132085	14692570	2294946158	481777
20915776991	4296431	18	8	4695257	16825287	2132145	14693142	2294988373	481777
20916418142	4296576	18	8	4695419	16825927	2132214	14693713	2295030722	481777
20917160494	4296719	17	8	4695575	16826538	2132282	14694256	2295071224	481777
20917808551	4296860	23	8	4695726	16827159	2132356	14694803	2295112185	481777
20918457870	4297010	23	8	4695901	16827810	2132414	14695396	2295155364	481777
20919264776	4297152	22	8	4696065	16828452	2132474	14695978	2295197553	481777
20920068971	4297299	15	8	4696241	16829105	2132532	14696573	2295241039	481777
20921024685	4297442	18	8	4696396	16829733	2132586	14697147	2295282117	481777
20921989545	4297581	21	8	4696549	16830332	2132640	14697692	2295321787	481777
20922697653	4297722	15	8	4696697	16830908	2132693	14698215	2295360084	481777
20923778206	4297860	17	8	4696846	16831502	2132740	14698762	2295399147	481777
20924694545	4298000	20	8	4697003	16832114	2132802	14699312	2295439576	481777
20925836004	4298138	22	8	4697155	16832740	2132865	14699875	2295480564	481777
20926539272	4298280	18	8	4697306	16833352	2132927	14700425	2295520625	481777
20927437915	4298415	18	8	4697452	16833947	2132982	14700965	2295559625	481777
20928535600	4298557	24	8	4697608	16834570	2133037	14701533	2295600470	481777
20929207440	4298698	16	8	4697766	16835177	2133091	14702086	2295640739	481777
20929885384	4298837	13	8	4697915	16835767	2133146	14702621	2295679667	481777
20930679998	4298971	18	8	4698057	16836356	2133212	14703144	2295718397	481777
20931551799	4299114	20	8	4698223	16836992	2133275	14703717	2295760487	481777
20932322843	4299253	16	8	4698378	16837593	2133337	14704256	2295800404	481777
20932957190	4299388	15	8	4698535	16838203	2133407	14704796	2295840725	481777
20933888445	4299528	22	8	4698682	16838815	2133469	14705346	2295880874	481777
20934739700	4299666	20	8	4698844	16839429	2133521	14705908	2295921621	481777
20935644540	4299806	17	8	4698991	16840030	2133584	14706446	2295960959	481777
20936576988	4299943	20	8	4699152	16840634	2133641	14706993	2296001294	481777
20937447422	4300085	18	8	4699308	16841240	2133704	14707536	2296041445	481777
20938632901	4300220	23	8	4699456	16841847	2133761	14708086	2296081396	481777
20939415179	4300359	17	8	4699615	16842433	2133818	14708615	2296120519	481777
20940282643	4300497	14	8	4699780	16843058	2133872	14709186	2296161839	481777
20941214122	4300633	17	8	4699941	16843667	2133922	14709745	2296202323	481777
20942102654	4300773	21	8	4700098	16844277	2133987	14710290	2296242635	481777
20942963020	4300908	21	8	4700257	16844887	2134048	14710839	2296283089	481777
20943693090	4301051	17	8	4700427	16845524	2134107	14711417	2296325473	481777
20944509724	4301191	15	8	4700599	16846154	2134168	14711986	2296367363	481777
20945227279	4301326	19	8	4700743	16846728	2134218	14712510	2296405313	481777
20946083411	4301468	20	8	4700900	16847338	2134277	14713061	2296445700	481777
20946855913	4301604	19	8	4701071	16847957	2134336	14713621	2296487182	481777
20947600739	4301742	16	8	4701220	16848541	2134389	14714152	2296525841	481777
20948275011	4301882	21	8	4701365	16849133	2134448	14714685	2296564871	481777
20948912004	4302020	19	8	4701521	16849721	2134508	14715213	2296604219	481777
20949678020	4302155	18	8	4701670	16850300	2134572	14715728	2296642697	481777
20950427243	4302294	20	8	4701838	16850914	2134635	14716279	2296684046	481777
20951506097	4302438	16	8	4702004	16851547	2134688	14716859	2296725901	481777
20952295722	4302579	14	8	4702167	16852168	2134757	14717411	2296767032	481777
20953090141	4302715	17	8	4702320	16852759	2134820	14717939	2296806488	481777
20953844182	4302847	20	8	4702462	16853335	2134876	14718459	2296844349	481777
20954478462	4302981	15	8	4702613	16853917	2134935	14718982	2296882898	481777
20955241990	4303115	14	8	4702769	16854491	2134979	14719512	2296921100	481777
20956148491	4303245	19	8	4702919	16855077	2135037	14720040	2296959902	481777
20956776183	4303379	20	8	4703065	16855628	2135082	14720546	2296996639	481777
20957584556	4303508	19	8	4703209	16856195	2135136	14721059	2297034103	481777
20958407575	4303640	17	8	4703360	16856780	2135194	14721586	2297072680	481777
20959161323	4303771	17	8	4703508	16857352	2135245	14722107	2297110667	481777
20960132051	4303902	18	8	4703659	16857931	2135303	14722628	2297149185	481777
20960608137	4304038	18	8	4703815	16858519	2135367	14723152	2297188333	481777
20961439020	4304169	17	8	4703956	16859096	2135428	14723668	2297226188	481777
20962246909	4304299	17	8	4704096	16859655	2135477	14724178	2297262973	481777
20963063998	4304429	20	8	4704246	16860232	2135535	14724697	2297301471	481777
20963765892	4304566	18	8	4704405	16860826	2135600	14725226	2297341018	481777
20964257199	4304696	19	8	4704545	16861374	2135647	14725727	2297377344	481777
20964849726	4304828	17	8	4704686	16861926	2135698	14726228	2297413853	481777
20965589044	4304958	17	8	4704827	16862500	2135768	14726732	2297451864	481777
20966452191	4305096	16	8	4704982	16863124	2135841	14727283	2297492843	481777
20967282783	4305228	14	8	4705131	16863707	2135902	14727805	2297531344	481777
20968009889	4305355	20	8	4705267	16864261	2135960	14728301	2297567834	481777
20968718998	4305490	21	8	4705414	16864839	2136022	14728817	2297606090	481777
20969390200	4305625	16	8	4705562	16865428	2136085	14729343	2297644966	481777
20969994282	4305755	15	8	4705709	16866002	2136154	14729848	2297683126	481777
20970723324	4305888	19	8	4705860	16866588	2136207	14730381	2297721972	481777
20971680132	4306020	18	8	4706003	16867177	2136274	14730903	2297760578	481777
20972464358	4306153	16	8	4706149	16867756	2136330	14731426	2297798624	481777
20973155971	4306283	19	8	4706297	16868316	2136374	14731942	2297835880	481777
20973814082	4306413	19	8	4706442	16868896	2136436	14732460	2297873966	481777
20974634928	4306542	24	8	4706588	16869475	2136491	14732984	2297912184	481777
20975400223	4306680	14	8	4706739	16870040	2136539	14733501	2297949768	481777
20976097181	4306808	17	8	4706883	16870610	2136595	14734015	2297987332	481777
20977035629	4306943	20	8	4707028	16871219	2136665	14734554	2298027019	481777
20977826915	4307076	18	8	4707169	16871781	2136718	14735063	2298064169	481777
20978643346	4307206	17	8	4707314	16872349	2136781	14735568	2298101804	481777
20979551004	4307337	15	8	4707456	16872918	2136834	14736084	2298139161	481777
20980356743	4307471	21	8	4707602	16873500	2136883	14736617	2298177529	481777
20980993431	4307605	23	8	4707751	16874063	2136933	14737130	2298214979	481777
20981697005	4307736	16	8	4707891	16874626	2136988	14737638	2298251958	481777
20982415484	4307867	19	8	4708033	16875186	2137043	14738143	2298288995	481777
20983297764	4308001	20	8	4708184	16875771	2137099	14738672	2298327944	481777
20983939626	4308134	16	8	4708325	16876333	2137154	14739179	2298365120	481777
20984582041	4308261	22	8	4708461	16876891	2137208	14739683	2298401707	481777
20985216791	4308395	20	8	4708616	16877485	2137268	14740217	2298441037	481777
20985963516	4308528	18	8	4708762	16878067	2137328	14740739	2298479376	481777
20986511162	4308661	17	8	4708914	16878653	2137396	14741257	2298518289	481777
20987339477	4308791	18	8	4709066	16879222	2137450	14741772	2298556144	481777
20988025359	4308919	21	8	4709208	16879782	2137508	14742274	2298593430	481777
20988548837	4309058	12	8	4709374	16880378	2137563	14742815	2298633256	481777
20989277409	4309184	15	8	4709527	16880955	2137628	14743327	2298671768	481777
20990150207	4309313	22	8	4709671	16881533	2137683	14743850	2298709962	481777
20990972851	4309454	15	8	4709831	16882142	2137735	14744407	2298750081	481777
20991680756	4309582	14	8	4709976	16882687	2137789	14744898	2298786485	481777
20992589458	4309713	14	8	4710118	16883268	2137859	14745409	2298824713	481777
20993228665	4309844	21	8	4710263	16883848	2137913	14745935	2298862933	481777
20994017999	4309974	18	8	4710400	16884407	2137958	14746449	2298899460	481777
20994850927	4310105	16	8	4710553	16884982	2138022	14746960	2298937959	481777
20995752981	4310237	18	8	4710699	16885545	2138079	14747466	2298975409	481777
20996521674	4310367	19	8	4710846	16886128	2138133	14747995	2299013898	481777
20997298992	4310505	14	8	4710996	16886718	2138189	14748529	2299052674	481777
20997999607	4310634	16	8	4711142	16887274	2138233	14749041	2299089626	481777
20998605756	4310761	20	8	4711285	16887840	2138291	14749549	2299126991	481777
20999121922	4310895	16	8	4711435	16888407	2138344	14750063	2299164877	481777
20999778640	4311030	17	8	4711594	16888978	2138395	14750583	2299203410	481777
21000470207	4311162	12	8	4711750	16889555	2138441	14751114	2299241688	481777
21001350391	4311290	20	8	4711897	16890141	2138506	14751635	2299280418	481777
21002278366	4311426	15	8	4712052	16890732	2138561	14752171	2299319634	481777
21003093138	4311557	15	8	4712192	16891307	2138615	14752692	2299357185	481777
21003924547	4311687	19	8	4712336	16891882	2138671	14753211	2299395032	481777
21004735114	4311817	20	8	4712476	16892452	2138723	14753729	2299432515	481777
21005648533	4311951	17	8	4712637	16893030	2138775	14754255	2299471319	481777
21006351402	4312083	18	8	4712785	16893596	2138829	14754767	2299509031	481777
21007196410	4312212	18	8	4712932	16894171	2138890	14755281	2299547059	481777
21008146278	4312344	20	8	4713079	16894774	2138957	14755817	2299586661	481777
21008708423	4312477	18	8	4713224	16895351	2139019	14756332	2299624782	481777
21009334359	4312605	21	8	4713364	16895914	2139081	14756833	2299661783	481777
21010205507	4312738	19	8	4713521	16896506	2139130	14757376	2299701038	481777
21010963497	4312874	15	8	4713672	16897095	2139178	14757917	2299739699	481777
21011709539	4313006	14	8	4713818	16897668	2139228	14758440	2299777394	481777
21012341560	4313137	16	8	4713967	16898243	2139288	14758955	2299815424	481777
21013181508	4313264	21	8	4714112	16898806	2139335	14759471	2299852743	481777
21014121654	4313401	19	8	4714262	16899424	2139393	14760031	2299892903	481777
21014898124	4313533	16	8	4714417	16900001	2139449	14760552	2299931485	481777
21015736132	4313662	15	8	4714557	16900585	2139511	14761074	2299969374	481777
21016564993	4313792	20	8	4714701	16901160	2139565	14761595	2300007272	481777
21017259952	4313927	21	8	4714853	16901751	2139623	14762128	2300046414	481777
21017819844	4314058	14	8	4714997	16902308	2139685	14762623	2300083450	481777
21018738158	4314186	18	8	4715135	16902881	2139750	14763131	2300121081	481777
21019491555	4314322	20	8	4715282	16903464	2139797	14763667	2300159435	481777
21020337337	4314453	19	8	4715429	16904017	2139842	14764175	2300196378	481777
21021146530	4314583	16	8	4715573	16904582	2139902	14764680	2300233606	481777
21021846929	4314714	22	8	4715716	16905170	2139963	14765207	2300272215	481777
21022481504	4314852	18	8	4715867	16905765	2140022	14765743	2300311412	481777
21023124949	4314983	20	8	4716009	16906317	2140083	14766234	2300348148	481777
21023693828	4315112	23	8	4716146	16906875	2140136	14766739	2300384721	481777
21024423090	4315246	19	8	4716294	16907458	2140197	14767261	2300423270	481777
21025534796	4315379	18	8	4716442	16908053	2140255	14767798	2300462351	481777
21026034596	4315513	15	8	4716599	16908636	2140314	14768322	2300501226	481777
21026664982	4315642	20	8	4716744	16909200	2140371	14768829	2300538727	481777
21027313647	4315773	21	8	4716891	16909786	2140440	14769346	2300577451	481777
21028065284	4315907	20	8	4717031	16910369	2140511	14769858	2300615634	481777
21028790639	4316040	27	8	4717179	16910957	2140572	14770385	2300654377	481777
21029388930	4316170	17	8	4717315	16911513	2140624	14770889	2300690862	481777
21029893228	4316303	18	8	4717463	16912087	2140681	14771406	2300728856	481777
21030631481	4316435	19	8	4717625	16912685	2140739	14771946	2300768807	481777
21031208549	4316565	20	8	4717767	16913246	2140790	14772456	2300805805	481777
21031920533	4316699	21	8	4717922	16913845	2140852	14772993	2300845623	481777
21032402438	4316833	15	8	4718090	16914430	2140907	14773523	2300885051	481777
21033034697	4316963	19	8	4718230	16914993	2140959	14774034	2300922108	481777
21033921502	4317094	24	8	4718378	16915553	2141000	14774553	2300959260	481777
21034855295	4317226	20	8	4718531	16916147	2141063	14775084	2300998613	481777
21035602691	4317360	15	8	4718683	16916721	2141121	14775600	2301036868	481777
21036570864	4317493	17	8	4718826	16917321	2141189	14776132	2301076359	481777
21037425881	4317627	17	8	4718967	16917909	2141250	14776659	2301114786	481777
21038090744	4317756	18	8	4719119	16918467	2141296	14777171	2301152075	481777
21038800663	4317889	19	8	4719277	16919052	2141351	14777701	2301191238	481777
21039464073	4318020	17	8	4719421	16919609	2141410	14778199	2301228459	481777
21040220501	4318155	16	8	4719577	16920202	2141467	14778735	2301267705	481777
21040846557	4318282	18	8	4719709	16920761	2141533	14779228	2301304378	481777
21041598731	4318418	14	8	4719872	16921352	2141585	14779767	2301343811	481777
21042186811	4318552	14	8	4720034	16921952	2141643	14780309	2301383853	481777
21042945928	4318685	15	8	4720190	16922534	2141700	14780834	2301422583	481777
21043735458	4318813	16	8	4720332	16923093	2141756	14781337	2301459707	481777
21044463545	4318946	15	8	4720488	16923699	2141826	14781873	2301499874	481777
21045152339	4319076	17	8	4720645	16924284	2141889	14782395	2301538852	481777
21045893004	4319212	17	8	4720810	16924903	2141956	14782947	2301579973	481777
21046726819	4319341	16	8	4720953	16925470	2142014	14783456	2301617476	481777
21047639598	4319473	20	8	4721100	16926054	2142069	14783985	2301655913	481777
21048375597	4319602	21	8	4721244	16926621	2142122	14784499	2301693449	481777
21049276592	4319736	19	8	4721387	16927206	2142184	14785022	2301731837	481777
21050010254	4319863	14	8	4721529	16927758	2142241	14785517	2301768272	481777
21050759436	4319992	17	8	4721669	16928319	2142293	14786026	2301805037	481777
21051607953	4320130	21	8	4721826	16928924	2142355	14786569	2301845252	481777
21052235967	4320265	17	8	4721973	16929500	2142411	14787089	2301883402	481777
21053002717	4320392	20	8	4722115	16930057	2142459	14787598	2301919908	481777
21053857739	4320523	23	8	4722264	16930633	2142508	14788125	2301958082	481777
21054628696	4320663	13	8	4722421	16931236	2142569	14788667	2301997904	481777
21055623313	4320792	14	8	4722563	16931822	2142629	14789193	2302036173	481777
21056170449	4320921	13	8	4722702	16932362	2142677	14789685	2302071910	481777
21056979568	4321050	23	8	4722845	16932938	2142730	14790208	2302109974	481777
21057686654	4321182	19	8	4723002	16933518	2142778	14790740	2302148625	481777
21058292928	4321315	15	8	4723156	16934096	2142840	14791256	2302187049	481777
21058980144	4321445	19	8	4723296	16934664	2142895	14791769	2302224293	481777
21059726830	4321579	25	8	4723448	16935272	2142950	14792322	2302264120	481777
21060265947	4321712	14	8	4723597	16935852	2143009	14792843	2302302359	481777
21060716834	4321838	16	8	4723745	16936414	2143063	14793351	2302339840	481777
21061438551	4321974	19	8	4723899	16937004	2143117	14793887	2302378828	481777
21062122695	4322106	19	8	4724046	16937585	2143171	14794414	2302417254	481777
21062886607	4322238	16	8	4724196	16938164	2143236	14794928	2302455636	481777
21063953578	4322365	18	8	4724336	16938741	2143296	14795445	2302493380	481777
21064702265	4322501	18	8	4724485	16939326	2143361	14795965	2302532089	481777
21065790608	4322634	16	8	4724634	16939912	2143412	14796500	2302570812	481777
21066377962	4322763	16	8	4724773	16940470	2143470	14797000	2302607475	481777
21067083044	4322890	18	8	4724912	16941011	2143518	14797493	2302643408	481777
21067616481	4323026	22	8	4725056	16941595	2143571	14798024	2302681820	481777
21068411169	4323162	17	8	4725207	16942180	2143628	14798552	2302720420	481777
21069060394	4323290	13	8	4725345	16942741	2143692	14799049	2302757194	481777
21069934807	4323420	22	8	4725487	16943321	2143751	14799570	2302795288	481777
21070573011	4323549	18	8	4725633	16943900	2143807	14800093	2302834063	481777
21071217536	4323683	18	8	4725793	16944482	2143859	14800623	2302872997	481777
21071833186	4323815	19	8	4725940	16945041	2143905	14801136	2302910287	481777
21072630431	4323950	22	8	4726091	16945636	2143967	14801669	2302949438	481777
21073277554	4324083	22	8	4726239	16946216	2144028	14802188	2302987904	481777
21073928898	4324214	18	8	4726382	16946774	2144084	14802690	2303024862	481777
21074594441	4324347	17	8	4726532	16947353	2144145	14803208	2303063251	481777
21075390109	4324482	20	8	4726690	16947931	2144187	14803744	2303101842	481777
21076208627	4324612	18	8	4726839	16948529	2144263	14804266	2303141328	481777
21076999547	4324743	19	8	4726987	16949092	2144308	14804784	2303178623	481777
21077888053	4324876	17	8	4727135	16949677	2144370	14805307	2303217297	481777
21078714394	4325007	18	8	4727282	16950255	2144428	14805827	2303255482	481777
21079400140	4325138	17	8	4727428	16950835	2144480	14806355	2303293543	481777
21080141258	4325271	19	8	4727570	16951400	2144529	14806871	2303330728	481777
21081172133	4325401	20	8	4727709	16951969	2144579	14807390	2303367994	481777
21081715083	4325533	19	8	4727863	16952538	2144638	14807900	2303406270	481777
21082662718	4325669	14	8	4728017	16953137	2144699	14808438	2303445627	481777
21083407292	4325801	18	8	4728165	16953737	2144768	14808969	2303485088	481777
21083986655	4325930	17	8	4728312	16954303	2144822	14809481	2303522649	481777
21084865736	4326063	22	8	4728459	16954888	2144867	14810021	2303561134	481777
21085799301	4326199	19	8	4728609	16955484	2144925	14810559	2303600205	481777
21086529140	4326329	17	8	4728759	16956062	2144977	14811085	2303638379	481777
21087291607	4326461	18	8	4728913	16956661	2145040	14811621	2303677963	481777
21088393913	4326598	16	8	4729065	16957274	2145103	14812171	2303718004	481777
21089451227	4326727	15	8	4729219	16957853	2145150	14812703	2303756472	481777
21090151334	4326858	19	8	4729370	16958425	2145206	14813219	2303794741	481777
21090841411	4326993	14	8	4729523	16959013	2145260	14813753	2303833593	481777
21091467409	4327120	21	8	4729664	16959582	2145319	14814263	2303871201	481777
21092028256	4327254	20	8	4729824	16960169	2145371	14814798	2303910364	481777
21092852324	4327387	19	8	4729969	16960730	2145423	14815307	2303947626	481777
21093626176	4327523	17	8	4730124	16961321	2145483	14815838	2303986741	481777
21094228004	4327655	17	8	4730269	16961912	2145549	14816363	2304025556	481777
21094871361	4327784	19	8	4730416	16962477	2145601	14816876	2304063210	481777
21095617975	4327917	19	8	4730570	16963054	2145649	14817405	2304101539	481777
21096238774	4328047	18	8	4730723	16963618	2145703	14817915	2304139294	481777
21097036467	4328180	16	8	4730873	16964190	2145748	14818442	2304177233	481777
21097751356	4328311	21	8	4731014	16964764	2145807	14818957	2304215086	481777
21098541209	4328444	17	8	4731162	16965338	2145854	14819484	2304252704	481777
21099146911	4328572	21	8	4731308	16965911	2145921	14819990	2304290837	481777
21099998163	4328707	18	8	4731454	16966499	2145991	14820508	2304329716	481777
21100794424	4328842	18	8	4731603	16967082	2146042	14821040	2304368175	481777
21101675336	4328971	20	8	4731742	16967637	2146100	14821537	2304404778	481777
21102542121	4329103	21	8	4731891	16968237	2146166	14822071	2304444198	481777
21103363520	4329237	17	8	4732034	16968835	2146240	14822595	2304483328	481777
21104180537	4329369	17	8	4732181	16969416	2146299	14823117	2304521673	481777
21105065030	4329502	18	8	4732320	16969997	2146356	14823641	2304559552	481777
21105879476	4329634	21	8	4732466	16970578	2146415	14824163	2304597868	481777
21106622031	4329766	17	8	4732605	16971131	2146472	14824659	2304634289	481777
21107171760	4329897	17	8	4732756	16971714	2146530	14825184	2304672899	481777
21108092614	4330028	21	8	4732914	16972329	2146593	14825736	2304713466	481777
21108825470	4330161	21	8	4733071	16972935	2146662	14826273	2304753712	481777
21109683366	4330293	16	8	4733220	16973503	2146725	14826778	2304791491	481777
21110286627	4330423	18	8	4733362	16974062	2146771	14827291	2304828408	481777
21111047378	4330561	18	8	4733511	16974642	2146824	14827818	2304866894	481777
21111639578	4330694	18	8	4733655	16975211	2146876	14828335	2304904229	481777
21112344924	4330818	18	8	4733798	16975753	2146923	14828830	2304940324	481777
21113158408	4330950	22	8	4733952	16976348	2146988	14829360	2304980040	481777
21114015744	4331088	16	8	4734100	16976933	2147046	14829887	2305018565	481777
21114766530	4331219	17	8	4734241	16977500	2147100	14830400	2305055728	481777
21115471806	4331346	21	8	4734385	16978078	2147163	14830915	2305093994	481777
21116283016	4331481	19	8	4734538	16978687	2147232	14831455	2305134034	481777
21117114845	4331615	14	8	4734681	16979248	2147290	14831958	2305171151	481777
21117825464	4331747	15	8	4734840	16979828	2147347	14832481	2305210113	481777
21118573925	4331878	20	8	4735009	16980424	2147409	14833015	2305250486	481777
21119281940	4332004	17	8	4735150	16980983	2147467	14833516	2305287492	481777
21119986557	4332133	18	8	4735293	16981559	2147533	14834026	2305325351	481777
21121046196	4332268	21	8	4735444	16982159	2147589	14834570	2305364733	481777
21122049992	4332399	20	8	4735583	16982748	2147657	14835091	2305403099	481777
21122628455	4332531	15	8	4735735	16983336	2147717	14835619	2305441725	481777
21123338110	4332662	17	8	4735880	16983899	2147768	14836131	2305478965	481777
21124350098	4332799	18	8	4736025	16984505	2147838	14836667	2305518544	481777
21124863558	4332933	13	8	4736191	16985095	2147893	14837202	2305558256	481777
21125643476	4333058	20	8	4736332	16985653	2147948	14837705	2305595073	481777
21126390494	4333187	22	8	4736480	16986231	2148002	14838229	2305633369	481777
21127219738	4333311	20	8	4736620	16986751	2148048	14838703	2305668259	481777
