bytes_written	total_items	curr_connections	threads	cmd_set	cmd_get	get_misses	get_hits	bytes_read
17843193560	672907	20	8	671434	11686122	2046055	9640067	1780145450	386290
17843838578	672907	15	8	671434	11686549	2046112	9640437	1780167478	386290
17844693053	672907	20	8	671434	11687034	2046188	9640846	1780192624	386290
17845428499	672907	22	8	671434	11687504	2046259	9641245	1780217053	386290
17846046975	672907	20	8	671434	11687990	2046322	9641668	1780241903	386290
17846640054	672907	19	8	671434	11688447	2046391	9642056	1780265600	386290
17847512127	672907	19	8	671434	11688943	2046466	9642477	1780291200	386290
17848170678	672907	22	8	671434	11689437	2046540	9642897	1780316772	386290
17848937742	672907	21	8	671434	11689899	2046603	9643296	1780340614	386290
17849779184	672907	18	8	671434	11690380	2046673	9643707	1780365500	386290
17850739872	672907	18	8	671434	11690849	2046729	9644120	1780389533	386290
17851387734	672907	20	8	671434	11691314	2046794	9644520	1780413620	386290
17852296235	672907	22	8	671434	11691813	2046874	9644939	1780439300	386290
17853123519	672907	20	8	671434	11692291	2046939	9645352	1780464059	386290
17853956359	672907	21	8	671434	11692762	2047006	9645756	1780488198	386290
17854899138	672907	20	8	671434	11693258	2047066	9646192	1780513517	386290
17855739245	672907	18	8	671434	11693748	2047132	9646616	1780538578	386290
17856423696	672907	19	8	671434	11694224	2047205	9647019	1780563237	386290
17857281234	672907	22	8	671434	11694704	2047264	9647440	1780587705	386290
17858312035	672907	20	8	671434	11695163	2047317	9647846	1780611503	386290
17859420444	672907	19	8	671434	11695642	2047376	9648266	1780636144	386290
17860435081	672907	22	8	671434	11696121	2047441	9648680	1780660839	386290
17861037175	672907	21	8	671434	11696590	2047506	9649084	1780685155	386290
17861932470	672908	16	8	671435	11697062	2047566	9649496	1780709321	386289
17862578598	672908	20	8	671435	11697516	2047625	9649891	1780732821	386289
17863667602	672908	18	8	671435	11697996	2047694	9650302	1780757454	386289
17864507472	672908	23	8	671435	11698504	2047770	9650734	1780783432	386289
17865243232	672908	23	8	671435	11698982	2047837	9651145	1780808284	386289
17865966150	672908	20	8	671435	11699452	2047906	9651546	1780832441	386289
17866843264	672908	21	8	671435	11699939	2047972	9651967	1780857580	386289
17867666938	672908	19	8	671435	11700431	2048037	9652394	1780882722	386289
17868621870	672908	23	8	671435	11700924	2048096	9652828	1780907937	386289
17869481037	672908	21	8	671435	11701394	2048153	9653241	1780932045	386289
17870267491	672908	19	8	671435	11701860	2048216	9653644	1780955923	386289
17871215958	672908	21	8	671435	11702357	2048283	9654074	1780981345	386289
17871967876	672908	22	8	671435	11702819	2048343	9654476	1781005343	386289
17872902357	672908	21	8	671435	11703314	2048427	9654887	1781031065	386289
17873764615	672908	17	8	671435	11703760	2048487	9655273	1781054146	386289
17874326564	672908	19	8	671435	11704202	2048540	9655662	1781076731	386289
17874942042	672908	23	8	671435	11704662	2048602	9656060	1781100418	386289
17875650018	672908	17	8	671435	11705109	2048654	9656455	1781123428	386289
17876331938	672908	18	8	671435	11705559	2048719	9656840	1781146580	386289
17876906987	672908	21	8	671435	11706026	2048778	9657248	1781170559	386289
17877497377	672908	24	8	671435	11706465	2048829	9657636	1781193023	386289
17878157897	672908	21	8	671435	11706922	2048885	9658037	1781216450	386289
17878955844	672908	16	8	671435	11707370	2048945	9658425	1781239463	386289
17879787946	672908	20	8	671435	11707839	2049016	9658823	1781263756	386289
17880559041	672908	22	8	671435	11708296	2049087	9659209	1781287320	386289
17881410342	672908	23	8	671435	11708765	2049143	9659622	1781311333	386289
17882142485	672908	21	8	671435	11709198	2049206	9659992	1781333805	386289
17882978495	672908	21	8	671435	11709660	2049284	9660376	1781357882	386289
17883679375	672908	18	8	671435	11710101	2049347	9660754	1781380721	386289
17884540942	672908	20	8	671435	11710544	2049413	9661131	1781403689	386289
17885184490	672908	19	8	671435	11710983	2049476	9661507	1781426214	386289
17886007736	672908	16	8	671435	11711428	2049533	9661895	1781449099	386289
17886651477	672908	19	8	671435	11711867	2049578	9662289	1781471455	386289
17887386608	672908	20	8	671435	11712308	2049639	9662669	1781494210	386289
17888152175	672908	18	8	671435	11712740	2049703	9663037	1781516530	386289
17889178771	672908	20	8	671435	11713209	2049773	9663436	1781540775	386289
17889983616	672908	20	8	671435	11713643	2049838	9663805	1781563075	386289
17890840116	672908	21	8	671435	11714083	2049898	9664185	1781585717	386289
17891467850	672908	21	8	671435	11714515	2049957	9664558	1781608138	386289
17892249215	672908	17	8	671435	11714959	2050016	9664943	1781630899	386289
17892970887	672908	21	8	671435	11715397	2050079	9665318	1781653578	386289
17893612984	672908	21	8	671435	11715830	2050148	9665682	1781676111	386289
17894255951	672908	19	8	671435	11716288	2050225	9666063	1781699899	386289
17894914013	672908	16	8	671435	11716700	2050278	9666422	1781721058	386289
17895626218	672908	22	8	671435	11717143	2050333	9666810	1781743902	386289
17896275840	672908	19	8	671435	11717583	2050389	9667194	1781766454	386289
17897003510	672908	20	8	671435	11718018	2050451	9667567	1781789017	386289
17897740354	672908	17	8	671435	11718454	2050516	9667938	1781811642	386289
17898688764	672908	20	8	671435	11718898	2050570	9668328	1781834362	386289
17899309204	672908	24	8	671435	11719342	2050632	9668710	1781857312	386289
17900085497	672908	22	8	671435	11719781	2050696	9669085	1781880054	386289
17900640331	672908	18	8	671435	11720205	2050763	9669442	1781902004	386289
17901452144	672908	19	8	671435	11720640	2050819	9669821	1781924481	386289
17902190065	672908	22	8	671435	11721078	2050870	9670208	1781947068	386289
17903023019	672908	21	8	671435	11721503	2050918	9670585	1781968823	386289
17903804437	672908	20	8	671435	11721917	2050966	9670951	1781990198	386289
17904300975	672908	18	8	671435	11722356	2051025	9671331	1782012847	386289
17904949947	672908	16	8	671435	11722781	2051077	9671704	1782034724	386289
17905788151	672908	24	8	671435	11723214	2051126	9672088	1782056827	386289
17906713029	672908	22	8	671435	11723644	2051178	9672466	1782078899	386289
17907472555	672908	16	8	671435	11724061	2051232	9672829	1782100340	386289
17908256350	672908	16	8	671435	11724497	2051288	9673209	1782122804	386289
17909304143	672908	21	8	671435	11724978	2051362	9673616	1782147506	386289
17910223696	672908	18	8	671435	11725416	2051421	9673995	1782170022	386289
17911245646	672908	18	8	671435	11725839	2051472	9674367	1782191714	386289
17911837920	672908	21	8	671435	11726285	2051539	9674746	1782214704	386289
17912488899	672908	22	8	671435	11726714	2051594	9675120	1782236782	386289
17913202585	672908	19	8	671435	11727160	2051664	9675496	1782259851	386289
17913761835	672908	17	8	671435	11727610	2051748	9675862	1782283309	386289
17914415628	672908	20	8	671435	11728042	2051805	9676237	1782305480	386289
17915210255	672908	24	8	671435	11728477	2051858	9676619	1782328067	386289
17915811637	672908	20	8	671435	11728924	2051929	9676995	1782351193	386289
17916446771	672908	19	8	671435	11729336	2051979	9677357	1782372401	386289
17916967672	672908	20	8	671435	11729761	2052038	9677723	1782394455	386289
17917568601	672908	21	8	671435	11730190	2052090	9678100	1782416556	386289
17918648605	672908	16	8	671435	11730644	2052158	9678486	1782439985	386289
17919466360	672908	17	8	671435	11731073	2052204	9678869	1782461821	386289
17920117057	672908	24	8	671435	11731529	2052278	9679251	1782485431	386289
17920810622	672908	22	8	671435	11731966	2052334	9679632	1782508007	386289
17921707448	672909	19	8	671436	11732410	2052404	9680006	1782531005	386288
17922125836	672909	18	8	671436	11732832	2052466	9680366	1782552789	386288
17922662383	672909	17	8	671436	11733241	2052522	9680719	1782574096	386288
17923329391	672909	19	8	671436	11733681	2052584	9681097	1782596871	386288
17923980502	672909	17	8	671436	11734144	2052651	9681493	1782620688	386288
17924590903	672909	17	8	671436	11734565	2052704	9681861	1782642503	386288
17925157149	672909	17	8	671436	11734985	2052756	9682229	1782664004	386288
17925963673	672909	22	8	671436	11735418	2052807	9682611	1782686347	386288
17926832268	672909	19	8	671436	11735856	2052866	9682990	1782708881	386288
17927377028	672909	16	8	671436	11736281	2052924	9683357	1782730731	386288
17928068610	672909	20	8	671436	11736729	2052982	9683747	1782753773	386288
17928661082	672909	22	8	671436	11737164	2053049	9684115	1782776339	386288
17929425080	672909	22	8	671436	11737616	2053123	9684493	1782799910	386288
17930194504	672909	17	8	671436	11738049	2053183	9684866	1782822352	386288
17930819015	672909	20	8	671436	11738510	2053261	9685249	1782846151	386288
17931250220	672909	21	8	671436	11738921	2053311	9685610	1782867526	386288
17931968575	672909	19	8	671436	11739366	2053378	9685988	1782890575	386288
17932766412	672909	16	8	671436	11739799	2053436	9686363	1782912827	386288
17933755523	672909	16	8	671436	11740225	2053482	9686743	1782934827	386288
17934600022	672909	21	8	671436	11740693	2053548	9687145	1782958910	386288
17935152044	672909	18	8	671436	11741121	2053598	9687523	1782980834	386288
17935980849	672909	19	8	671436	11741553	2053669	9687884	1783003208	386288
17936561715	672909	23	8	671436	11741990	2053736	9688254	1783025955	386288
17937500200	672909	20	8	671436	11742425	2053790	9688635	1783048192	386288
17938013583	672909	20	8	671436	11742863	2053850	9689013	1783070972	386288
17938557604	672909	16	8	671436	11743281	2053914	9689367	1783092660	386288
17939470716	672910	20	8	671437	11743732	2053972	9689760	1783115711	386287
17940226179	672910	21	8	671437	11744153	2054019	9690134	1783137484	386287
17941091073	672910	20	8	671437	11744603	2054086	9690517	1783160810	386287
17941769200	672910	19	8	671437	11745044	2054151	9690893	1783183447	386287
17942388498	672910	22	8	671437	11745481	2054213	9691268	1783206099	386287
17943133663	672910	22	8	671437	11745930	2054276	9691654	1783229308	386287
17943785705	672910	18	8	671437	11746348	2054328	9692020	1783250777	386287
17944735079	672910	21	8	671437	11746794	2054394	9692400	1783273882	386287
17945384232	672910	21	8	671437	11747223	2054453	9692770	1783296055	386287
17946000042	672911	17	8	671438	11747654	2054510	9693144	1783318243	386286
17946663611	672911	18	8	671438	11748097	2054568	9693529	1783340899	386286
17947352676	672911	20	8	671438	11748553	2054636	9693917	1783364488	386286
17948323918	672912	21	8	671439	11749016	2054707	9694309	1783388515	386285
17949006258	672912	18	8	671439	11749456	2054777	9694679	1783411272	386285
17949661683	672912	21	8	671439	11749872	2054828	9695044	1783432627	386285
17950460737	672912	22	8	671439	11750332	2054899	9695433	1783456511	386285
17951265443	672912	17	8	671439	11750766	2054951	9695815	1783478743	386285
17951961940	672912	20	8	671439	11751201	2055017	9696184	1783501397	386285
17952707471	672912	24	8	671439	11751658	2055089	9696569	1783524954	386285
17953285634	672912	21	8	671439	11752096	2055149	9696947	1783547529	386285
17953835045	672912	17	8	671439	11752529	2055208	9697321	1783569782	386285
17954420054	672912	21	8	671439	11752973	2055269	9697704	1783592509	386285
17955077090	672912	23	8	671439	11753422	2055326	9698096	1783615518	386285
17956053342	672912	21	8	671439	11753864	2055390	9698474	1783638397	386285
17956875735	672912	17	8	671439	11754294	2055439	9698855	1783660345	386285
17957468430	672912	20	8	671439	11754730	2055499	9699231	1783682850	386285
17958101859	672912	22	8	671439	11755189	2055569	9699620	1783706528	386285
17958677067	672912	18	8	671439	11755618	2055632	9699986	1783728638	386285
17959353264	672912	20	8	671439	11756044	2055695	9700349	1783750677	386285
17960154146	672912	21	8	671439	11756506	2055760	9700746	1783774517	386285
17960849203	672912	16	8	671439	11756911	2055817	9701094	1783795827	386285
17961563025	672912	20	8	671439	11757356	2055885	9701471	1783818765	386285
17962352247	672912	22	8	671439	11757816	2055945	9701871	1783842338	386285
17963140882	672912	18	8	671439	11758254	2056001	9702253	1783864825	386285
17963835009	672912	17	8	671439	11758694	2056062	9702632	1783887508	386285
17964671460	672912	19	8	671439	11759123	2056121	9703002	1783909562	386285
17965398467	672912	22	8	671439	11759555	2056180	9703375	1783931997	386285
17966234883	672912	19	8	671439	11759995	2056244	9703751	1783954714	386285
17966784489	672912	20	8	671439	11760415	2056300	9704115	1783976476	386285
17967709102	672912	20	8	671439	11760868	2056359	9704509	1783999916	386285
17968385705	672912	19	8	671439	11761319	2056427	9704892	1784023142	386285
17969036687	672912	20	8	671439	11761745	2056489	9705256	1784045182	386285
17969966602	672912	20	8	671439	11762202	2056560	9705642	1784068862	386285
17970908042	672912	18	8	671439	11762649	2056619	9706030	1784091784	386285
17971543343	672912	18	8	671439	11763074	2056679	9706395	1784113898	386285
17972367390	672912	22	8	671439	11763511	2056740	9706771	1784136438	386285
17973190707	672912	22	8	671439	11763959	2056809	9707150	1784159632	386285
17973736774	672912	15	8	671439	11764383	2056866	9707517	1784181469	386285
17974661085	672912	20	8	671439	11764826	2056922	9707904	1784204234	386285
17975370791	672915	21	8	671442	11765256	2056987	9708269	1784236982	386282
17976024266	672915	19	8	671442	11765693	2057051	9708642	1784259630	386282
17976818209	672915	19	8	671442	11766123	2057098	9709025	1784281547	386282
17977464576	672915	21	8	671442	11766573	2057164	9709409	1784304809	386282
17978161780	672915	22	8	671442	11766996	2057225	9709771	1784326707	386282
17978953887	672915	21	8	671442	11767464	2057295	9710169	1784350778	386282
17979629484	672915	17	8	671442	11767887	2057358	9710529	1784372685	386282
17980295832	672915	14	8	671442	11768293	2057405	9710888	1784393567	386282
17980952649	672915	21	8	671442	11768737	2057464	9711273	1784416540	386282
17981710047	672915	18	8	671442	11769171	2057527	9711644	1784438885	386282
17982323544	672915	17	8	671442	11769596	2057589	9712007	1784460888	386282
17982984222	672915	22	8	671442	11770023	2057642	9712381	1784482773	386282
17983596899	672915	23	8	671442	11770470	2057711	9712759	1784505872	386282
17984185154	672915	21	8	671442	11770925	2057782	9713143	1784529582	386282
17985083517	672915	16	8	671442	11771342	2057837	9713505	1784551127	386282
17985862003	672915	19	8	671442	11771787	2057901	9713886	1784574161	386282
17986631366	672915	19	8	671442	11772233	2057964	9714269	1784597097	386282
17987211953	672915	17	8	671442	11772669	2058031	9714638	1784619646	386282
17987914692	672915	22	8	671442	11773099	2058089	9715010	1784641741	386282
17988632008	672915	20	8	671442	11773539	2058139	9715400	1784664479	386282
17989361522	672915	16	8	671442	11773966	2058200	9715766	1784686658	386282
17989962959	672915	19	8	671442	11774390	2058256	9716134	1784708465	386282
17990778425	672915	20	8	671442	11774845	2058320	9716525	1784731882	386282
17991761234	672915	21	8	671442	11775291	2058390	9716901	1784755020	386282
17992534632	672915	19	8	671442	11775729	2058455	9717274	1784777438	386282
17993168716	672915	22	8	671442	11776179	2058521	9717658	1784800662	386282
17993773101	672915	16	8	671442	11776617	2058587	9718030	1784823293	386282
17994333527	672915	18	8	671442	11777077	2058658	9718419	1784846927	386282
17995030358	672915	19	8	671442	11777513	2058718	9718795	1784869414	386282
17995725296	672915	18	8	671442	11777941	2058772	9719169	1784891449	386282
17996150690	672915	21	8	671442	11778385	2058834	9719551	1784914119	386282
17996876729	672915	18	8	671442	11778815	2058897	9719918	1784936516	386282
17997494144	672916	17	8	671443	11779255	2058964	9720291	1784959309	386281
17998216227	672916	20	8	671443	11779700	2059027	9720673	1784982129	386281
17998911017	672916	20	8	671443	11780144	2059091	9721053	1785005035	386281
17999706652	672916	18	8	671443	11780579	2059156	9721423	1785027689	386281
18000508853	672916	20	8	671443	11781018	2059213	9721805	1785050310	386281
18001418284	672916	21	8	671443	11781465	2059266	9722199	1785073078	386281
18002201589	672916	22	8	671443	11781919	2059341	9722578	1785096662	386281
18002893204	672916	19	8	671443	11782359	2059404	9722955	1785119398	386281
18003564621	672916	18	8	671443	11782810	2059470	9723340	1785142597	386281
18004363781	672916	20	8	671443	11783262	2059529	9723733	1785165689	386281
18005168131	672916	22	8	671443	11783715	2059585	9724130	1785189049	386281
18005845254	672916	16	8	671443	11784134	2059646	9724488	1785210774	386281
18006435967	672916	18	8	671443	11784575	2059721	9724854	1785233524	386281
18007155994	672916	19	8	671443	11785036	2059786	9725250	1785257299	386281
18007985897	672916	21	8	671443	11785472	2059844	9725628	1785279963	386281
18008566912	672916	22	8	671443	11785882	2059898	9725984	1785301105	386281
18009123578	672916	21	8	671443	11786277	2059954	9726323	1785321695	386281
18009862865	672916	18	8	671443	11786698	2060006	9726692	1785343232	386281
18010660193	672916	23	8	671443	11787142	2060074	9727068	1785366293	386281
18011480566	672916	18	8	671443	11787576	2060125	9727451	1785388601	386281
18012184390	672916	19	8	671443	11788024	2060185	9727839	1785411540	386281
18012875821	672916	22	8	671443	11788447	2060239	9728208	1785433494	386281
18013626924	672916	20	8	671443	11788886	2060297	9728589	1785456065	386281
18014452542	672916	18	8	671443	11789303	2060354	9728949	1785477744	386281
18015147520	672916	16	8	671443	11789734	2060412	9729322	1785499952	386281
18015972769	672916	20	8	671443	11790171	2060465	9729706	1785522513	386281
18016770237	672916	18	8	671443	11790582	2060512	9730070	1785543656	386281
18017641086	672916	20	8	671443	11791008	2060556	9730452	1785565398	386281
18018425248	672916	21	8	671443	11791450	2060618	9730832	1785588258	386281
18019169656	672916	19	8	671443	11791889	2060674	9731215	1785610903	386281
18019807420	672916	19	8	671443	11792327	2060736	9731591	1785633353	386281
18020497251	672916	21	8	671443	11792758	2060804	9731954	1785655686	386281
18021355041	672916	19	8	671443	11793205	2060862	9732343	1785678761	386281
18022082154	672916	18	8	671443	11793634	2060919	9732715	1785700930	386281
18022910176	672916	18	8	671443	11794057	2060984	9733073	1785722724	386281
18023684175	672916	21	8	671443	11794499	2061039	9733460	1785745477	386281
18024281296	672916	17	8	671443	11794930	2061099	9733831	1785767811	386281
18025036008	672916	16	8	671443	11795368	2061158	9734210	1785790389	386281
18025888673	672916	23	8	671443	11795798	2061205	9734593	1785812544	386281
18026540482	672916	21	8	671443	11796245	2061265	9734980	1785835409	386281
18027482386	672916	16	8	671443	11796678	2061327	9735351	1785857864	386281
18028214179	672916	18	8	671443	11797145	2061402	9735743	1785882012	386281
18028700149	672916	20	8	671443	11797573	2061462	9736111	1785904024	386281
18029525747	672916	21	8	671443	11798007	2061527	9736480	1785926654	386281
18030130448	672916	16	8	671443	11798432	2061586	9736846	1785948652	386281
18031105307	672916	17	8	671443	11798874	2061651	9737223	1785971571	386281
18031868614	672916	24	8	671443	11799324	2061721	9737603	1785994915	386281
18032311619	672916	21	8	671443	11799758	2061788	9737970	1786017414	386281
18033236903	672916	18	8	671443	11800196	2061842	9738354	1786039889	386281
18033865353	672916	22	8	671443	11800651	2061916	9738735	1786063469	386281
18034676101	672916	17	8	671443	11801091	2061968	9739123	1786085911	386281
18035263309	672916	17	8	671443	11801520	2062038	9739482	1786108303	386281
18036131518	672916	19	8	671443	11801952	2062108	9739844	1786130867	386281
18036689990	672916	20	8	671443	11802383	2062165	9740218	1786152915	386281
18037329385	672916	18	8	671443	11802822	2062218	9740604	1786175443	386281
18038099335	672916	18	8	671443	11803261	2062279	9740982	1786198099	386281
18038998408	672916	25	8	671443	11803718	2062341	9741377	1786221370	386281
18039556189	672916	20	8	671443	11804156	2062398	9741758	1786244021	386281
18040236218	672916	18	8	671443	11804589	2062457	9742132	1786266370	386281
18040959736	672916	17	8	671443	11805037	2062516	9742521	1786289366	386281
18041905847	672916	19	8	671443	11805491	2062586	9742905	1786312708	386281
18042736028	672916	21	8	671443	11805936	2062645	9743291	1786335694	386281
18043317931	672916	19	8	671443	11806375	2062704	9743671	1786358291	386281
18044345082	672916	22	8	671443	11806841	2062768	9744073	1786382041	386281
18044973718	672916	21	8	671443	11807267	2062826	9744441	1786404062	386281
18045718124	672916	16	8	671443	11807706	2062889	9744817	1786426661	386281
18046575459	672916	21	8	671443	11808128	2062939	9745189	1786448538	386281
18047321326	672916	23	8	671443	11808560	2063003	9745557	1786470868	386281
18048526100	672916	22	8	671443	11809024	2063071	9745953	1786494793	386281
18049256088	672916	17	8	671443	11809471	2063138	9746333	1786517754	386281
18050198764	672916	18	8	671443	11809917	2063202	9746715	1786540819	386281
18050851184	672916	22	8	671443	11810353	2063260	9747093	1786563224	386281
18051626986	672916	18	8	671443	11810779	2063320	9747459	1786585348	386281
18052290156	672916	19	8	671443	11811213	2063371	9747842	1786607625	386281
18053212495	672916	21	8	671443	11811659	2063430	9748229	1786630544	386281
18053729284	672916	16	8	671443	11812093	2063493	9748600	1786653182	386281
18054324109	672916	17	8	671443	11812523	2063551	9748972	1786675262	386281
18055078442	672916	23	8	671443	11812968	2063610	9749358	1786698029	386281
18056077876	672916	21	8	671443	11813425	2063674	9749751	1786721826	386281
18057124649	672916	21	8	671443	11813858	2063731	9750127	1786743924	386281
18057828284	672916	18	8	671443	11814301	2063795	9750506	1786766782	386281
18058502302	672916	23	8	671443	11814742	2063860	9750882	1786789437	386281
18059272465	672916	17	8	671443	11815178	2063912	9751266	1786811861	386281
18059846613	672916	16	8	671443	11815596	2063979	9751617	1786833593	386281
18060698976	672916	21	8	671443	11816054	2064042	9752012	1786857264	386281
18061544332	672916	22	8	671443	11816512	2064113	9752399	1786881154	386281
18062329189	672916	16	8	671443	11816955	2064182	9752773	1786904086	386281
18062978824	672916	21	8	671443	11817392	2064241	9753151	1786926535	386281
18063730805	672916	19	8	671443	11817828	2064290	9753538	1786948860	386281
18064331587	672916	18	8	671443	11818276	2064357	9753919	1786971932	386281
18065004088	672916	20	8	671443	11818715	2064419	9754296	1786994607	386281
18065819519	672916	23	8	671443	11819159	2064481	9754678	1787017274	386281
18066420115	672916	20	8	671443	11819586	2064553	9755033	1787039633	386281
18067094643	672916	20	8	671443	11820021	2064612	9755409	1787061943	386280
18067728271	672918	19	8	671445	11820471	2064669	9755802	1787118494	386280
18068617103	672918	21	8	671445	11820913	2064728	9756185	1787141127	386280
18069535436	672918	23	8	671445	11821356	2064784	9756572	1787164053	386280
18070511979	672918	18	8	671445	11821808	2064857	9756951	1787187462	386280
18071148913	672918	20	8	671445	11822235	2064918	9757317	1787209710	386280
18071911551	672918	20	8	671445	11822676	2064983	9757693	1787232475	386280
18072432790	672918	20	8	671445	11823116	2065042	9758074	1787254992	386280
18073049085	672918	19	8	671445	11823555	2065099	9758456	1787277546	386280
18073783764	672918	19	8	671445	11823999	2065163	9758836	1787300405	386280
18074407378	672918	18	8	671445	11824450	2065229	9759221	1787323562	386280
18075163378	672918	19	8	671445	11824875	2065280	9759595	1787345320	386279
18075836971	672920	20	8	671447	11825305	2065345	9759960	1787398610	386279
18076572276	672920	19	8	671447	11825757	2065415	9760342	1787421946	386279
18077606290	672921	22	8	671448	11826210	2065470	9760740	1787445093	386278
18078350252	672921	19	8	671448	11826659	2065525	9761134	1787468084	386278
18079102621	672921	20	8	671448	11827098	2065590	9761508	1787490746	386278
18079779570	672921	18	8	671448	11827535	2065647	9761888	1787513102	386278
18080664136	672921	24	8	671448	11827991	2065710	9762281	1787536751	386278
18081416588	672921	15	8	671448	11828420	2065763	9762657	1787558831	386278
18082010801	672921	18	8	671448	11828852	2065828	9763024	1787581111	386278
18083235485	672921	21	8	671448	11829308	2065885	9763423	1787604513	386278
18084119025	672921	21	8	671448	11829775	2065949	9763826	1787628331	386278
18084821218	672921	16	8	671448	11830200	2066012	9764188	1787650378	386278
18085210688	672921	20	8	671448	11830617	2066073	9764544	1787672139	386278
18085999183	672921	19	8	671448	11831048	2066130	9764918	1787694369	386278
18086867118	672921	20	8	671448	11831493	2066194	9765299	1787717452	386278
18087578833	672921	18	8	671448	11831922	2066256	9765666	1787739621	386278
18088112736	672921	21	8	671448	11832379	2066331	9766048	1787763353	386278
18088737415	672921	18	8	671448	11832821	2066407	9766414	1787786356	386278
18089498871	672921	18	8	671448	11833254	2066467	9766787	1787808719	386278
18090349899	672921	23	8	671448	11833688	2066515	9767173	1787830729	386278
18091150119	672921	19	8	671448	11834123	2066570	9767553	1787853353	386278
18091806565	672921	18	8	671448	11834541	2066629	9767912	1787874941	386278
18092575324	672921	19	8	671448	11834995	2066700	9768295	1787898525	386278
18093549114	672923	20	8	671450	11835458	2066775	9768683	1787946491	386276
18094200061	672923	20	8	671450	11835892	2066837	9769055	1787968879	386276
18094838257	672923	21	8	671450	11836315	2066894	9769421	1787990923	386276
18095366660	672923	18	8	671450	11836748	2066960	9769788	1788013351	386276
18096004678	672923	21	8	671450	11837187	2067014	9770173	1788035887	386276
18096718655	672923	19	8	671450	11837636	2067087	9770549	1788059050	386276
18097396801	672923	20	8	671450	11838095	2067150	9770945	1788082504	386276
18097980344	672923	20	8	671450	11838512	2067212	9771300	1788104171	386276
18098701958	672923	20	8	671450	11838955	2067269	9771686	1788127030	386276
18099202819	672923	19	8	671450	11839407	2067344	9772063	1788150200	386276
18099814253	672923	20	8	671450	11839853	2067416	9772437	1788173344	386276
18100573813	672923	19	8	671450	11840277	2067470	9772807	1788195235	386276
18101303880	672923	21	8	671450	11840721	2067522	9773199	1788217941	386276
18102049168	672923	19	8	671450	11841167	2067589	9773578	1788240962	386276
18102692482	672923	21	8	671450	11841613	2067663	9773950	1788264253	386276
18103378140	672923	18	8	671450	11842040	2067727	9774313	1788286301	386276
18104072261	672923	21	8	671450	11842475	2067784	9774691	1788308705	386276
18104798327	672923	18	8	671450	11842918	2067843	9775075	1788331457	386276
18105291591	672923	19	8	671450	11843375	2067922	9775453	1788355233	386276
18106092828	672923	23	8	671450	11843798	2067974	9775824	1788377121	386276
18106745951	672923	19	8	671450	11844210	2068026	9776184	1788398432	386276
18107398126	672923	18	8	671450	11844646	2068089	9776557	1788420896	386276
18108100996	672923	23	8	671450	11845086	2068148	9776938	1788443576	386276
18108763162	672923	17	8	671450	11845517	2068204	9777313	1788465825	386276
18109455802	672923	16	8	671450	11845951	2068264	9777687	1788488054	386276
18110446992	672923	20	8	671450	11846410	2068325	9778085	1788511475	386276
18111149685	672923	24	8	671450	11846856	2068383	9778473	1788534599	386276
18111829502	672923	18	8	671450	11847272	2068440	9778832	1788556191	386276
18112447689	672923	19	8	671450	11847679	2068489	9779190	1788576983	386276
18113231237	672923	24	8	671450	11848127	2068543	9779584	1788599962	386276
18113902009	672923	19	8	671450	11848536	2068597	9779939	1788621267	386276
18114726908	672923	16	8	671450	11848976	2068658	9780318	1788643953	386276
18115367028	672923	18	8	671450	11849397	2068723	9780674	1788665764	386276
18116093247	672923	23	8	671450	11849839	2068787	9781052	1788688524	386276
18116722005	672923	20	8	671450	11850267	2068847	9781420	1788710801	386276
18117314529	672923	17	8	671450	11850706	2068907	9781799	1788733225	386276
18118067710	672923	19	8	671450	11851118	2068968	9782150	1788754747	386276
18118664778	672923	23	8	671450	11851535	2069018	9782517	1788776167	386276
18119316703	672923	21	8	671450	11851985	2069087	9782898	1788799317	386276
18120125845	672923	17	8	671450	11852409	2069143	9783266	1788821441	386276
18120736947	672923	18	8	671450	11852838	2069203	9783635	1788843481	386276
18121336875	672923	21	8	671450	11853269	2069269	9784000	1788865880	386276
18122373991	672923	19	8	671450	11853708	2069324	9784384	1788888430	386276
18123030513	672923	16	8	671450	11854133	2069380	9784753	1788910346	386276
18123812610	672923	20	8	671450	11854585	2069444	9785141	1788933590	386276
18124698313	672923	22	8	671450	11855020	2069498	9785522	1788956037	386276
18125295648	672923	19	8	671450	11855459	2069558	9785901	1788978595	386276
18125969095	672923	17	8	671450	11855900	2069624	9786276	1789001483	386276
18126776965	672923	20	8	671450	11856357	2069689	9786668	1789025028	386276
18127425176	672923	17	8	671450	11856796	2069754	9787042	1789047750	386276
18127952840	672923	18	8	671450	11857211	2069812	9787399	1789069268	386276
18128600638	672923	18	8	671450	11857644	2069879	9787765	1789091678	386276
18129323572	672923	21	8	671450	11858074	2069935	9788139	1789113992	386276
18129908931	672923	19	8	671450	11858503	2069999	9788504	1789136302	386276
18130501412	672923	18	8	671450	11858950	2070063	9788887	1789159307	386276
18131265549	672924	18	8	671451	11859392	2070128	9789264	1789182320	386275
18132018019	672924	20	8	671451	11859833	2070185	9789648	1789204854	386275
18132806282	672924	21	8	671451	11860295	2070254	9790041	1789228702	386275
18133878505	672924	21	8	671451	11860766	2070322	9790444	1789252878	386275
18134530608	672924	21	8	671451	11861200	2070387	9790813	1789275365	386275
18135120539	672924	19	8	671451	11861643	2070452	9791191	1789298101	386275
18135858721	672924	19	8	671451	11862053	2070501	9791552	1789319341	386275
18136450698	672924	18	8	671451	11862499	2070575	9791924	1789342575	386275
18137114162	672924	18	8	671451	11862928	2070631	9792297	1789364667	386275
18137787281	672924	20	8	671451	11863385	2070704	9792681	1789388334	386275
18138535690	672924	20	8	671451	11863829	2070771	9793058	1789411305	386275
18139415904	672924	22	8	671451	11864259	2070832	9793427	1789433662	386275
18140101727	672924	19	8	671451	11864676	2070889	9793787	1789455253	386275
18140799985	672924	19	8	671451	11865118	2070943	9794175	1789477972	386275
18141493095	672924	20	8	671451	11865561	2071008	9794553	1789500930	386275
18142314976	672924	18	8	671451	11866010	2071074	9794936	1789524078	386275
18143037829	672924	18	8	671451	11866443	2071123	9795320	1789546175	386275
18143402027	672924	17	8	671451	11866864	2071178	9795686	1789567865	386275
18144117107	672924	21	8	671451	11867300	2071239	9796061	1789590326	386275
18144663970	672924	22	8	671451	11867737	2071300	9796437	1789612896	386275
18145516296	672924	20	8	671451	11868182	2071367	9796815	1789635913	386275
18146109351	672924	21	8	671451	11868625	2071434	9797191	1789658870	386275
18146763750	672924	18	8	671451	11869064	2071496	9797568	1789681466	386275
18147403844	672924	20	8	671451	11869514	2071561	9797953	1789704714	386275
18148216406	672925	21	8	671452	11869958	2071628	9798330	1789727577	386274
18148893188	672925	23	8	671452	11870406	2071688	9798718	1789750723	386274
18149674492	672925	20	8	671452	11870870	2071754	9799116	1789774345	386274
18150280963	672925	17	8	671452	11871285	2071806	9799479	1789796021	386274
18151041035	672925	15	8	671452	11871730	2071866	9799864	1789818823	386274
18151901593	672925	21	8	671452	11872165	2071927	9800238	1789841194	386274
18152518947	672925	24	8	671452	11872613	2072003	9800610	1789864590	386274
18153243235	672925	15	8	671452	11873035	2072057	9800978	1789886404	386274
18153940924	672925	19	8	671452	11873451	2072112	9801339	1789907863	386274
18154562111	672925	26	8	671452	11873903	2072182	9801721	1789931129	386274
18155168525	672925	18	8	671452	11874335	2072245	9802090	1789953615	386274
18156005432	672925	16	8	671452	11874764	2072298	9802466	1789975706	386274
18156687303	672925	21	8	671452	11875215	2072367	9802848	1789998971	386274
18157219311	672925	21	8	671452	11875641	2072428	9803213	1790020956	386274
18158055036	672925	21	8	671452	11876080	2072496	9803584	1790043924	386274
18158806414	672925	20	8	671452	11876514	2072558	9803956	1790066308	386274
18159543584	672925	21	8	671452	11876960	2072625	9804335	1790089361	386274
18160428763	672925	21	8	671452	11877404	2072687	9804717	1790112299	386274
18161271441	672925	20	8	671452	11877857	2072747	9805110	1790135558	386274
18162035494	672925	17	8	671452	11878282	2072807	9805475	1790157418	386274
18162838591	672925	19	8	671452	11878707	2072863	9805844	1790179399	386274
18163467963	672925	20	8	671452	11879159	2072931	9806228	1790202706	386274
18164071049	672925	20	8	671452	11879582	2072998	9806584	1790224862	386274
18164803669	672925	20	8	671452	11880012	2073039	9806973	1790246808	386274
18165576028	672925	20	8	671452	11880445	2073089	9807356	1790269070	386274
18166419902	672925	18	8	671452	11880906	2073161	9807745	1790292738	386274
18167286624	672925	23	8	671452	11881342	2073225	9808117	1790315401	386274
18167883347	672925	19	8	671452	11881762	2073283	9808479	1790337263	386274
18168765838	672925	19	8	671452	11882210	2073334	9808876	1790360229	386274
18169438558	672925	18	8	671452	11882640	2073393	9809247	1790382378	386274
18170111474	672925	24	8	671452	11883073	2073449	9809624	1790404750	386274
18170867279	672925	20	8	671452	11883506	2073511	9809995	1790427224	386274
18171700773	672925	19	8	671452	11883919	2073559	9810360	1790448540	386274
18172400631	672925	18	8	671452	11884364	2073623	9810741	1790471451	386274
18173074781	672925	22	8	671452	11884810	2073688	9811122	1790494451	386274
18173587054	672925	22	8	671452	11885228	2073753	9811475	1790516090	386274
18174414683	672925	16	8	671452	11885632	2073798	9811834	1790536892	386274
18174970776	672925	18	8	671452	11886059	2073859	9812200	1790558980	386274
18175730756	672925	20	8	671452	11886487	2073922	9812565	1790581135	386274
18176468404	672925	22	8	671452	11886914	2073991	9812923	1790603376	386274
18177087514	672925	19	8	671452	11887329	2074045	9813284	1790624783	386274
18177675536	672925	19	8	671452	11887742	2074109	9813633	1790646206	386274
18178145716	672925	20	8	671452	11888173	2074170	9814003	1790668262	386274
18178829541	672925	19	8	671452	11888589	2074221	9814368	1790689650	386274
18179643301	672925	19	8	671452	11889018	2074283	9814735	1790711883	386274
18180400896	672925	21	8	671452	11889438	2074338	9815100	1790733537	386274
18181217331	672925	21	8	671452	11889865	2074396	9815469	1790755597	386274
18181906457	672925	16	8	671452	11890282	2074458	9815824	1790777298	386274
18182558226	672925	17	8	671452	11890698	2074529	9816169	1790798914	386274
18183171325	672925	22	8	671452	11891137	2074591	9816546	1790821479	386274
18183803586	672925	21	8	671452	11891551	2074656	9816895	1790843186	386274
18184341873	672925	18	8	671452	11891959	2074708	9817251	1790864212	386274
18185096880	672925	20	8	671452	11892376	2074761	9817615	1790885581	386274
18185834014	672925	18	8	671452	11892798	2074821	9817977	1790907339	386274
18186511710	672925	24	8	671452	11893227	2074885	9818342	1790929625	386274
18187148328	672926	18	8	671453	11893638	2074944	9818694	1790953694	386274
18187757153	672926	14	8	671453	11894038	2075000	9819038	1790974476	386274
18188555053	672926	18	8	671453	11894467	2075061	9819406	1790996691	386274
18189345978	672926	20	8	671453	11894906	2075119	9819787	1791019033	386274
18189911572	672926	22	8	671453	11895325	2075185	9820140	1791040582	386274
18190665554	672926	17	8	671453	11895751	2075246	9820505	1791062723	386274
18191594816	672926	16	8	671453	11896156	2075295	9820861	1791083556	386274
18192075533	672926	20	8	671453	11896581	2075356	9821225	1791105488	386274
18192676704	672926	21	8	671453	11897016	2075423	9821593	1791127870	386274
18193375726	672926	17	8	671453	11897424	2075480	9821944	1791149138	386274
18193925053	672926	18	8	671453	11897854	2075543	9822311	1791171239	386274
18194677530	672926	21	8	671453	11898291	2075604	9822687	1791193693	386274
18195565590	672926	20	8	671453	11898714	2075663	9823051	1791215513	386274
18196251883	672926	20	8	671453	11899138	2075732	9823406	1791237371	386274
18196939878	672926	19	8	671453	11899571	2075790	9823781	1791259740	386274
18197523557	672926	18	8	671453	11900010	2075855	9824155	1791282439	386274
18198012413	672926	16	8	671453	11900410	2075909	9824501	1791303073	386274
18198813663	672926	20	8	671453	11900828	2075964	9824864	1791324619	386274
18199405144	672926	21	8	671453	11901216	2076016	9825200	1791344825	386274
18200002080	672926	18	8	671453	11901607	2076067	9825540	1791364986	386274
18200721564	672926	16	8	671453	11902026	2076127	9825899	1791386418	386274
18201229131	672926	22	8	671453	11902431	2076188	9826243	1791407384	386274
18201891843	672926	18	8	671453	11902824	2076242	9826582	1791427735	386274
18202543967	672926	19	8	671453	11903226	2076303	9826923	1791448559	386274
18203100409	672926	20	8	671453	11903618	2076357	9827261	1791468712	386274
18203642760	672926	18	8	671453	11904017	2076412	9827605	1791489314	386274
18204172726	672926	19	8	671453	11904420	2076471	9827949	1791510137	386274
18204742160	672926	18	8	671453	11904832	2076526	9828306	1791531288	386274
18205443816	672926	19	8	671453	11905247	2076587	9828660	1791552665	386274
18205952034	672926	20	8	671453	11905648	2076644	9829004	1791573296	386274
18206527471	672926	20	8	671453	11906065	2076708	9829357	1791594853	386274
18207266666	672926	17	8	671453	11906474	2076766	9829708	1791615819	386274
18207981087	672926	19	8	671453	11906874	2076824	9830050	1791636570	386274
18208762156	672926	18	8	671453	11907284	2076882	9830402	1791657633	386274
18209553762	672926	19	8	671453	11907680	2076925	9830755	1791677850	386274
18210040036	672926	16	8	671453	11908077	2076979	9831098	1791698435	386274
18210688844	672926	18	8	671453	11908477	2077031	9831446	1791718956	386274
18211388367	672926	20	8	671453	11908873	2077083	9831790	1791739405	386274
18212027594	672926	22	8	671453	11909270	2077138	9832132	1791759854	386274
18212579594	672926	16	8	671453	11909667	2077195	9832472	1791780517	386274
18213327003	672926	17	8	671453	11910054	2077238	9832816	1791800378	386274
18214070622	672926	21	8	671453	11910473	2077301	9833172	1791822047	386274
18214663675	672926	18	8	671453	11910855	2077353	9833502	1791841802	386274
18215368217	672926	16	8	671453	11911256	2077410	9833846	1791862497	386274
18216192114	672926	19	8	671453	11911657	2077467	9834190	1791883294	386274
18216890096	672926	18	8	671453	11912037	2077518	9834519	1791902943	386274
18217576126	672926	24	8	671453	11912440	2077571	9834869	1791923663	386274
18218249408	672926	15	8	671453	11912820	2077625	9835195	1791943496	386274
18218983328	672926	16	8	671453	11913221	2077688	9835533	1791964322	386274
18219562565	672926	20	8	671453	11913628	2077740	9835888	1791985177	386274
18220153663	672926	20	8	671453	11914028	2077791	9836237	1792005732	386274
18220683657	672926	18	8	671453	11914418	2077837	9836581	1792025595	386274
18221352887	672926	16	8	671453	11914806	2077893	9836913	1792045750	386274
18222074054	672926	20	8	671453	11915234	2077955	9837279	1792067922	386274
18222812062	672926	20	8	671453	11915646	2078007	9837639	1792088998	386274
18223624356	672926	18	8	671453	11916036	2078052	9837984	1792108959	386274
18224473318	672926	19	8	671453	11916442	2078107	9838335	1792129699	386274
18225275299	672926	19	8	671453	11916871	2078167	9838704	1792151785	386274
18225855231	672926	17	8	671453	11917254	2078219	9839035	1792171662	386274
18226452980	672926	22	8	671453	11917653	2078276	9839377	1792192293	386274
18227118360	672926	22	8	671453	11918046	2078326	9839720	1792212500	386274
18227870888	672926	18	8	671453	11918446	2078384	9840062	1792233305	386274
18228574412	672926	17	8	671453	11918852	2078444	9840408	1792254264	386274
18229207882	672926	20	8	671453	11919245	2078492	9840753	1792274393	386274
18229762235	672926	22	8	671453	11919637	2078550	9841087	1792294843	386274
18230490457	672926	13	8	671453	11920040	2078603	9841437	1792315568	386274
18231051345	672926	18	8	671453	11920428	2078658	9841770	1792335617	386274
18231737121	672926	23	8	671453	11920836	2078719	9842117	1792356830	386274
18232318504	672926	18	8	671453	11921238	2078777	9842461	1792377527	386274
18232988237	672926	17	8	671453	11921626	2078831	9842795	1792397621	386274
18233518822	672926	14	8	671453	11921998	2078883	9843115	1792416958	386274
18234232739	672926	19	8	671453	11922428	2078942	9843486	1792439084	386274
18234881920	672926	22	8	671453	11922840	2079013	9843827	1792460589	386274
18235574257	672926	18	8	671453	11923239	2079078	9844161	1792481303	386274
18236289840	672926	17	8	671453	11923645	2079141	9844504	1792502182	386274
18237012522	672926	19	8	671453	11924049	2079203	9844846	1792523268	386274
18237795022	672926	18	8	671453	11924474	2079261	9845213	1792544944	386274
18238424917	672926	19	8	671453	11924872	2079316	9845556	1792565527	386274
18239131532	672926	18	8	671453	11925267	2079367	9845900	1792585855	386274
18239979834	672926	20	8	671453	11925680	2079423	9846257	1792607190	386274
18240463323	672926	16	8	671453	11926081	2079478	9846603	1792627772	386274
18241302013	672926	13	8	671453	11926491	2079541	9846950	1792648831	386274
18242107490	672926	21	8	671453	11926887	2079587	9847300	1792669083	386274
18242690389	672926	17	8	671453	11927303	2079656	9847647	1792690684	386274
18243151625	672926	17	8	671453	11927682	2079703	9847979	1792710258	386274
18243658165	672926	18	8	671453	11928065	2079752	9848313	1792729995	386274
18244129296	672926	20	8	671453	11928470	2079807	9848663	1792750889	386274
18244656506	672927	19	8	671454	11928878	2079876	9849002	1792771887	386273
18245527036	672927	20	8	671454	11929286	2079933	9849353	1792792852	386273
18246086670	672927	17	8	671454	11929666	2079983	9849683	1792812605	386273
18246667629	672927	21	8	671454	11930068	2080036	9850032	1792833352	386273
18247316334	672927	18	8	671454	11930463	2080084	9850379	1792853608	386273
18248171331	672927	22	8	671454	11930852	2080137	9850715	1792873578	386273
18248808708	672927	18	8	671454	11931257	2080208	9851049	1792894809	386273
18249468901	672927	16	8	671454	11931668	2080275	9851393	1792916143	386273
18250118103	672927	17	8	671454	11932060	2080333	9851727	1792936528	386273
18250667619	672927	18	8	671454	11932442	2080386	9852056	1792956275	386273
18251259712	672927	20	8	671454	11932842	2080435	9852407	1792976884	386273
18251837118	672927	19	8	671454	11933245	2080490	9852755	1792997747	386273
18252553114	672927	16	8	671454	11933645	2080549	9853096	1793018441	386273
18253210752	672927	16	8	671454	11934022	2080599	9853423	1793037974	386273
18254126910	672927	24	8	671454	11934430	2080657	9853773	1793059069	386273
18254568630	672927	20	8	671454	11934838	2080724	9854114	1793080328	386273
18255312071	672927	14	8	671454	11935218	2080768	9854450	1793099822	386273
18255997401	672927	19	8	671454	11935626	2080830	9854796	1793120891	386273
18256638709	672927	22	8	671454	11936047	2080892	9855155	1793142711	386273
18257342865	672927	19	8	671454	11936457	2080946	9855511	1793163747	386273
18258070064	672927	17	8	671454	11936850	2081010	9855840	1793184042	386273
18258841473	672927	21	8	671454	11937250	2081060	9856190	1793204829	386273
18259498103	672927	17	8	671454	11937653	2081110	9856543	1793225579	386273
18260175405	672927	18	8	671454	11938045	2081157	9856888	1793245570	386273
18260795696	672927	20	8	671454	11938446	2081216	9857230	1793266375	386273
18261656724	672927	19	8	671454	11938864	2081268	9857596	1793287815	386273
18262217175	672927	17	8	671454	11939254	2081324	9857930	1793308050	386273
18262828663	672927	17	8	671454	11939654	2081381	9858273	1793328670	386273
18263616303	672927	21	8	671454	11940052	2081444	9858608	1793349575	386273
18264276434	672927	22	8	671454	11940458	2081496	9858962	1793370306	386273
18264904504	672927	19	8	671454	11940851	2081542	9859309	1793390481	386273
18265630323	672927	21	8	671454	11941235	2081588	9859647	1793410242	386273
18266182900	672927	20	8	671454	11941643	2081645	9859998	1793431256	386273
18266908706	672927	18	8	671454	11942050	2081700	9860350	1793452166	386273
18267463096	672927	19	8	671454	11942455	2081758	9860697	1793473082	386273
18268128568	672927	21	8	671454	11942856	2081813	9861043	1793493761	386273
18268763542	672927	21	8	671454	11943270	2081861	9861409	1793515080	386273
18269625555	672927	17	8	671454	11943670	2081913	9861757	1793535530	386273
18270439535	672927	20	8	671454	11944084	2081962	9862122	1793556715	386273
18271066913	672927	22	8	671454	11944483	2082021	9862462	1793577313	386273
18271599589	672927	20	8	671454	11944891	2082078	9862813	1793598427	386273
18272296239	672927	17	8	671454	11945298	2082146	9863152	1793619450	386273
18272926980	672927	18	8	671454	11945707	2082201	9863506	1793640597	386273
18273747459	672927	17	8	671454	11946125	2082272	9863853	1793662205	386273
18274374719	672927	19	8	671454	11946526	2082328	9864198	1793682816	386273
18274920464	672928	19	8	671455	11946943	2082396	9864547	1793704477	386272
18275733980	672928	20	8	671455	11947362	2082452	9864910	1793725954	386272
18276181956	672928	17	8	671455	11947761	2082514	9865247	1793746628	386272
18276807462	672928	20	8	671455	11948173	2082571	9865602	1793767709	386272
18277352005	672928	19	8	671455	11948582	2082634	9865948	1793788717	386272
18278112035	672928	16	8	671455	11948998	2082694	9866304	1793810320	386272
18278520117	672928	15	8	671455	11949385	2082747	9866638	1793830335	386272
18279140380	672928	18	8	671455	11949785	2082808	9866977	1793851096	386272
18279730743	672928	17	8	671455	11950177	2082856	9867321	1793871362	386272
18280481772	672928	19	8	671455	11950572	2082904	9867668	1793891706	386272
18281083052	672928	16	8	671455	11950969	2082961	9868008	1793912439	386272
18281848532	672928	17	8	671455	11951384	2083011	9868373	1793933455	386272
18282506519	672928	20	8	671455	11951795	2083083	9868712	1793954891	386272
18283253049	672928	22	8	671455	11952206	2083146	9869060	1793976261	386272
18283738550	672928	19	8	671455	11952604	2083201	9869403	1793996756	386272
18284479408	672928	15	8	671455	11952966	2083243	9869723	1794015323	386272
18285152758	672929	17	8	671456	11953373	2083301	9870072	1794036186	386271
18285868604	672929	21	8	671456	11953804	2083359	9870445	1794058287	386271
18286397003	672929	17	8	671456	11954198	2083420	9870778	1794078949	386271
18287071461	672929	20	8	671456	11954588	2083477	9871111	1794099081	386271
18287824218	672929	21	8	671456	11954999	2083531	9871468	1794120195	386271
18288460513	672929	17	8	671456	11955404	2083588	9871816	1794141196	386271
18289009974	672929	14	8	671456	11955785	2083646	9872139	1794161063	386271
18289729399	672929	18	8	671456	11956189	2083702	9872487	1794181726	386271
18290545817	672929	24	8	671456	11956611	2083758	9872853	1794203451	386271
18291102864	672929	20	8	671456	11957007	2083813	9873194	1794223935	386271
18291846543	672929	15	8	671456	11957399	2083866	9873533	1794244122	386271
18292400827	672929	20	8	671456	11957808	2083923	9873885	1794265176	386271
18292944925	672929	23	8	671456	11958205	2083990	9874215	1794285980	386271
18293659201	672929	15	8	671456	11958586	2084033	9874553	1794305601	386271
18294386539	672929	16	8	671456	11958977	2084082	9874895	1794325806	386271
18295129964	672929	21	8	671456	11959406	2084144	9875262	1794347753	386271
18295871563	672929	19	8	671456	11959803	2084189	9875614	1794368164	386271
18296500284	672929	16	8	671456	11960189	2084236	9875953	1794387940	386271
18297144369	672929	21	8	671456	11960573	2084285	9876288	1794407694	386271
18297921863	672929	17	8	671456	11960968	2084343	9876625	1794428252	386271
18298322889	672929	17	8	671456	11961360	2084404	9876956	1794448797	386271
18298944534	672929	16	8	671456	11961744	2084450	9877294	1794468515	386271
18299466621	672929	18	8	671456	11962137	2084506	9877631	1794488769	386271
18300127549	672929	21	8	671456	11962567	2084571	9877996	1794510980	386271
18300783147	672929	15	8	671456	11962956	2084624	9878332	1794531119	386271
18301494742	672929	15	8	671456	11963358	2084685	9878673	1794551676	386271
18302063343	672929	23	8	671456	11963767	2084746	9879021	1794572857	386271
18302935673	672930	19	8	671457	11964194	2084801	9879393	1794609794	386271
18303612025	672930	16	8	671457	11964600	2084857	9879743	1794630712	386271
18303953992	672930	19	8	671457	11964996	2084906	9880090	1794650998	386271
18304543123	672930	20	8	671457	11965390	2084952	9880438	1794671116	386271
18305254181	672930	22	8	671457	11965818	2085015	9880803	1794693270	386271
18305884406	672930	18	8	671457	11966197	2085063	9881134	1794712842	386271
18306427992	672930	18	8	671457	11966587	2085114	9881473	1794732881	386271
18307140344	672930	18	8	671457	11966999	2085189	9881810	1794754443	386271
18307869883	672930	20	8	671457	11967412	2085239	9882173	1794775434	386271
18308694812	672930	18	8	671457	11967817	2085297	9882520	1794796263	386271
18309444356	672930	18	8	671457	11968238	2085351	9882887	1794817734	386271
18310066398	672930	18	8	671457	11968636	2085411	9883225	1794838394	386271
18310963970	672930	17	8	671457	11969053	2085476	9883577	1794859929	386271
18311757698	672930	21	8	671457	11969486	2085544	9883942	1794882101	386271
18312185658	672930	21	8	671457	11969862	2085598	9884264	1794901737	386271
18312898822	672930	20	8	671457	11970269	2085654	9884615	1794922635	386271
18313473923	672930	16	8	671457	11970660	2085702	9884958	1794942604	386271
18314213976	672930	17	8	671457	11971057	2085750	9885307	1794962999	386271
18314932348	672930	19	8	671457	11971452	2085799	9885653	1794983338	386271
18315622691	672930	23	8	671457	11971875	2085861	9886014	1795005154	386271
18316224435	672930	17	8	671457	11972265	2085914	9886351	1795025425	386271
18316774530	672930	17	8	671457	11972646	2085964	9886682	1795045062	386271
18317543063	672930	19	8	671457	11973051	2086023	9887028	1795066095	386271
18317905703	672930	16	8	671457	11973432	2086080	9887352	1795085884	386271
18318399267	672930	14	8	671457	11973819	2086139	9887680	1795105956	386271
18319328830	672930	19	8	671457	11974246	2086201	9888045	1795127933	386271
18319917943	672930	17	8	671457	11974635	2086251	9888384	1795147954	386271
18320651002	672930	21	8	671457	11975023	2086298	9888725	1795168072	386271
18321337827	672930	20	8	671457	11975429	2086362	9889067	1795189102	386271
18321965574	672930	19	8	671457	11975823	2086417	9889406	1795209396	386271
18322589563	672930	15	8	671457	11976224	2086472	9889752	1795230007	386271
18323181061	672930	18	8	671457	11976621	2086523	9890098	1795250516	386271
18323727225	672930	20	8	671457	11977028	2086581	9890447	1795271529	386271
18324463479	672930	18	8	671457	11977422	2086641	9890781	1795292064	386271
18325307170	672930	19	8	671457	11977833	2086706	9891127	1795313194	386271
18325979063	672930	19	8	671457	11978244	2086770	9891474	1795334408	386271
18326569291	672930	21	8	671457	11978661	2086831	9891830	1795355966	386271
18327320958	672930	16	8	671457	11979039	2086880	9892159	1795375511	386271
18328050529	672930	21	8	671457	11979450	2086938	9892512	1795396699	386271
18328894880	672930	19	8	671457	11979855	2086987	9892868	1795417535	386271
18329469110	672931	17	8	671458	11980255	2087042	9893213	1795438246	386270
18330096029	672931	19	8	671458	11980647	2087098	9893549	1795458399	386270
18330794777	672931	20	8	671458	11981049	2087161	9893888	1795479290	386270
18331598105	672931	19	8	671458	11981448	2087210	9894238	1795499826	386270
18332296141	672931	16	8	671458	11981830	2087254	9894576	1795519564	386270
18333066034	672931	20	8	671458	11982237	2087304	9894933	1795540425	386270
18333747708	672931	21	8	671458	11982639	2087359	9895280	1795561164	386270
18334436853	672931	20	8	671458	11983035	2087415	9895620	1795581518	386270
18335103113	672931	17	8	671458	11983429	2087472	9895957	1795601949	386270
18335505959	672931	20	8	671458	11983825	2087520	9896305	1795622287	386270
18336012047	672931	21	8	671458	11984224	2087568	9896656	1795642759	386270
18336683548	672931	16	8	671458	11984609	2087620	9896989	1795662581	386270
18337392214	672931	18	8	671458	11985032	2087685	9897347	1795684319	386270
18338007224	672931	18	8	671458	11985442	2087744	9897698	1795705548	386270
18338818330	672931	18	8	671458	11985858	2087808	9898050	1795727028	386270
18339605594	672931	22	8	671458	11986244	2087867	9898377	1795747039	386270
18340406387	672931	23	8	671458	11986627	2087907	9898720	1795766776	386270
18341180671	672931	17	8	671458	11987035	2087964	9899071	1795787837	386270
18341840833	672931	17	8	671458	11987420	2088009	9899411	1795807570	386270
18342492220	672931	21	8	671458	11987825	2088061	9899764	1795828426	386270
18343338738	672931	19	8	671458	11988231	2088117	9900114	1795849320	386270
18344025106	672931	16	8	671458	11988614	2088160	9900454	1795868958	386270
18344708994	672931	17	8	671458	11989016	2088214	9900802	1795889677	386270
18345507139	672931	18	8	671458	11989420	2088267	9901153	1795910478	386270
18346219447	672931	18	8	671458	11989799	2088308	9901491	1795929964	386270
18346708140	672931	21	8	671458	11990187	2088362	9901825	1795949917	386270
18347288518	672931	21	8	671458	11990590	2088411	9902179	1795970604	386270
18347929688	672931	20	8	671458	11990988	2088464	9902524	1795991225	386270
18348860275	672931	16	8	671458	11991363	2088515	9902848	1796010662	386270
18349943489	672931	18	8	671458	11991789	2088576	9903213	1796032390	386270
18350506916	672931	19	8	671458	11992183	2088624	9903559	1796052709	386270
18351354316	672931	14	8	671458	11992594	2088681	9903913	1796073862	386270
18352125065	672931	18	8	671458	11992995	2088738	9904257	1796094642	386270
18352833356	672931	23	8	671458	11993414	2088800	9904614	1796116208	386270
18353399509	672931	21	8	671458	11993787	2088852	9904935	1796135473	386270
