bytes_written	total_items	curr_connections	threads	cmd_set	cmd_get	get_misses	get_hits	bytes_read
13104893756	667265	22	8	665792	8783189	1638214	7144975	1620500375	386985
13105609588	667265	25	8	665792	8783634	1638270	7145364	1620523219	386985
13106402318	667265	23	8	665792	8784098	1638329	7145769	1620547094	386985
13106993575	667265	25	8	665792	8784552	1638390	7146162	1620570447	386985
13107495455	667267	22	8	665794	8785016	1638448	7146568	1620616034	386984
13108353245	667268	25	8	665795	8785503	1638510	7146993	1620659541	386984
13109056154	667268	19	8	665795	8785954	1638569	7147385	1620682820	386984
13110054906	667268	25	8	665795	8786448	1638641	7147807	1620708226	386984
13110586725	667268	20	8	665795	8786899	1638706	7148193	1620731546	386984
13111248310	667268	24	8	665795	8787362	1638775	7148587	1620755457	386984
13111987611	667268	22	8	665795	8787826	1638844	7148982	1620779489	386984
13112634154	667268	25	8	665795	8788300	1638916	7149384	1620803865	386984
13113324316	667268	21	8	665795	8788766	1638976	7149790	1620828017	386984
13114069567	667268	26	8	665795	8789236	1639051	7150185	1620852388	386984
13114651549	667268	21	8	665795	8789688	1639113	7150575	1620875766	386984
13115407544	667268	23	8	665795	8790152	1639185	7150967	1620899883	386984
13116035493	667269	23	8	665796	8790606	1639251	7151355	1620923344	386983
13116919082	667269	23	8	665796	8791093	1639319	7151774	1620948150	386983
13117580828	667269	22	8	665796	8791543	1639391	7152152	1620971723	386983
13118201257	667269	23	8	665796	8792027	1639458	7152569	1620996546	386983
13119032985	667269	24	8	665796	8792507	1639527	7152980	1621021288	386983
13119771464	667269	26	8	665796	8792967	1639592	7153375	1621044957	386983
13120550117	667269	21	8	665796	8793441	1639657	7153784	1621069364	386983
13121485946	667270	22	8	665797	8793903	1639718	7154185	1621103545	386984
13122237690	667270	22	8	665797	8794369	1639779	7154590	1621127526	386984
13122931371	667272	25	8	665799	8794855	1639845	7155010	1621172350	386985
13123745981	667273	22	8	665800	8795323	1639919	7155404	1621196682	386985
13124475461	667273	26	8	665800	8795799	1639989	7155810	1621221220	386985
13125289622	667273	22	8	665800	8796277	1640062	7156215	1621245837	386985
13126068266	667273	26	8	665800	8796749	1640137	7156612	1621270429	386985
13126856144	667273	22	8	665800	8797216	1640195	7157021	1621294482	386985
13127655761	667273	26	8	665800	8797687	1640257	7157430	1621318536	386985
13128342216	667273	19	8	665800	8798141	1640321	7157820	1621342027	386985
13128991318	667273	21	8	665800	8798620	1640392	7158228	1621366669	386985
13129721518	667273	22	8	665800	8799086	1640455	7158631	1621390701	386985
13130593013	667273	23	8	665800	8799543	1640526	7159017	1621414594	386985
13131457200	667273	20	8	665800	8800016	1640590	7159426	1621438917	386985
13132275075	667273	23	8	665800	8800507	1640656	7159851	1621464122	386985
13133086647	667273	21	8	665800	8800972	1640720	7160252	1621488139	386985
13133769645	667273	26	8	665800	8801439	1640786	7160653	1621512215	386985
13134327616	667274	23	8	665801	8801879	1640833	7161046	1621534904	386985
13135130623	667274	26	8	665801	8802364	1640897	7161467	1621559765	386985
13135929851	667274	21	8	665801	8802831	1640958	7161873	1621583877	386985
13136519777	667274	24	8	665801	8803285	1641019	7162266	1621607326	386985
13137267660	667274	21	8	665801	8803733	1641076	7162657	1621630375	386985
13138049929	667274	23	8	665801	8804223	1641149	7163074	1621655600	386985
13138862045	667274	22	8	665801	8804706	1641218	7163488	1621680426	386985
13139480379	667274	21	8	665801	8805145	1641283	7163862	1621703202	386985
13140173928	667274	19	8	665801	8805610	1641350	7164260	1621727270	386985
13140886804	667274	25	8	665801	8806082	1641411	7164671	1621751698	386985
13141780498	667274	20	8	665801	8806546	1641475	7165071	1621775559	386985
13142559861	667274	19	8	665801	8807027	1641546	7165481	1621800333	386985
13143509005	667274	21	8	665801	8807504	1641608	7165896	1621824702	386985
13144275363	667274	23	8	665801	8807967	1641675	7166292	1621848938	386985
13145041985	667274	21	8	665801	8808430	1641740	7166690	1621872773	386985
13145797278	667280	20	8	665807	8808888	1641806	7167082	1621923487	386989
13146587685	667280	20	8	665807	8809341	1641868	7167473	1621947007	386989
13147211379	667281	22	8	665808	8809793	1641939	7167854	1621977791	386989
13148142287	667281	21	8	665808	8810240	1642001	7168239	1622000699	386989
13148715672	667281	21	8	665808	8810691	1642062	7168629	1622024012	386989
13149299613	667281	20	8	665808	8811141	1642129	7169012	1622047210	386989
13150256947	667281	23	8	665808	8811608	1642193	7169415	1622071104	386989
13151143544	667281	20	8	665808	8812060	1642247	7169813	1622094416	386989
13151751712	667283	24	8	665810	8812504	1642312	7170192	1622159613	386990
13152428846	667283	20	8	665810	8812922	1642358	7170564	1622181033	386990
13153148857	667283	25	8	665810	8813383	1642429	7170954	1622204916	386990
13154048927	667283	17	8	665810	8813837	1642496	7171341	1622228268	386990
13154724864	667283	23	8	665810	8814314	1642565	7171749	1622252692	386990
13155573801	667283	20	8	665810	8814770	1642627	7172143	1622276285	386990
13156133026	667283	19	8	665810	8815214	1642691	7172523	1622299299	386990
13156862935	667283	20	8	665810	8815658	1642747	7172911	1622321912	386990
13157578005	667283	22	8	665810	8816122	1642803	7173319	1622345772	386990
13158261296	667283	24	8	665810	8816559	1642856	7173703	1622368206	386990
13159533538	667284	20	8	665811	8817047	1642928	7174119	1622393315	386989
13160171879	667284	23	8	665811	8817512	1643004	7174508	1622417372	386989
13160654335	667284	21	8	665811	8817955	1643062	7174893	1622440248	386989
13161293009	667284	21	8	665811	8818396	1643122	7175274	1622463038	386989
13162241666	667284	24	8	665811	8818875	1643188	7175687	1622487509	386989
13162965715	667284	24	8	665811	8819309	1643242	7176067	1622509933	386989
13163389888	667284	25	8	665811	8819750	1643305	7176445	1622532737	386989
13163993368	667284	24	8	665811	8820200	1643369	7176831	1622555883	386989
13164794797	667284	20	8	665811	8820641	1643425	7177216	1622578825	386989
13165495328	667286	23	8	665813	8821085	1643482	7177603	1622628338	386989
13166102163	667286	24	8	665813	8821540	1643539	7178001	1622651644	386989
13166760468	667286	23	8	665813	8821965	1643593	7178372	1622673578	386989
13167413653	667286	23	8	665813	8822429	1643663	7178766	1622697603	386989
13168174672	667286	21	8	665813	8822845	1643717	7179128	1622719212	386989
13169194407	667286	19	8	665813	8823294	1643770	7179524	1622742239	386989
13169960942	667286	23	8	665813	8823755	1643834	7179921	1622765983	386989
13170568391	667286	24	8	665813	8824207	1643905	7180302	1622789431	386989
13171452513	667286	22	8	665813	8824662	1643977	7180685	1622812914	386989
13172457597	667287	22	8	665814	8825145	1644054	7181091	1622838872	386990
13173231532	667287	24	8	665814	8825613	1644130	7181483	1622863078	386990
13173912996	667287	23	8	665814	8826044	1644175	7181869	1622885318	386990
13174639914	667287	24	8	665814	8826479	1644232	7182247	1622907674	386990
13175187381	667287	22	8	665814	8826931	1644299	7182632	1622931041	386990
13176118045	667287	20	8	665814	8827374	1644348	7183026	1622953664	386990
13176848857	667287	22	8	665814	8827811	1644402	7183409	1622976237	386990
13177643410	667287	19	8	665814	8828270	1644468	7183802	1622999842	386990
13178525629	667287	24	8	665814	8828754	1644540	7184214	1623024693	386990
13179199156	667287	24	8	665814	8829190	1644591	7184599	1623047010	386990
13179929250	667287	21	8	665814	8829647	1644662	7184985	1623070855	386990
13180697940	667287	24	8	665814	8830092	1644710	7185382	1623093578	386990
13181256333	667287	20	8	665814	8830566	1644790	7185776	1623118088	386990
13181861171	667287	23	8	665814	8831023	1644862	7186161	1623141722	386990
13182699750	667287	20	8	665814	8831474	1644926	7186548	1623164851	386990
13183406471	667287	24	8	665814	8831937	1644991	7186946	1623188579	386990
13184018916	667287	22	8	665814	8832396	1645054	7187342	1623212172	386990
13184576328	667287	23	8	665814	8832829	1645107	7187722	1623234618	386990
13185246734	667287	20	8	665814	8833263	1645169	7188094	1623257028	386990
13186020446	667287	22	8	665814	8833724	1645238	7188486	1623280769	386990
13186601126	667287	21	8	665814	8834170	1645291	7188879	1623303522	386990
13187197455	667287	26	8	665814	8834639	1645355	7189284	1623327760	386990
13188006812	667287	19	8	665814	8835085	1645415	7189670	1623350757	386990
13188817564	667287	24	8	665814	8835541	1645483	7190058	1623374288	386990
13189492180	667287	24	8	665814	8835982	1645537	7190445	1623397050	386990
13190130441	667287	27	8	665814	8836422	1645599	7190823	1623419696	386990
13190672798	667287	23	8	665814	8836851	1645653	7191198	1623441764	386990
13191254002	667287	27	8	665814	8837311	1645723	7191588	1623465736	386990
13192107340	667287	23	8	665814	8837736	1645778	7191958	1623487868	386990
13192965153	667287	24	8	665814	8838188	1645835	7192353	1623510953	386990
13193726687	667287	20	8	665814	8838645	1645896	7192749	1623534517	386990
13194453007	667287	28	8	665814	8839117	1645972	7193145	1623558817	386990
13195115765	667287	24	8	665814	8839553	1646035	7193518	1623581555	386990
13195823510	667287	26	8	665814	8840023	1646098	7193925	1623605647	386990
13196515650	667287	19	8	665814	8840480	1646159	7194321	1623629404	386990
13197341258	667287	21	8	665814	8840934	1646225	7194709	1623652815	386990
13198013060	667287	21	8	665814	8841389	1646289	7195100	1623676218	386990
13198784270	667287	27	8	665814	8841846	1646353	7195493	1623699888	386990
13199404946	667287	23	8	665814	8842290	1646413	7195877	1623723032	386990
13200258354	667287	28	8	665814	8842742	1646479	7196263	1623746290	386990
13200866203	667287	27	8	665814	8843174	1646530	7196644	1623768507	386990
13201979939	667287	24	8	665814	8843636	1646587	7197049	1623792152	386990
13202981065	667287	22	8	665814	8844109	1646663	7197446	1623816819	386990
13203641848	667287	27	8	665814	8844550	1646724	7197826	1623839636	386990
13204236223	667287	22	8	665814	8845005	1646793	7198212	1623863208	386990
13205091663	667287	24	8	665814	8845475	1646865	7198610	1623887430	386990
13205859341	667287	21	8	665814	8845932	1646931	7199001	1623910921	386990
13206516999	667287	23	8	665814	8846381	1647002	7199379	1623934273	386990
13207416838	667287	24	8	665814	8846844	1647067	7199777	1623958117	386990
13208384718	667287	28	8	665814	8847305	1647123	7200182	1623981849	386990
13209018145	667287	21	8	665814	8847731	1647175	7200556	1624003926	386990
13209770999	667287	24	8	665814	8848192	1647242	7200950	1624027603	386990
13210375578	667287	19	8	665814	8848638	1647298	7201340	1624050427	386990
13211150067	667287	23	8	665814	8849089	1647361	7201728	1624073873	386990
13211784179	667287	23	8	665814	8849541	1647420	7202121	1624097044	386990
13212598036	667287	26	8	665814	8849993	1647481	7202512	1624120386	386990
13213338957	667287	20	8	665814	8850438	1647529	7202909	1624143109	386990
13214148880	667287	24	8	665814	8850895	1647594	7203301	1624166752	386990
13215133936	667287	23	8	665814	8851340	1647645	7203695	1624189444	386990
13215819259	667311	21	8	665838	8851845	1647725	7204120	1624217804	386998
13216819802	667311	20	8	665838	8852303	1647781	7204522	1624241057	386998
13217381054	667312	25	8	665839	8852771	1647848	7204923	1624273491	386998
13218197638	667312	24	8	665839	8853212	1647899	7205313	1624296352	386998
13218952025	667312	25	8	665839	8853687	1647975	7205712	1624320874	386998
13219371256	667312	20	8	665839	8854113	1648037	7206076	1624342993	386998
13220061070	667312	22	8	665839	8854601	1648115	7206486	1624368165	386998
13220686464	667312	23	8	665839	8855026	1648168	7206858	1624390216	386998
13221448614	667312	25	8	665839	8855476	1648220	7207256	1624413336	386998
13222107785	667312	22	8	665839	8855923	1648285	7207638	1624436260	386998
13222758499	667312	25	8	665839	8856391	1648358	7208033	1624460402	386998
13223492182	667312	24	8	665839	8856846	1648415	7208431	1624483702	386998
13224382471	667312	24	8	665839	8857299	1648470	7208829	1624507131	386998
13225342421	667312	22	8	665839	8857742	1648531	7209211	1624529810	386998
13226022835	667312	24	8	665839	8858196	1648587	7209609	1624553309	386998
13226592327	667312	20	8	665839	8858645	1648658	7209987	1624576695	386998
13227394607	667312	23	8	665839	8859129	1648733	7210396	1624601612	386998
13228042764	667312	19	8	665839	8859574	1648799	7210775	1624624572	386998
13228681478	667312	23	8	665839	8860058	1648866	7211192	1624649314	386998
13229506711	667312	20	8	665839	8860499	1648926	7211573	1624672123	386998
13230310037	667313	24	8	665840	8860975	1648999	7211976	1624698453	386998
13231142451	667313	22	8	665840	8861408	1649054	7212354	1624720738	386998
13231971649	667313	24	8	665840	8861857	1649115	7212742	1624743845	386998
13232697694	667313	20	8	665840	8862288	1649170	7213118	1624766037	386998
13233412507	667313	22	8	665840	8862741	1649225	7213516	1624789150	386998
13234230912	667313	22	8	665840	8863187	1649285	7213902	1624812181	386998
13235159808	667314	25	8	665841	8863669	1649353	7214316	1624836949	386998
13235779945	667314	23	8	665841	8864107	1649405	7214702	1624859518	386998
13236684349	667314	23	8	665841	8864570	1649471	7215099	1624883372	386998
13237444113	667314	24	8	665841	8865018	1649525	7215493	1624906247	386998
13238382006	667314	23	8	665841	8865492	1649590	7215902	1624930731	386998
13239195095	667314	25	8	665841	8865958	1649657	7216301	1624954650	386998
13239621549	667314	22	8	665841	8866389	1649713	7216676	1624976969	386998
13240548280	667314	20	8	665841	8866850	1649778	7217072	1625000672	386998
13241392565	667314	21	8	665841	8867315	1649843	7217472	1625024628	386998
13242013809	667314	24	8	665841	8867758	1649904	7217854	1625047426	386998
13242853895	667314	22	8	665841	8868227	1649975	7218252	1625071841	386998
13243632146	667314	27	8	665841	8868675	1650033	7218642	1625094824	386998
13244160961	667314	22	8	665841	8869119	1650087	7219032	1625117669	386998
13245046221	667314	23	8	665841	8869571	1650144	7219427	1625140955	386998
13245620673	667314	18	8	665841	8870018	1650209	7219809	1625164026	386998
13246493514	667314	23	8	665841	8870502	1650281	7220221	1625188822	386998
13247071839	667314	21	8	665841	8870970	1650347	7220623	1625212920	386998
13247765680	667314	22	8	665841	8871428	1650405	7221023	1625236346	386998
13248581422	667314	24	8	665841	8871881	1650459	7221422	1625259526	386998
13249315070	667314	23	8	665841	8872336	1650531	7221805	1625283122	386998
13250135140	667314	21	8	665841	8872791	1650599	7222192	1625306831	386998
13250978330	667314	23	8	665841	8873244	1650653	7222591	1625330059	386998
13251744548	667314	24	8	665841	8873682	1650713	7222969	1625352779	386998
13252439483	667314	25	8	665841	8874130	1650771	7223359	1625375811	386998
13253164842	667314	21	8	665841	8874585	1650827	7223758	1625399039	386998
13254058016	667314	23	8	665841	8875034	1650885	7224149	1625422343	386998
13254897097	667314	20	8	665841	8875496	1650952	7224544	1625446228	386998
13255777244	667314	20	8	665841	8875936	1651019	7224917	1625469064	386998
13256360194	667314	21	8	665841	8876397	1651093	7225304	1625492872	386998
13257261137	667314	25	8	665841	8876865	1651166	7225699	1625517102	386998
13258099192	667314	21	8	665841	8877324	1651231	7226093	1625540757	386998
13258706570	667314	24	8	665841	8877803	1651303	7226500	1625565211	386998
13259484073	667314	23	8	665841	8878256	1651354	7226902	1625588454	386998
13260074313	667314	23	8	665841	8878675	1651409	7227266	1625610262	386998
13260835099	667314	18	8	665841	8879127	1651470	7227657	1625633456	386998
13261715618	667316	21	8	665843	8879570	1651526	7228044	1625664663	386999
13262727332	667316	20	8	665843	8880048	1651595	7228453	1625689305	386999
13263370708	667318	25	8	665845	8880493	1651648	7228845	1625721671	387001
13264039091	667318	23	8	665845	8880940	1651701	7229239	1625744496	387001
13264995305	667318	25	8	665845	8881425	1651777	7229648	1625769529	387001
13265543290	667318	20	8	665845	8881879	1651843	7230036	1625792750	387001
13266443306	667318	22	8	665845	8882328	1651897	7230431	1625815867	387001
13267055799	667318	21	8	665845	8882769	1651948	7230821	1625838466	387001
13267787653	667319	24	8	665846	8883215	1652014	7231201	1625861878	387001
13268334767	667319	20	8	665846	8883663	1652074	7231589	1625885018	387001
13269020859	667319	25	8	665846	8884116	1652134	7231982	1625908248	387001
13269816267	667319	22	8	665846	8884581	1652205	7232376	1625932294	387001
13270540303	667319	23	8	665846	8885040	1652268	7232772	1625955997	387001
13271257113	667319	23	8	665846	8885505	1652326	7233179	1625979709	387001
13272002320	667319	23	8	665846	8885949	1652385	7233564	1626002687	387001
13272696617	667319	22	8	665846	8886389	1652450	7233939	1626025511	387001
13273345490	667319	23	8	665846	8886838	1652508	7234330	1626048521	387001
13273955533	667319	19	8	665846	8887306	1652583	7234723	1626072719	387001
13274799541	667319	22	8	665846	8887750	1652636	7235114	1626095513	387001
13275628040	667319	22	8	665846	8888220	1652704	7235516	1626119770	387001
13276528216	667319	25	8	665846	8888672	1652760	7235912	1626142983	387001
13277293164	667319	20	8	665846	8889117	1652826	7236291	1626166137	387001
13277883577	667319	22	8	665846	8889547	1652886	7236661	1626188531	387001
13278718606	667319	23	8	665846	8890000	1652947	7237053	1626211868	387001
13279522023	667319	20	8	665846	8890447	1653005	7237442	1626234900	387001
13280422874	667319	20	8	665846	8890907	1653076	7237831	1626258876	387001
13281067462	667319	22	8	665846	8891365	1653139	7238226	1626282243	387001
13281896510	667319	21	8	665846	8891795	1653193	7238602	1626304586	387001
13282732033	667319	26	8	665846	8892257	1653263	7238994	1626328409	387001
13283151474	667319	23	8	665846	8892692	1653330	7239362	1626350998	387001
13283856534	667319	21	8	665846	8893153	1653398	7239755	1626374797	387001
13284586138	667319	22	8	665846	8893584	1653452	7240132	1626397016	387001
13285357051	667319	24	8	665846	8894050	1653509	7240541	1626420660	387001
13286081154	667319	23	8	665846	8894503	1653581	7240922	1626444088	387001
13286911567	667319	24	8	665846	8894984	1653652	7241332	1626469166	387001
13287710364	667319	21	8	665846	8895447	1653729	7241718	1626493166	387001
13288321344	667319	19	8	665846	8895883	1653791	7242092	1626515662	387001
13289390541	667319	21	8	665846	8896357	1653860	7242497	1626540174	387001
13290166599	667319	23	8	665846	8896817	1653924	7242893	1626563872	387001
13290698300	667319	21	8	665846	8897263	1653976	7243287	1626586743	387001
13291420217	667319	24	8	665846	8897717	1654038	7243679	1626610089	387001
13292072231	667319	22	8	665846	8898174	1654109	7244065	1626633703	387001
13292941597	667319	22	8	665846	8898634	1654167	7244467	1626657323	387001
13293659214	667319	22	8	665846	8899077	1654224	7244853	1626680281	387001
13294190578	667319	22	8	665846	8899531	1654295	7245236	1626703736	387001
13294880412	667319	24	8	665846	8899987	1654354	7245633	1626727170	387001
13295546405	667319	28	8	665846	8900454	1654424	7246030	1626751345	387001
13296609549	667319	23	8	665846	8900902	1654488	7246414	1626774603	387001
13297496461	667319	25	8	665846	8901372	1654561	7246811	1626798747	387001
13298288179	667319	24	8	665846	8901834	1654631	7247203	1626822578	387001
13298855470	667319	26	8	665846	8902271	1654696	7247575	1626845472	387001
13299583355	667319	24	8	665846	8902703	1654755	7247948	1626867791	387001
13300324253	667319	26	8	665846	8903162	1654810	7248352	1626891204	387001
13300945617	667319	25	8	665846	8903609	1654870	7248739	1626914347	387001
13301603318	667319	24	8	665846	8904063	1654929	7249134	1626937674	387001
13302375086	667319	22	8	665846	8904512	1654997	7249515	1626960829	387001
13303042622	667319	23	8	665846	8904944	1655051	7249893	1626983199	387001
13303913545	667319	22	8	665846	8905419	1655123	7250296	1627007517	387001
13304617994	667319	24	8	665846	8905889	1655188	7250701	1627031720	387001
13305281685	667319	20	8	665846	8906333	1655253	7251080	1627054895	387001
13305956033	667319	24	8	665846	8906784	1655311	7251473	1627078099	387001
13306856017	667319	20	8	665846	8907252	1655383	7251869	1627102215	387001
13307710215	667319	26	8	665846	8907730	1655450	7252280	1627126743	387001
13308431490	667319	24	8	665846	8908173	1655507	7252666	1627149526	387001
13309101094	667319	26	8	665846	8908634	1655572	7253062	1627173142	387001
13309931439	667319	22	8	665846	8909092	1655634	7253458	1627196700	387001
13310741218	667319	24	8	665846	8909550	1655689	7253861	1627220093	387001
13311479114	667319	22	8	665846	8909993	1655751	7254242	1627242916	387001
13312265571	667320	24	8	665847	8910436	1655815	7254621	1627266096	387000
13312744146	667322	19	8	665849	8910870	1655872	7254998	1627288853	387000
13313273748	667322	23	8	665849	8911335	1655933	7255402	1627312673	387000
13314041989	667322	22	8	665849	8911782	1655992	7255790	1627335727	387000
13314684422	667322	22	8	665849	8912246	1656057	7256189	1627359645	387000
13315218750	667322	21	8	665849	8912690	1656114	7256576	1627382337	387000
13315716976	667322	23	8	665849	8913140	1656187	7256953	1627405930	387000
13316450259	667323	23	8	665850	8913613	1656273	7257340	1627432619	387000
13317135600	667323	24	8	665850	8914076	1656337	7257739	1627456594	387000
13317969451	667323	26	8	665850	8914534	1656395	7258139	1627479910	387000
13318585487	667323	25	8	665850	8914983	1656447	7258536	1627502951	387000
13319269580	667330	19	8	665857	8915428	1656513	7258915	1627560648	387000
13319994244	667330	23	8	665857	8915871	1656573	7259298	1627583563	387000
13320668011	667330	25	8	665857	8916335	1656646	7259689	1627607519	387000
13321483389	667330	21	8	665857	8916790	1656717	7260073	1627631384	387000
13322390181	667330	21	8	665857	8917263	1656790	7260473	1627655730	387000
13323294754	667330	20	8	665857	8917732	1656858	7260874	1627679928	387000
13323988118	667330	19	8	665857	8918181	1656933	7261248	1627703236	387000
13324882408	667330	23	8	665857	8918632	1656996	7261636	1627726604	387000
13325950811	667331	21	8	665858	8919100	1657063	7262037	1627761130	387000
13326913877	667331	24	8	665858	8919569	1657131	7262438	1627785369	387000
13327546535	667331	22	8	665858	8920031	1657202	7262829	1627809284	387000
13328350314	667331	20	8	665858	8920486	1657281	7263205	1627832973	387000
13329271288	667331	23	8	665858	8920953	1657353	7263600	1627857131	387000
13329874563	667332	24	8	665859	8921404	1657412	7263992	1627880434	387000
13330569069	667332	23	8	665859	8921856	1657479	7264377	1627903808	387000
13331520692	667333	20	8	665860	8922333	1657547	7264786	1627928491	386999
13332372175	667333	20	8	665860	8922784	1657610	7265174	1627951494	386999
13333050488	667333	20	8	665860	8923237	1657670	7265567	1627974882	386999
13333784576	667333	26	8	665860	8923701	1657745	7265956	1627998952	386999
13334458403	667333	21	8	665860	8924152	1657817	7266335	1628022537	386999
13335141579	667333	24	8	665860	8924614	1657882	7266732	1628046328	386999
13335987816	667333	19	8	665860	8925069	1657944	7267125	1628069715	386999
13336675486	667333	21	8	665860	8925527	1658014	7267513	1628093396	386999
13337154114	667333	19	8	665860	8925981	1658085	7267896	1628116740	386999
13337929930	667333	23	8	665860	8926437	1658154	7268283	1628140644	386999
13338662999	667333	21	8	665860	8926880	1658210	7268670	1628163346	386999
13339363470	667333	24	8	665860	8927336	1658275	7269061	1628186901	386999
13339967598	667333	21	8	665860	8927776	1658326	7269450	1628209517	386999
13340708293	667333	21	8	665860	8928244	1658399	7269845	1628233550	386999
13341619812	667333	21	8	665860	8928690	1658454	7270236	1628256462	386999
13342360983	667333	25	8	665860	8929147	1658521	7270626	1628280246	386999
13343114055	667333	23	8	665860	8929580	1658577	7271003	1628302625	386999
13343774109	667333	25	8	665860	8930035	1658649	7271386	1628326351	386999
13344382018	667333	22	8	665860	8930482	1658707	7271775	1628349336	386999
13345247115	667333	22	8	665860	8930955	1658782	7272173	1628373759	386999
13345919490	667333	23	8	665860	8931433	1658851	7272582	1628398146	386999
13346482741	667333	16	8	665860	8931870	1658918	7272952	1628420725	386999
13347419906	667333	23	8	665860	8932346	1658985	7273361	1628445301	386999
13348084355	667335	22	8	665862	8932788	1659041	7273747	1628485878	387000
13348833484	667339	20	8	665866	8933237	1659098	7274139	1628509312	386999
13349614570	667339	23	8	665866	8933694	1659161	7274533	1628532764	386999
13350279384	667339	24	8	665866	8934153	1659230	7274923	1628556525	386999
13351360584	667339	25	8	665866	8934614	1659294	7275320	1628580204	386999
13352010575	667340	21	8	665867	8935053	1659360	7275693	1628603130	387000
13352701531	667340	20	8	665867	8935502	1659422	7276080	1628626149	387000
13353247978	667340	23	8	665867	8935960	1659484	7276476	1628649566	387000
13353834058	667340	23	8	665867	8936406	1659547	7276859	1628672674	387000
13354473201	667340	22	8	665867	8936857	1659610	7277247	1628696056	387000
13355214678	667340	24	8	665867	8937303	1659669	7277634	1628719001	387000
13355791529	667341	19	8	665868	8937751	1659730	7278021	1628745406	387001
13356526603	667341	22	8	665868	8938221	1659797	7278424	1628769464	387001
13357258039	667341	19	8	665868	8938659	1659851	7278808	1628792199	387001
13358006052	667342	23	8	665869	8939119	1659916	7279203	1628827355	387001
13358778278	667342	20	8	665869	8939586	1659989	7279597	1628851445	387001
13359240955	667342	24	8	665869	8940021	1660050	7279971	1628874011	387001
13359878176	667342	20	8	665869	8940464	1660109	7280355	1628896850	387001
13360509917	667342	23	8	665869	8940917	1660184	7280733	1628920392	387001
13361183122	667342	23	8	665869	8941356	1660230	7281126	1628942966	387001
13361919614	667342	24	8	665869	8941836	1660308	7281528	1628967805	387001
13362756772	667342	22	8	665869	8942292	1660364	7281928	1628991196	387001
13363504732	667342	22	8	665869	8942757	1660426	7282331	1629014990	387001
13364237778	667342	24	8	665869	8943204	1660486	7282718	1629038043	387001
13364921163	667342	26	8	665869	8943655	1660546	7283109	1629061257	387001
13365825639	667342	24	8	665869	8944107	1660606	7283501	1629084473	387001
13366771833	667342	23	8	665869	8944562	1660674	7283888	1629107964	387001
13367429644	667342	20	8	665869	8944985	1660730	7284255	1629129841	387001
13368151413	667344	22	8	665871	8945454	1660801	7284653	1629163552	387001
13368714713	667344	19	8	665871	8945907	1660869	7285038	1629186855	387001
13369448737	667344	22	8	665871	8946375	1660936	7285439	1629210844	387001
13370243091	667344	22	8	665871	8946821	1660994	7285827	1629233789	387001
13371028873	667344	25	8	665871	8947307	1661076	7286231	1629258901	387001
13371780723	667344	19	8	665871	8947762	1661146	7286616	1629282393	387001
13372597096	667344	24	8	665871	8948231	1661208	7287023	1629306559	387001
13373248020	667344	23	8	665871	8948677	1661263	7287414	1629329478	387001
13374098327	667344	25	8	665871	8949131	1661325	7287806	1629352968	387001
13374798300	667344	15	8	665871	8949566	1661379	7288187	1629375286	387001
13375316386	667344	25	8	665871	8950028	1661447	7288581	1629398966	387001
13376104335	667344	22	8	665871	8950480	1661513	7288967	1629422482	387001
13377002875	667344	26	8	665871	8950953	1661591	7289362	1629447013	387001
13377688275	667344	21	8	665871	8951391	1661662	7289729	1629469846	387001
13378428376	667344	24	8	665871	8951835	1661721	7290114	1629492736	387001
13379089456	667344	17	8	665871	8952273	1661780	7290493	1629515161	387001
13379766306	667344	21	8	665871	8952712	1661838	7290874	1629537922	387001
13380608973	667344	22	8	665871	8953177	1661915	7291262	1629561923	387001
13381494921	667344	26	8	665871	8953652	1661979	7291673	1629586279	387001
13382280628	667344	22	8	665871	8954105	1662045	7292060	1629609762	387001
13382855573	667344	23	8	665871	8954553	1662120	7292433	1629632954	387001
13383584609	667344	20	8	665871	8955011	1662179	7292832	1629656529	387001
13384304453	667344	25	8	665871	8955457	1662237	7293220	1629679453	387001
13384779961	667344	21	8	665871	8955881	1662297	7293584	1629701647	387001
13385651806	667344	23	8	665871	8956348	1662361	7293987	1629725661	387001
13386262965	667344	21	8	665871	8956781	1662420	7294361	1629747987	387001
13387116485	667344	24	8	665871	8957243	1662485	7294758	1629771681	387001
13387611775	667344	23	8	665871	8957693	1662558	7295135	1629795162	387001
13388520278	667344	25	8	665871	8958164	1662614	7295550	1629819302	387001
13389461370	667344	21	8	665871	8958603	1662677	7295926	1629841941	387001
13390138913	667344	20	8	665871	8959052	1662733	7296319	1629864977	387001
13390788625	667344	21	8	665871	8959497	1662801	7296696	1629887989	387001
13391474245	667344	21	8	665871	8959957	1662872	7297085	1629911971	387001
13392150157	667344	25	8	665871	8960402	1662931	7297471	1629934956	387001
13392768416	667344	24	8	665871	8960848	1662994	7297854	1629958253	387001
13393191573	667344	25	8	665871	8961266	1663048	7298218	1629979686	387001
13393962358	667344	24	8	665871	8961720	1663110	7298610	1630003110	387001
13394678939	667344	20	8	665871	8962157	1663171	7298986	1630025648	387001
13395314602	667344	20	8	665871	8962595	1663214	7299381	1630047957	387001
13396083813	667344	19	8	665871	8963043	1663272	7299771	1630071201	387001
13396758906	667344	22	8	665871	8963497	1663331	7300166	1630094554	387001
13397461044	667344	18	8	665871	8963935	1663398	7300537	1630117274	387001
13397966487	667344	25	8	665871	8964362	1663460	7300902	1630139586	387001
13398722556	667346	18	8	665873	8964808	1663531	7301277	1630186729	387001
13399417279	667346	22	8	665873	8965277	1663603	7301674	1630210979	387001
13400143949	667346	22	8	665873	8965731	1663670	7302061	1630234371	387001
13400829958	667346	21	8	665873	8966196	1663724	7302472	1630258208	387001
13401465096	667346	22	8	665873	8966651	1663795	7302856	1630281489	387001
13402300547	667346	21	8	665873	8967117	1663875	7303242	1630305813	387001
13402748551	667346	19	8	665873	8967544	1663929	7303615	1630327958	387001
13403432404	667346	24	8	665873	8967991	1663986	7304005	1630350871	387001
13404180376	667346	23	8	665873	8968436	1664056	7304380	1630374146	387001
13404804479	667346	23	8	665873	8968871	1664116	7304755	1630396563	387001
13405830806	667346	24	8	665873	8969337	1664174	7305163	1630420553	387001
13406475914	667346	24	8	665873	8969790	1664244	7305546	1630444067	387001
13407149622	667346	24	8	665873	8970230	1664314	7305916	1630467081	387001
13407928965	667346	22	8	665873	8970680	1664373	7306307	1630490361	387001
13408752922	667346	21	8	665873	8971109	1664434	7306675	1630512515	387001
13409643729	667346	23	8	665873	8971588	1664504	7307084	1630537053	387001
13410395113	667346	22	8	665873	8972026	1664557	7307469	1630559507	387001
13411172288	667346	23	8	665873	8972485	1664622	7307863	1630583241	387001
13411725932	667346	23	8	665873	8972945	1664690	7308255	1630607092	387001
13412284648	667347	21	8	665874	8973398	1664753	7308645	1630637346	387001
13413168146	667347	25	8	665874	8973863	1664817	7309046	1630661194	387001
13414016137	667347	22	8	665874	8974294	1664858	7309436	1630683315	387001
13414575775	667347	25	8	665874	8974733	1664923	7309810	1630706029	387001
13415233931	667347	24	8	665874	8975178	1664989	7310189	1630729108	387001
13415852831	667347	26	8	665874	8975621	1665044	7310577	1630751700	387001
13416506620	667347	21	8	665874	8976047	1665100	7310947	1630773754	387001
13417097462	667347	22	8	665874	8976478	1665162	7311316	1630796018	387001
13417977304	667347	21	8	665874	8976949	1665228	7311721	1630820302	387001
13418639667	667347	21	8	665874	8977413	1665299	7312114	1630844335	387001
13419327092	667347	21	8	665874	8977869	1665365	7312504	1630867944	387001
13419932093	667347	23	8	665874	8978312	1665421	7312891	1630890672	387001
13420656540	667347	22	8	665874	8978787	1665493	7313294	1630915057	387001
13421530559	667347	24	8	665874	8979226	1665547	7313679	1630937629	387001
13422403234	667347	21	8	665874	8979693	1665602	7314091	1630961413	387001
13423158695	667347	23	8	665874	8980158	1665668	7314490	1630985323	387001
13423971053	667347	22	8	665874	8980611	1665732	7314879	1631008736	387001
13424809735	667347	26	8	665874	8981076	1665797	7315279	1631032521	387001
13425685836	667347	22	8	665874	8981534	1665855	7315679	1631056330	387001
13426231706	667347	25	8	665874	8981992	1665931	7316061	1631080122	387001
13426978570	667347	19	8	665874	8982441	1665987	7316454	1631103115	387001
13427442928	667347	21	8	665874	8982861	1666048	7316813	1631124945	387001
13428106444	667347	22	8	665874	8983311	1666107	7317204	1631148012	387001
13428947183	667347	24	8	665874	8983759	1666171	7317588	1631171169	387001
13429670929	667347	25	8	665874	8984219	1666232	7317987	1631194859	387001
13430480283	667347	22	8	665874	8984670	1666292	7318378	1631218034	387001
13431534534	667347	21	8	665874	8985136	1666345	7318791	1631241732	387001
13432201260	667347	24	8	665874	8985589	1666408	7319181	1631265141	387001
13432968547	667347	24	8	665874	8986044	1666465	7319579	1631288492	387001
13433687149	667347	22	8	665874	8986470	1666518	7319952	1631310550	387001
13434411458	667347	20	8	665874	8986921	1666580	7320341	1631333730	387001
13434818874	667347	19	8	665874	8987331	1666635	7320696	1631355086	387001
13435646272	667347	19	8	665874	8987802	1666701	7321101	1631379268	387001
13436422024	667347	21	8	665874	8988269	1666785	7321484	1631403755	387001
13437140570	667347	20	8	665874	8988718	1666849	7321869	1631426943	387001
13437969059	667347	22	8	665874	8989165	1666904	7322261	1631449804	387001
13438627232	667347	18	8	665874	8989602	1666962	7322640	1631472537	387001
13439466450	667347	22	8	665874	8990066	1667026	7323040	1631496285	387001
13440297972	667347	22	8	665874	8990534	1667092	7323442	1631520220	387001
13441169426	667347	23	8	665874	8990981	1667139	7323842	1631543139	387001
13442098023	667347	22	8	665874	8991461	1667205	7324256	1631567869	387001
13442961603	667347	25	8	665874	8991918	1667272	7324646	1631591391	387001
13443742226	667347	22	8	665874	8992380	1667329	7325051	1631614980	387001
13444438315	667347	27	8	665874	8992831	1667398	7325433	1631638368	387001
13445443684	667347	21	8	665874	8993286	1667464	7325822	1631661765	387001
13446100724	667347	24	8	665874	8993726	1667518	7326208	1631684425	387001
13446736825	667347	22	8	665874	8994202	1667598	7326604	1631709101	387001
13447442019	667347	26	8	665874	8994658	1667664	7326994	1631732738	387001
13448270931	667347	24	8	665874	8995119	1667727	7327392	1631756381	387001
13448758541	667347	24	8	665874	8995585	1667801	7327784	1631780484	387001
13449558860	667347	22	8	665874	8996026	1667857	7328169	1631803156	387001
13450194202	667347	26	8	665874	8996506	1667928	7328578	1631827850	387001
13451020003	667347	19	8	665874	8996962	1667997	7328965	1631851505	387001
13451842366	667348	23	8	665875	8997431	1668059	7329372	1631898491	387002
13452425010	667348	19	8	665875	8997869	1668124	7329745	1631921243	387002
13453115712	667348	23	8	665875	8998319	1668175	7330144	1631944315	387002
13453868385	667348	22	8	665875	8998769	1668233	7330536	1631967514	387002
13454796090	667348	22	8	665875	8999227	1668293	7330934	1631991092	387002
13455385386	667348	22	8	665875	8999672	1668352	7331320	1632014004	387002
13456082259	667348	22	8	665875	9000129	1668414	7331715	1632037373	387002
13456852705	667348	22	8	665875	9000557	1668454	7332103	1632059385	387002
13457456224	667348	25	8	665875	9001003	1668514	7332489	1632082217	387002
13458135171	667348	25	8	665875	9001435	1668576	7332859	1632104577	387002
13458751810	667348	23	8	665875	9001870	1668627	7333243	1632126864	387002
13459471892	667348	23	8	665875	9002328	1668702	7333626	1632150710	387002
13460258818	667348	26	8	665875	9002782	1668767	7334015	1632174088	387002
13460978122	667348	22	8	665875	9003234	1668823	7334411	1632197371	387002
13461829200	667348	25	8	665875	9003687	1668888	7334799	1632220887	387002
13462719875	667348	18	8	665875	9004147	1668949	7335198	1632244521	387002
13463391204	667348	22	8	665875	9004594	1669007	7335587	1632267388	387002
13464162043	667348	21	8	665875	9005054	1669074	7335980	1632291339	387002
13464873958	667348	23	8	665875	9005511	1669138	7336373	1632314842	387002
13465534888	667348	19	8	665875	9005958	1669199	7336759	1632337776	387002
13466046624	667348	23	8	665875	9006410	1669248	7337162	1632360967	387002
13466618806	667348	19	8	665875	9006853	1669312	7337541	1632383989	387002
13467430501	667348	22	8	665875	9007307	1669371	7337936	1632407210	387002
13467989514	667348	21	8	665875	9007754	1669442	7338312	1632430477	387002
13468782424	667348	24	8	665875	9008209	1669497	7338712	1632453772	387002
13469653582	667348	22	8	665875	9008671	1669560	7339111	1632477598	387002
13470356406	667348	24	8	665875	9009122	1669619	7339503	1632500838	387002
13471213056	667348	19	8	665875	9009575	1669681	7339894	1632524069	387002
13472266966	667348	19	8	665875	9010017	1669740	7340277	1632546979	387002
13472860532	667348	20	8	665875	9010468	1669798	7340670	1632569972	387002
13473606517	667348	21	8	665875	9010946	1669877	7341069	1632594976	387002
13474179709	667348	21	8	665875	9011382	1669936	7341446	1632617521	387002
13474833682	667348	23	8	665875	9011836	1670004	7341832	1632641001	387002
13475634159	667348	21	8	665875	9012296	1670077	7342219	1632664802	387002
13476385477	667348	19	8	665875	9012741	1670137	7342604	1632687829	387002
13476965971	667348	21	8	665875	9013178	1670191	7342987	1632710160	387002
13477508823	667348	26	8	665875	9013631	1670246	7343385	1632733450	387002
13478113415	667348	20	8	665875	9014061	1670300	7343761	1632755557	387002
13478996304	667348	25	8	665875	9014520	1670355	7344165	1632779144	387002
13479937544	667348	22	8	665875	9014966	1670411	7344555	1632802050	387002
13480708958	667348	21	8	665875	9015426	1670480	7344946	1632825869	387002
13481493473	667348	21	8	665875	9015878	1670549	7345329	1632849147	387002
13482379765	667348	26	8	665875	9016352	1670612	7345740	1632873405	387002
13483036831	667348	23	8	665875	9016789	1670659	7346130	1632895919	387002
13484005178	667348	22	8	665875	9017250	1670716	7346534	1632919606	387002
13484640570	667348	19	8	665875	9017686	1670760	7346926	1632941809	387002
13485276581	667348	22	8	665875	9018125	1670818	7347307	1632964498	387002
13485957324	667348	18	8	665875	9018575	1670881	7347694	1632987793	387002
13486769489	667348	23	8	665875	9019033	1670940	7348093	1633011362	387002
13487521165	667348	19	8	665875	9019476	1671001	7348475	1633034209	387002
13488407198	667348	21	8	665875	9019946	1671067	7348879	1633058422	387002
13488988452	667348	20	8	665875	9020387	1671141	7349246	1633081502	387002
13489742055	667348	21	8	665875	9020814	1671197	7349617	1633103625	387002
13490499687	667348	24	8	665875	9021269	1671259	7350010	1633126839	387002
13491486507	667348	26	8	665875	9021740	1671325	7350415	1633151000	387002
13492189283	667348	23	8	665875	9022177	1671373	7350804	1633173613	387002
13492983027	667348	24	8	665875	9022656	1671448	7351208	1633198380	387002
13493793785	667348	21	8	665875	9023118	1671510	7351608	1633222028	387002
13494680808	667348	21	8	665875	9023580	1671575	7352005	1633245883	387002
13495426040	667348	23	8	665875	9024033	1671640	7352393	1633269160	387002
13496263168	667349	23	8	665876	9024493	1671710	7352783	1633303714	387002
13497145408	667349	23	8	665876	9024932	1671773	7353159	1633326489	387002
13497944752	667349	22	8	665876	9025391	1671837	7353554	1633350202	387002
13498465579	667349	24	8	665876	9025828	1671907	7353921	1633372887	387002
13498985570	667349	21	8	665876	9026288	1671965	7354323	1633396181	387002
13499854460	667349	27	8	665876	9026759	1672031	7354728	1633420342	387002
13500764985	667349	23	8	665876	9027212	1672085	7355127	1633443640	387002
13501528700	667349	28	8	665876	9027661	1672150	7355511	1633466905	387002
13501999242	667349	23	8	665876	9028095	1672205	7355890	1633489283	387002
13502900435	667349	25	8	665876	9028534	1672262	7356272	1633511788	387002
13503734298	667349	22	8	665876	9028989	1672327	7356662	1633535362	387002
13504419574	667349	21	8	665876	9029444	1672393	7357051	1633558761	387002
13505070673	667349	26	8	665876	9029909	1672464	7357445	1633582907	387002
13505571374	667349	22	8	665876	9030349	1672525	7357824	1633605523	387002
13506307131	667349	22	8	665876	9030802	1672587	7358215	1633628993	387002
13506951465	667349	19	8	665876	9031232	1672650	7358582	1633651288	387002
13507735876	667349	19	8	665876	9031698	1672713	7358985	1633675191	387002
13508402591	667352	20	8	665879	9032122	1672772	7359350	1633701278	387004
13509171269	667352	20	8	665879	9032588	1672829	7359759	1633725184	387004
13509763592	667352	23	8	665879	9033034	1672886	7360148	1633747911	387004
13510370899	667352	20	8	665879	9033469	1672945	7360524	1633770618	387004
13511013117	667352	22	8	665879	9033903	1672999	7360904	1633793108	387004
13511859591	667352	20	8	665879	9034370	1673061	7361309	1633816965	387004
13512575029	667352	24	8	665879	9034811	1673128	7361683	1633839963	387004
13513479048	667352	23	8	665879	9035275	1673195	7362080	1633863948	387004
13514402118	667353	25	8	665880	9035725	1673245	7362480	1633894427	387003
13514975791	667353	22	8	665880	9036153	1673298	7362855	1633916597	387003
13515861357	667353	25	8	665880	9036592	1673341	7363251	1633938843	387003
13516955120	667353	17	8	665880	9037048	1673404	7363644	1633962248	387003
13517489378	667353	24	8	665880	9037506	1673460	7364046	1633985661	387003
13518331043	667353	22	8	665880	9037937	1673513	7364424	1634007997	387003
13519265200	667353	25	8	665880	9038391	1673573	7364818	1634031532	387003
13519915980	667353	20	8	665880	9038826	1673639	7365187	1634054171	387003
13520608291	667353	21	8	665880	9039286	1673713	7365573	1634077975	387003
13521301114	667354	22	8	665881	9039732	1673773	7365959	1634101191	387003
13522273855	667354	23	8	665881	9040178	1673826	7366352	1634124301	387003
13522996188	667354	21	8	665881	9040630	1673881	7366749	1634147339	387003
13523805713	667354	25	8	665881	9041076	1673937	7367139	1634170429	387003
13524439369	667354	21	8	665881	9041532	1673997	7367535	1634193788	387003
13525318436	667354	24	8	665881	9041983	1674045	7367938	1634216855	387003
13526068706	667356	21	8	665883	9042424	1674109	7368315	1634240170	387004
13527111181	667356	26	8	665883	9042887	1674172	7368715	1634264001	387004
13527964665	667356	20	8	665883	9043329	1674235	7369094	1634286859	387004
13528735925	667356	25	8	665883	9043794	1674299	7369495	1634310722	387004
13529774922	667356	24	8	665883	9044258	1674358	7369900	1634334473	387004
13530749952	667356	27	8	665883	9044728	1674421	7370307	1634358484	387004
13531443367	667356	20	8	665883	9045176	1674485	7370691	1634381739	387004
13532058407	667356	25	8	665883	9045640	1674554	7371086	1634405507	387004
13532896445	667356	20	8	665883	9046072	1674601	7371471	1634427745	387004
13533688418	667356	22	8	665883	9046524	1674660	7371864	1634450951	387004
13534346086	667356	18	8	665883	9046972	1674722	7372250	1634473992	387004
13535101668	667356	23	8	665883	9047429	1674786	7372643	1634497508	387004
13535829238	667356	21	8	665883	9047865	1674840	7373025	1634519922	387004
13536798643	667356	25	8	665883	9048325	1674903	7373422	1634543691	387004
13537514816	667356	23	8	665883	9048778	1674965	7373813	1634567116	387004
13538355019	667356	24	8	665883	9049249	1675032	7374217	1634591279	387004
13538937207	667356	19	8	665883	9049687	1675091	7374596	1634613771	387004
13539759535	667357	22	8	665884	9050142	1675143	7374999	1634637068	387004
13540370309	667357	23	8	665884	9050591	1675205	7375386	1634660224	387004
13540979537	667357	28	8	665884	9051045	1675271	7375774	1634683729	387004
13541682986	667357	25	8	665884	9051486	1675334	7376152	1634706680	387004
13542399863	667357	25	8	665884	9051944	1675393	7376551	1634730128	387004
13542859188	667357	24	8	665884	9052385	1675460	7376925	1634752969	387004
13543689350	667357	24	8	665884	9052857	1675527	7377330	1634777079	387004
13544404039	667357	25	8	665884	9053314	1675596	7377718	1634800923	387004
13545072208	667357	25	8	665884	9053777	1675662	7378115	1634824763	387004
13545931144	667359	23	8	665886	9054209	1675711	7378498	1634877770	387004
13546753050	667359	23	8	665886	9054666	1675783	7378883	1634901492	387004
13547429386	667359	21	8	665886	9055115	1675850	7379265	1634924760	387004
13548102823	667359	23	8	665886	9055562	1675913	7379649	1634947825	387004
13548683704	667359	22	8	665886	9056009	1675981	7380028	1634971065	387004
13549224970	667359	25	8	665886	9056453	1676046	7380407	1634994085	387004
13550005358	667359	23	8	665886	9056908	1676106	7380802	1635017558	387004
13550656071	667359	24	8	665886	9057358	1676161	7381197	1635040509	387004
13551344919	667359	23	8	665886	9057797	1676220	7381577	1635063115	387004
13552022155	667359	25	8	665886	9058246	1676281	7381965	1635086315	387004
13552853647	667359	23	8	665886	9058697	1676341	7382356	1635109423	387004
13553500832	667359	24	8	665886	9059157	1676408	7382749	1635133009	387004
13554159736	667359	23	8	665886	9059611	1676467	7383144	1635156552	387004
13554995600	667359	27	8	665886	9060055	1676519	7383536	1635179319	387004
13555650716	667359	24	8	665886	9060521	1676592	7383929	1635203304	387004
13556258322	667359	24	8	665886	9060960	1676647	7384313	1635226146	387004
13557022259	667359	23	8	665886	9061398	1676713	7384685	1635248932	387004
13557766282	667359	26	8	665886	9061840	1676769	7385071	1635271706	387004
13558597054	667359	22	8	665886	9062269	1676833	7385436	1635294091	387004
13559393912	667359	19	8	665886	9062722	1676902	7385820	1635317584	387004
13560166169	667359	22	8	665886	9063188	1676968	7386220	1635341376	387004
13560856816	667359	21	8	665886	9063650	1677033	7386617	1635365314	387004
13561592499	667359	23	8	665886	9064104	1677102	7387002	1635388795	387004
13562245343	667359	22	8	665886	9064553	1677157	7387396	1635411844	387004
13563027390	667359	26	8	665886	9065015	1677228	7387787	1635435649	387004
13563729640	667359	24	8	665886	9065473	1677294	7388179	1635459188	387004
13564509846	667359	23	8	665886	9065932	1677360	7388572	1635482911	387004
13565417817	667359	25	8	665886	9066398	1677425	7388973	1635506803	387004
13565980981	667359	25	8	665886	9066824	1677488	7389336	1635529113	387004
13566741952	667359	22	8	665886	9067279	1677551	7389728	1635552705	387004
13567327185	667359	24	8	665886	9067719	1677606	7390113	1635575343	387004
13568152605	667359	22	8	665886	9068157	1677661	7390496	1635598108	387004
13568910978	667359	26	8	665886	9068605	1677725	7390880	1635621078	387004
13569887458	667359	20	8	665886	9069059	1677796	7391263	1635644764	387004
13570565768	667359	17	8	665886	9069500	1677858	7391642	1635667387	387004
13571279387	667359	23	8	665886	9069976	1677921	7392055	1635691841	387004
13572090288	667359	24	8	665886	9070421	1677987	7392434	1635714899	387004
13572782417	667359	22	8	665886	9070871	1678040	7392831	1635738147	387004
13573424867	667360	21	8	665887	9071291	1678081	7393210	1635787928	387004
13574248706	667360	19	8	665887	9071747	1678141	7393606	1635811315	387004
13574956447	667360	23	8	665887	9072188	1678198	7393990	1635833942	387004
13575985786	667360	25	8	665887	9072663	1678267	7394396	1635858565	387004
13576646654	667360	20	8	665887	9073094	1678339	7394755	1635881038	387004
13577385786	667360	25	8	665887	9073567	1678402	7395165	1635905327	387004
13578362803	667360	25	8	665887	9074028	1678463	7395565	1635929105	387004
13579075138	667360	22	8	665887	9074493	1678539	7395954	1635953143	387004
13579804244	667360	21	8	665887	9074947	1678604	7396343	1635976492	387004
13580467644	667360	24	8	665887	9075392	1678658	7396734	1635999657	387004
13580963845	667360	24	8	665887	9075837	1678729	7397108	1636022649	387004
13581756453	667360	23	8	665887	9076294	1678797	7397497	1636046330	387004
13582465698	667360	22	8	665887	9076746	1678868	7397878	1636069675	387004
13583310091	667360	20	8	665887	9077204	1678936	7398268	1636093245	387004
13584238556	667360	22	8	665887	9077652	1678991	7398661	1636116179	387004
13585142904	667360	24	8	665887	9078127	1679052	7399075	1636140655	387004
13585739772	667360	25	8	665887	9078563	1679113	7399450	1636163128	387004
13586404747	667360	21	8	665887	9079015	1679169	7399846	1636186406	387004
13587263142	667360	18	8	665887	9079470	1679232	7400238	1636209644	387004
13587946884	667361	25	8	665888	9079943	1679302	7400641	1636234197	387003
13588695470	667361	26	8	665888	9080370	1679362	7401008	1636256075	387003
13589441456	667361	24	8	665888	9080814	1679419	7401395	1636279106	387003
13590054220	667361	23	8	665888	9081254	1679480	7401774	1636301871	387003
13590938105	667361	25	8	665888	9081717	1679543	7402174	1636325591	387003
13591747556	667361	24	8	665888	9082159	1679602	7402557	1636348581	387003
13592362959	667361	20	8	665888	9082609	1679660	7402949	1636371625	387003
13593103431	667361	23	8	665888	9083071	1679729	7403342	1636395613	387003
13593881672	667361	23	8	665888	9083530	1679794	7403736	1636419226	387003
13594374830	667361	20	8	665888	9083940	1679849	7404091	1636440209	387003
13595059904	667361	21	8	665888	9084413	1679924	7404489	1636464887	387003
13595621571	667361	22	8	665888	9084854	1679990	7404864	1636487649	387003
13596205449	667361	23	8	665888	9085289	1680045	7405244	1636509980	387003
13596934933	667361	23	8	665888	9085738	1680104	7405634	1636532940	387003
13597405568	667361	22	8	665888	9086181	1680169	7406012	1636555942	387003
13598246169	667361	23	8	665888	9086632	1680230	7406402	1636579093	387003
13598917782	667361	24	8	665888	9087089	1680296	7406793	1636602874	387003
13599725996	667361	24	8	665888	9087552	1680364	7407188	1636626750	387003
13600594765	667361	21	8	665888	9088012	1680431	7407581	1636650496	387003
13601281346	667361	24	8	665888	9088460	1680499	7407961	1636673703	387003
13601866199	667361	24	8	665888	9088929	1680555	7408374	1636697376	387003
13602512868	667361	27	8	665888	9089379	1680617	7408762	1636720752	387003
13603292192	667362	23	8	665889	9089810	1680661	7409149	1636803793	387003
13604081658	667362	24	8	665889	9090263	1680723	7409540	1636826908	387003
13604717340	667362	20	8	665889	9090706	1680785	7409921	1636849965	387003
13605335340	667362	21	8	665889	9091161	1680854	7410307	1636873307	387003
13605852248	667362	21	8	665889	9091607	1680920	7410687	1636896507	387003
13606492270	667362	22	8	665889	9092043	1680975	7411068	1636918935	387003
13607459944	667362	22	8	665889	9092513	1681050	7411463	1636943389	387003
13608069322	667362	25	8	665889	9092958	1681113	7411845	1636966438	387003
13608633074	667363	22	8	665890	9093417	1681179	7412238	1636990060	387002
13609319961	667363	24	8	665890	9093862	1681240	7412622	1637013027	387002
13610039721	667363	20	8	665890	9094322	1681310	7413012	1637036841	387002
13610673925	667363	25	8	665890	9094774	1681372	7413402	1637059960	387002
13611133026	667363	19	8	665890	9095212	1681434	7413778	1637082716	387002
13611859649	667365	25	8	665892	9095689	1681508	7414181	1637140528	387002
13612568249	667366	20	8	665893	9096144	1681576	7414568	1637164044	387001
13613229092	667366	23	8	665893	9096611	1681642	7414969	1637187905	387001
13613827205	667366	20	8	665893	9097055	1681700	7415355	1637210849	387001
13614563041	667366	25	8	665893	9097521	1681774	7415747	1637234998	387001
13615438270	667366	20	8	665893	9097981	1681840	7416141	1637258819	387001
13616371222	667366	21	8	665893	9098432	1681902	7416530	1637282148	387001
13616910173	667366	19	8	665893	9098884	1681975	7416909	1637305381	387001
13617658903	667366	23	8	665893	9099320	1682031	7417289	1637328037	387001
13618295189	667366	21	8	665893	9099777	1682106	7417671	1637351738	387001
13619093126	667366	23	8	665893	9100249	1682170	7418079	1637375928	387001
13619768406	667366	18	8	665893	9100701	1682225	7418476	1637399096	387001
13620291732	667366	24	8	665893	9101144	1682280	7418864	1637421959	387001
13620844610	667366	20	8	665893	9101558	1682334	7419224	1637443565	387001
13621595220	667366	23	8	665893	9102004	1682389	7419615	1637466368	387001
13622323305	667366	21	8	665893	9102466	1682452	7420014	1637490017	387001
13622915048	667366	23	8	665893	9102918	1682511	7420407	1637513383	387001
13623532148	667366	23	8	665893	9103357	1682564	7420793	1637535969	387001
13624181189	667366	24	8	665893	9103818	1682620	7421198	1637559428	387001
13624816288	667366	22	8	665893	9104260	1682686	7421574	1637582402	387001
13625387372	667366	27	8	665893	9104701	1682747	7421954	1637605267	387001
13626151828	667366	23	8	665893	9105154	1682804	7422350	1637628744	387001
13626764177	667366	24	8	665893	9105586	1682855	7422731	1637650764	387001
13627469565	667366	21	8	665893	9106058	1682920	7423138	1637675130	387001
13628223929	667366	22	8	665893	9106508	1682979	7423529	1637698290	387001
13628842680	667366	19	8	665893	9106963	1683055	7423908	1637721895	387001
13629398808	667366	23	8	665893	9107408	1683123	7424285	1637744965	387001
13630125659	667366	20	8	665893	9107856	1683172	7424684	1637768000	387001
13630931906	667366	22	8	665893	9108309	1683234	7425075	1637791375	387001
13631628109	667366	18	8	665893	9108748	1683290	7425458	1637813857	387001
13632332789	667366	23	8	665893	9109218	1683358	7425860	1637837976	387001
13633065671	667366	22	8	665893	9109666	1683421	7426245	1637861202	387001
