bytes_written	total_items	curr_connections	threads	cmd_set	cmd_get	get_misses	get_hits	bytes_read
15084661605	3272753	20	8	3566038	12384682	1687421	10697261	1992622820	482165
15085364055	3272902	24	8	3566195	12385298	1687484	10697814	1992663762	482165
15086504212	3273054	18	8	3566370	12385958	1687544	10698414	1992707790	482165
15087376117	3273204	26	8	3566534	12386613	1687609	10699004	1992751055	482165
15088477505	3273361	19	8	3566706	12387286	1687675	10699611	1992812575	482166
15089432175	3273514	25	8	3566877	12387966	1687741	10700225	1992857802	482166
15090165320	3273669	20	8	3567050	12388627	1687805	10700822	1992901768	482166
15091137591	3273824	31	8	3567241	12389321	1687879	10701442	1992948360	482166
15091825603	3273977	20	8	3567426	12390008	1687951	10702057	1992994150	482166
15092894846	3274132	22	8	3567597	12390691	1688023	10702668	1993039171	482166
15093904560	3274284	17	8	3567768	12391348	1688078	10703270	1993082599	482166
15094709760	3274436	21	8	3567929	12392002	1688153	10703849	1993125757	482166
15095419920	3274590	21	8	3568104	12392694	1688229	10704465	1993171646	482166
15096453475	3274740	25	8	3568274	12393368	1688292	10705076	1993216021	482166
15097416135	3274896	21	8	3568446	12394022	1688353	10705669	1993259673	482166
15098174006	3275049	23	8	3568613	12394704	1688428	10706276	1993304388	482166
15099147160	3275201	27	8	3568785	12395374	1688496	10706878	1993348709	482166
15100041074	3275357	18	8	3568951	12396035	1688558	10707477	1993392190	482166
15101111803	3275509	24	8	3569118	12396705	1688627	10708078	1993436402	482166
15102074806	3275664	20	8	3569282	12397365	1688699	10708666	1993480105	482166
15102824690	3275818	22	8	3569456	12398027	1688756	10709271	1993524110	482166
15103675920	3275971	26	8	3569626	12398696	1688822	10709874	1993568233	482166
15104716216	3276126	17	8	3569790	12399362	1688894	10710468	1993612080	482166
15105523166	3276279	23	8	3569957	12400038	1688970	10711068	1993656481	482166
15106353942	3276434	23	8	3570131	12400720	1689039	10711681	1993701667	482166
15107209495	3276587	26	8	3570309	12401390	1689106	10712284	1993763326	482167
15108079675	3276744	18	8	3570484	12402045	1689164	10712881	1993845843	482169
15108898562	3276895	25	8	3570651	12402694	1689231	10713463	1993889164	482169
15109616505	3277050	22	8	3570824	12403351	1689289	10714062	1993932728	482169
15110768835	3277199	26	8	3570994	12404013	1689345	10714668	1993976565	482169
15111558450	3277356	22	8	3571165	12404690	1689413	10715277	1994021235	482169
15112425453	3277509	24	8	3571333	12405354	1689480	10715874	1994065246	482169
15113285443	3277663	17	8	3571496	12405994	1689547	10716447	1994107747	482169
15114246004	3277817	20	8	3571665	12406646	1689606	10717040	1994151075	482169
15115330098	3277971	19	8	3571828	12407301	1689668	10717633	1994194238	482169
15116328922	3278126	25	8	3571996	12407978	1689737	10718241	1994238722	482169
15117107737	3278281	16	8	3572165	12408636	1689807	10718829	1994282453	482169
15117946693	3278437	24	8	3572325	12409295	1689870	10719425	1994325750	482169
15119002039	3278589	20	8	3572491	12409962	1689943	10720019	1994369888	482169
15119904702	3278738	24	8	3572656	12410610	1690006	10720604	1994412709	482169
15120639736	3278896	23	8	3572821	12411277	1690077	10721200	1994470653	482170
15121627502	3279048	24	8	3572988	12411949	1690148	10721801	1994514813	482170
15122436253	3279202	20	8	3573165	12412618	1690216	10722402	1994559525	482170
15123369050	3279353	26	8	3573333	12413281	1690285	10722996	1994603449	482170
15124276202	3279506	21	8	3573507	12413943	1690360	10723583	1994647678	482170
15124990557	3279663	24	8	3573689	12414621	1690423	10724198	1994692864	482170
15125882694	3279820	17	8	3573871	12415297	1690492	10724805	1994738059	482170
15126863763	3279964	21	8	3574029	12415940	1690553	10725387	1994780204	482170
15127883467	3280124	14	8	3574204	12416636	1690624	10726012	1994825889	482170
15128743985	3280274	25	8	3574366	12417286	1690687	10726599	1994868985	482170
15129800615	3280429	21	8	3574529	12417948	1690755	10727193	1994912594	482170
15130673021	3280587	22	8	3574701	12418617	1690825	10727792	1994957008	482170
15131428754	3280743	17	8	3574883	12419287	1690892	10728395	1995001748	482170
15132327682	3280895	21	8	3575057	12419961	1690943	10729018	1995046283	482170
15133176312	3281049	20	8	3575221	12420611	1691017	10729594	1995089425	482170
15134294384	3281204	20	8	3575408	12421286	1691082	10730204	1995134785	482170
15135176987	3281349	20	8	3575572	12421916	1691140	10730776	1995176834	482170
15136314052	3281499	25	8	3575739	12422565	1691189	10731376	1995220107	482170
15137438761	3281649	20	8	3575903	12423205	1691257	10731948	1995262567	482170
15138469995	3281797	21	8	3576068	12423854	1691322	10732532	1995305645	482170
15139274145	3281947	21	8	3576230	12424478	1691382	10733096	1995347257	482170
15140132028	3282096	21	8	3576393	12425121	1691450	10733671	1995389814	482170
15140879792	3282246	21	8	3576556	12425748	1691509	10734239	1995431617	482170
15141756503	3282391	22	8	3576713	12426381	1691566	10734815	1995473416	482170
15142485968	3282538	20	8	3576883	12427011	1691624	10735387	1995515448	482170
15143324571	3282687	26	8	3577059	12427670	1691698	10735972	1995559703	482170
15144155114	3282837	17	8	3577231	12428287	1691756	10736531	1995601349	482170
15145254413	3282989	21	8	3577400	12428953	1691823	10737130	1995645377	482170
15146142950	3283135	20	8	3577556	12429584	1691888	10737696	1995687121	482170
15147064173	3283290	21	8	3577719	12430236	1691950	10738286	1995729998	482170
15148182971	3283439	20	8	3577903	12430883	1692008	10738875	1995784271	482169
15149057658	3283589	20	8	3578072	12431529	1692073	10739456	1995827405	482169
15149979295	3283730	23	8	3578242	12432176	1692158	10740018	1995870911	482169
15150559299	3283886	23	8	3578414	12432814	1692215	10740599	1995913657	482169
15151307212	3284036	20	8	3578577	12433454	1692270	10741184	1995955761	482169
15152181769	3284185	20	8	3578748	12434112	1692341	10741771	1995999696	482169
15153045487	3284331	22	8	3578901	12434729	1692410	10742319	1996040708	482169
15153862882	3284480	22	8	3579064	12435366	1692476	10742890	1996083095	482169
15154720165	3284626	21	8	3579219	12436001	1692546	10743455	1996124856	482169
15155724731	3284775	24	8	3579377	12436638	1692607	10744031	1996166783	482169
15156584296	3284923	24	8	3579535	12437260	1692674	10744586	1996208189	482169
15157378297	3285076	21	8	3579694	12437902	1692736	10745166	1996250532	482169
15158466778	3285221	20	8	3579853	12438529	1692794	10745735	1996292188	482169
15159274693	3285370	23	8	3580028	12439182	1692871	10746311	1996336013	482169
15160101166	3285515	23	8	3580202	12439809	1692931	10746878	1996378199	482169
15160976831	3285665	24	8	3580372	12440461	1692988	10747473	1996421636	482169
15161753525	3285815	19	8	3580538	12441098	1693051	10748047	1996463868	482169
15162848529	3285969	19	8	3580705	12441779	1693138	10748641	1996508660	482169
15163862654	3286113	21	8	3580867	12442412	1693207	10749205	1996550913	482169
15164663192	3286260	23	8	3581025	12443030	1693268	10749762	1996592090	482169
15165355436	3286410	20	8	3581186	12443657	1693337	10750320	1996633793	482169
15166059465	3286564	18	8	3581354	12444306	1693400	10750906	1996676995	482168
15166902411	3286710	19	8	3581510	12444917	1693454	10751463	1996717691	482168
15167879625	3286864	25	8	3581675	12445608	1693536	10752072	1996762874	482168
15168729331	3287009	22	8	3581826	12446218	1693594	10752624	1996803087	482168
15169634382	3287161	22	8	3581997	12446881	1693648	10753233	1996846747	482168
15170396250	3287305	19	8	3582149	12447490	1693709	10753781	1996887050	482168
15171253501	3287454	22	8	3582313	12448119	1693769	10754350	1996928979	482168
15171949724	3287604	20	8	3582475	12448743	1693827	10754916	1996970359	482168
15172894400	3287754	24	8	3582641	12449385	1693886	10755499	1997013007	482168
15173776997	3287903	18	8	3582807	12450016	1693947	10756069	1997055216	482168
15174471954	3288055	18	8	3582973	12450644	1694002	10756642	1997097148	482168
15175311192	3288199	24	8	3583133	12451277	1694078	10757199	1997139457	482168
15176185582	3288352	22	8	3583301	12451916	1694141	10757775	1997182137	482168
15177274568	3288501	26	8	3583484	12452562	1694190	10758372	1997225719	482168
15178302439	3288647	18	8	3583647	12453184	1694246	10758938	1997267280	482168
15179192044	3288795	26	8	3583813	12453823	1694313	10759510	1997309859	482168
15180011598	3288946	19	8	3583975	12454461	1694377	10760084	1997352145	482168
15180796066	3289093	22	8	3584136	12455104	1694454	10760650	1997394895	482168
15181543442	3289247	22	8	3584302	12455752	1694526	10761226	1997437790	482168
15182414359	3289389	20	8	3584464	12456371	1694590	10761781	1997479109	482168
15183042294	3289541	21	8	3584629	12457020	1694656	10762364	1997522011	482168
15184011586	3289687	25	8	3584793	12457659	1694728	10762931	1997564781	482168
15184918119	3289841	17	8	3584960	12458301	1694786	10763515	1997607370	482168
15185764984	3289985	22	8	3585115	12458938	1694850	10764088	1997649313	482168
15186734262	3290137	22	8	3585283	12459596	1694909	10764687	1997692649	482168
15187695446	3290283	25	8	3585451	12460236	1694978	10765258	1997735397	482168
15188686916	3290431	17	8	3585612	12460873	1695041	10765832	1997777407	482168
15189620590	3290577	25	8	3585766	12461493	1695102	10766391	1997841515	482168
15190243943	3290727	23	8	3585931	12462140	1695174	10766966	1997884406	482168
15191039209	3290879	25	8	3586095	12462781	1695245	10767536	1997926933	482168
15191798120	3291031	15	8	3586261	12463406	1695292	10768114	1997968548	482168
15192734463	3291178	26	8	3586422	12464047	1695349	10768698	1998010831	482168
15193557654	3291325	23	8	3586589	12464669	1695407	10769262	1998052586	482168
15194470764	3291472	26	8	3586747	12465303	1695472	10769831	1998094530	482168
15195286267	3291625	21	8	3586919	12465958	1695528	10770430	1998138088	482168
15196146424	3291774	22	8	3587080	12466602	1695590	10771012	1998180419	482168
15196776458	3291923	15	8	3587248	12467223	1695646	10771577	1998222200	482168
15197911523	3292067	25	8	3587409	12467853	1695708	10772145	1998264187	482168
15198745420	3292217	23	8	3587577	12468505	1695769	10772736	1998307419	482168
15199815228	3292362	29	8	3587736	12469151	1695838	10773313	1998349921	482168
15200617557	3292512	28	8	3587897	12469789	1695901	10773888	1998392044	482168
15201319762	3292661	21	8	3588064	12470407	1695954	10774453	1998433475	482168
15202035917	3292814	19	8	3588228	12471048	1696013	10775035	1998475879	482168
15202842197	3292958	25	8	3588385	12471693	1696075	10775618	1998518148	482168
15203561473	3293110	23	8	3588552	12472333	1696145	10776188	1998560956	482168
15204565464	3293260	22	8	3588710	12472966	1696206	10776760	1998602687	482168
15205391688	3293413	18	8	3588874	12473598	1696273	10777325	1998644839	482168
15206370946	3293558	21	8	3589028	12474223	1696339	10777884	1998686119	482168
15207161428	3293708	23	8	3589199	12474863	1696401	10778462	1998728986	482168
15208102477	3293852	31	8	3589356	12475499	1696465	10779034	1998770996	482168
15209211534	3294005	23	8	3589531	12476163	1696528	10779635	1998815109	482168
15209895145	3294151	22	8	3589693	12476798	1696589	10780209	1998857109	482168
15210587791	3294307	15	8	3589868	12477440	1696651	10780789	1998900178	482168
15211411120	3294452	22	8	3590031	12478075	1696713	10781362	1998942564	482168
15212307707	3294601	21	8	3590194	12478707	1696772	10781935	1998984464	482168
15213183251	3294749	27	8	3590356	12479363	1696837	10782526	1999027667	482168
15213937873	3294903	22	8	3590524	12479994	1696893	10783101	1999069852	482168
15214678600	3295047	23	8	3590679	12480631	1696966	10783665	1999111896	482168
15215232395	3295197	21	8	3590853	12481272	1697039	10784233	1999155033	482168
15216094358	3295369	24	8	3591046	12481963	1697128	10784835	1999217016	482167
15216817364	3295522	17	8	3591211	12482590	1697201	10785389	1999259046	482167
15217779394	3295671	23	8	3591376	12483240	1697266	10785974	1999302456	482167
15218347817	3295817	24	8	3591547	12483874	1697322	10786552	1999344965	482167
15219187456	3295967	25	8	3591707	12484496	1697378	10787118	1999386474	482167
15220098727	3296119	21	8	3591882	12485140	1697441	10787699	1999429558	482167
15220838318	3296270	21	8	3592045	12485772	1697501	10788271	1999471700	482167
15221494530	3296416	23	8	3592210	12486408	1697569	10788839	1999514192	482167
15222343306	3296564	25	8	3592371	12487063	1697645	10789418	1999557415	482167
15223100751	3296715	24	8	3592537	12487699	1697706	10789993	1999599555	482167
15224008652	3296863	26	8	3592701	12488341	1697758	10790583	1999641951	482167
15224895074	3297013	23	8	3592863	12488971	1697824	10791147	1999683947	482167
15225797217	3297164	24	8	3593042	12489640	1697890	10791750	1999728650	482167
15226507328	3297311	20	8	3593208	12490251	1697936	10792315	1999769343	482167
15227385572	3297459	23	8	3593363	12490894	1698011	10792883	1999811719	482167
15228154263	3297606	19	8	3593515	12491504	1698074	10793430	1999852289	482167
15228742622	3297755	23	8	3593672	12492116	1698117	10793999	1999892815	482167
15229517577	3297906	17	8	3593850	12492755	1698175	10794580	1999935729	482167
15230315582	3298056	19	8	3594017	12493398	1698238	10795160	1999978609	482167
15230986121	3298202	20	8	3594178	12494012	1698291	10795721	2000019460	482167
15231638362	3298350	25	8	3594343	12494645	1698367	10796278	2000062201	482166
15232552842	3298497	23	8	3594499	12495261	1698431	10796830	2000103048	482166
15233369845	3298649	23	8	3594657	12495892	1698492	10797400	2000144636	482166
15234236650	3298794	23	8	3594815	12496517	1698556	10797961	2000186001	482166
15235329389	3298942	19	8	3594972	12497150	1698619	10798531	2000227743	482166
15236162863	3299089	20	8	3595128	12497767	1698686	10799081	2000268837	482166
15236855322	3299238	21	8	3595285	12498389	1698741	10799648	2000310002	482166
15238018569	3299387	23	8	3595447	12499038	1698800	10800238	2000352705	482166
15238703835	3299537	21	8	3595613	12499668	1698850	10800818	2000394702	482166
15239633658	3299685	19	8	3595778	12500305	1698914	10801391	2000437016	482166
15240559661	3299834	23	8	3595939	12500953	1698972	10801981	2000479680	482166
15241110049	3299979	24	8	3596095	12501552	1699028	10802524	2000519740	482166
15242035677	3300135	26	8	3596266	12502223	1699104	10803119	2000564140	482166
15242834458	3300283	22	8	3596425	12502843	1699162	10803681	2000605283	482166
15243632348	3300435	18	8	3596586	12503479	1699220	10804259	2000647346	482166
15244378268	3300580	18	8	3596748	12504092	1699276	10804816	2000688367	482166
15245184031	3300730	21	8	3596911	12504726	1699335	10805391	2000730608	482166
15245826536	3300872	22	8	3597066	12505322	1699395	10805927	2000770455	482166
15246830048	3301026	22	8	3597236	12505973	1699458	10806515	2000813790	482166
15247694887	3301174	23	8	3597399	12506613	1699530	10807083	2000856430	482166
15248697318	3301328	21	8	3597583	12507288	1699601	10807687	2000901613	482166
15249679240	3301476	23	8	3597751	12507938	1699667	10808271	2000944744	482166
15250483535	3301626	21	8	3597916	12508579	1699727	10808852	2000987502	482166
15251204957	3301775	22	8	3598075	12509200	1699791	10809409	2001028787	482166
15251900262	3301926	23	8	3598240	12509842	1699862	10809980	2001071499	482166
15252781912	3302076	20	8	3598405	12510484	1699921	10810563	2001113941	482166
15253728041	3302225	21	8	3598569	12511129	1699987	10811142	2001156762	482166
15254461195	3302371	22	8	3598732	12511760	1700050	10811710	2001198799	482166
15255361047	3302523	20	8	3598897	12512417	1700122	10812295	2001242215	482166
15256141285	3302672	25	8	3599062	12513046	1700176	10812870	2001284137	482166
15256887814	3302826	20	8	3599232	12513697	1700249	10813448	2001327497	482166
15257710767	3302971	22	8	3599392	12514324	1700304	10814020	2001369170	482166
15258602822	3303121	19	8	3599561	12514975	1700362	10814613	2001412286	482166
15259544036	3303270	24	8	3599729	12515599	1700411	10815188	2001453991	482166
15260490067	3303421	22	8	3599905	12516259	1700474	10815785	2001497982	482166
15261342031	3303569	22	8	3600075	12516909	1700528	10816381	2001540976	482166
15262077478	3303721	23	8	3600242	12517543	1700584	10816959	2001583177	482166
15262918982	3303865	22	8	3600393	12518168	1700653	10817515	2001624441	482166
15263778214	3304016	19	8	3600560	12518804	1700706	10818098	2001666839	482166
15264471374	3304164	24	8	3600720	12519437	1700775	10818662	2001708911	482166
15265390578	3304320	15	8	3600884	12520061	1700831	10819230	2001750583	482166
15266209039	3304462	21	8	3601043	12520696	1700908	10819788	2001792777	482167
15267007322	3304615	19	8	3601202	12521334	1700965	10820369	2001834699	482167
15267953505	3304760	24	8	3601369	12521980	1701035	10820945	2001878035	482167
15268827075	3304910	23	8	3601540	12522640	1701107	10821533	2001921940	482167
15269681411	3305062	23	8	3601709	12523290	1701172	10822118	2001965075	482167
15270400415	3305215	17	8	3601889	12523947	1701238	10822709	2002009044	482167
15271173785	3305360	20	8	3602050	12524574	1701299	10823275	2002050737	482167
15272136584	3305512	20	8	3602217	12525220	1701358	10823862	2002093489	482167
15273019238	3305658	23	8	3602379	12525864	1701417	10824447	2002136065	482167
15274066826	3305811	20	8	3602545	12526517	1701480	10825037	2002179133	482167
15274945178	3305959	24	8	3602704	12527161	1701554	10825607	2002221635	482167
15275685204	3306108	23	8	3602869	12527801	1701622	10826179	2002264218	482167
15276419390	3306259	22	8	3603035	12528442	1701686	10826756	2002306930	482167
15277129206	3306408	19	8	3603194	12529071	1701757	10827314	2002348756	482167
15278022445	3306551	22	8	3603352	12529692	1701825	10827867	2002390081	482167
15278742147	3306697	23	8	3603518	12530315	1701880	10828435	2002431738	482167
15279522216	3306849	23	8	3603691	12530974	1701947	10829027	2002475530	482167
15280479651	3307000	20	8	3603853	12531619	1702009	10829610	2002518166	482167
15281446322	3307148	20	8	3604018	12532291	1702093	10830198	2002562335	482167
15282218982	3307294	21	8	3604181	12532924	1702157	10830767	2002604653	482167
15282986339	3307441	25	8	3604340	12533543	1702214	10831329	2002645616	482167
15283529007	3307594	19	8	3604511	12534207	1702293	10831914	2002689633	482167
15284438608	3307740	21	8	3604668	12534862	1702364	10832498	2002732439	482167
15285191316	3307889	20	8	3604834	12535503	1702423	10833080	2002774885	482167
15285883216	3308041	18	8	3605000	12536140	1702483	10833657	2002817237	482167
15286636045	3308190	19	8	3605162	12536775	1702542	10834233	2002859377	482167
15287606229	3308340	19	8	3605333	12537418	1702609	10834809	2002902349	482167
15288433745	3308481	23	8	3605479	12538038	1702680	10835358	2002942924	482167
15289217819	3308623	26	8	3605634	12538667	1702758	10835909	2002984767	482167
15290231116	3308773	25	8	3605798	12539307	1702813	10836494	2003027107	482167
15291050085	3308925	25	8	3605968	12539940	1702882	10837058	2003069680	482167
15291742415	3309073	18	8	3606130	12540561	1702938	10837623	2003111000	482167
15292699963	3309223	19	8	3606292	12541187	1702995	10838192	2003152703	482167
15293447590	3309373	17	8	3606467	12541825	1703052	10838773	2003195498	482167
15294319499	3309521	22	8	3606641	12542474	1703108	10839366	2003238919	482167
15295327220	3309670	22	8	3606820	12543114	1703163	10839951	2003282305	482167
15296481605	3309821	17	8	3606992	12543779	1703229	10840550	2003326208	482167
15297338230	3309968	21	8	3607152	12544416	1703293	10841123	2003368496	482167
15298235177	3310115	23	8	3607320	12545054	1703354	10841700	2003411099	482167
15299234271	3310264	21	8	3607488	12545683	1703423	10842260	2003453557	482167
15300209854	3310409	24	8	3607648	12546304	1703479	10842825	2003494849	482167
15301144933	3310562	24	8	3607819	12546936	1703526	10843410	2003536939	482167
15301927572	3310711	17	8	3607980	12547572	1703597	10843975	2003579408	482167
15302675592	3310859	20	8	3608134	12548194	1703657	10844537	2003620488	482167
15303500907	3311008	19	8	3608299	12548836	1703713	10845123	2003662947	482167
15304563320	3311157	22	8	3608468	12549480	1703778	10845702	2003706030	482167
15305521754	3311301	26	8	3608618	12550091	1703831	10846260	2003746419	482167
15306233946	3311451	24	8	3608786	12550729	1703891	10846838	2003788862	482167
15307140989	3311601	25	8	3608954	12551376	1703953	10847423	2003831660	482167
15307885542	3311751	19	8	3609125	12552024	1704019	10848005	2003874896	482167
15308745478	3311898	23	8	3609294	12552674	1704081	10848593	2003918145	482167
15309462802	3312046	22	8	3609449	12553287	1704142	10849145	2003958652	482167
15310389065	3312194	24	8	3609607	12553920	1704213	10849707	2004000645	482167
15311491850	3312343	24	8	3609779	12554580	1704285	10850295	2004044639	482167
15312376203	3312491	23	8	3609936	12555217	1704351	10850866	2004086802	482167
15313034422	3312641	22	8	3610100	12555837	1704412	10851425	2004128242	482167
15314027935	3312790	23	8	3610255	12556484	1704478	10852006	2004170571	482167
15314908013	3312943	19	8	3610424	12557125	1704541	10852584	2004213271	482167
15315603655	3313092	21	8	3610594	12557780	1704610	10853170	2004256914	482167
15316306844	3313241	19	8	3610759	12558403	1704668	10853735	2004298734	482167
15317312984	3313392	26	8	3610936	12559051	1704728	10854323	2004342417	482167
15318074359	3313540	19	8	3611100	12559654	1704780	10854874	2004382987	482167
15318859050	3313685	25	8	3611256	12560279	1704847	10855432	2004424584	482167
15319747704	3313834	23	8	3611414	12560896	1704905	10855991	2004465565	482167
15320703477	3313985	26	8	3611577	12561533	1704955	10856578	2004507617	482167
15321260133	3314132	22	8	3611739	12562147	1705017	10857130	2004548713	482167
15321960429	3314281	23	8	3611910	12562807	1705087	10857720	2004592573	482167
15322705882	3314431	18	8	3612075	12563444	1705139	10858305	2004634575	482167
15323707986	3314576	24	8	3612227	12564085	1705209	10858876	2004676492	482167
15324504096	3314730	19	8	3612395	12564727	1705277	10859450	2004746522	482168
15325559556	3314880	21	8	3612555	12565367	1705333	10860034	2004788813	482168
15326229355	3315028	20	8	3612721	12566016	1705397	10860619	2004831755	482168
15327204992	3315183	25	8	3612898	12566696	1705457	10861239	2004876594	482168
15328114311	3315334	19	8	3613065	12567332	1705516	10861816	2004918899	482168
15329170744	3315483	20	8	3613233	12568007	1705579	10862428	2004963261	482168
15329834794	3315631	22	8	3613395	12568608	1705625	10862983	2005003478	482168
15330753534	3315782	22	8	3613561	12569269	1705693	10863576	2005047072	482168
15331626558	3315928	24	8	3613712	12569874	1705757	10864117	2005087236	482168
15332402598	3316075	27	8	3613870	12570507	1705817	10864690	2005129109	482168
15332950128	3316235	21	8	3614042	12571142	1705882	10865260	2005171898	482168
15333908899	3316386	19	8	3614206	12571793	1705954	10865839	2005214907	482168
15334933459	3316532	22	8	3614369	12572407	1706007	10866400	2005255986	482168
15335796088	3316684	20	8	3614540	12573065	1706067	10866998	2005299709	482168
15336526127	3316831	19	8	3614713	12573693	1706121	10867572	2005341883	482168
15337231483	3316980	20	8	3614879	12574326	1706191	10868135	2005384283	482168
15338040689	3317125	20	8	3615049	12574950	1706255	10868695	2005426336	482168
15339125055	3317274	26	8	3615215	12575626	1706340	10869286	2005470926	482168
15339839546	3317424	21	8	3615381	12576249	1706403	10869846	2005513078	482168
15340751465	3317577	25	8	3615548	12576898	1706466	10870432	2005556236	482168
15341536303	3317725	21	8	3615709	12577530	1706527	10871003	2005598106	482168
15342492960	3317876	19	8	3615888	12578188	1706577	10871611	2005641925	482168
15343214996	3318023	21	8	3616045	12578802	1706642	10872160	2005683023	482168
15343941817	3318173	23	8	3616206	12579450	1706712	10872738	2005725759	482168
15344875362	3318319	24	8	3616362	12580069	1706775	10873294	2005766836	482168
15345527811	3318469	20	8	3616531	12580713	1706852	10873861	2005813638	482170
15346469985	3318622	18	8	3616707	12581376	1706924	10874452	2005857746	482170
15347575909	3318772	21	8	3616866	12582030	1706995	10875035	2005900832	482170
15348378663	3318917	23	8	3617024	12582658	1707050	10875608	2005942341	482170
15349507379	3319069	19	8	3617187	12583307	1707111	10876196	2005985076	482170
15350596262	3319213	23	8	3617353	12583950	1707177	10876773	2006027948	482170
15351456641	3319364	19	8	3617525	12584590	1707247	10877343	2006070923	482170
15352311056	3319515	22	8	3617698	12585220	1707299	10877921	2006113262	482170
15353340760	3319665	16	8	3617869	12585854	1707355	10878499	2006155738	482170
15354001700	3319812	24	8	3618028	12586495	1707420	10879075	2006198089	482170
15354761772	3319962	21	8	3618208	12587149	1707484	10879665	2006241968	482170
15355566366	3320109	23	8	3618367	12587786	1707548	10880238	2006284238	482170
15356329138	3320260	20	8	3618534	12588429	1707615	10880814	2006326833	482170
15357152392	3320413	22	8	3618698	12589075	1707685	10881390	2006369659	482170
15358339360	3320560	17	8	3618863	12589706	1707750	10881956	2006411833	482170
15359112434	3320707	24	8	3619026	12590351	1707822	10882529	2006454764	482170
15359756030	3320856	21	8	3619198	12591001	1707891	10883110	2006498084	482170
15360565683	3321000	26	8	3619356	12591633	1707954	10883679	2006539945	482170
15361462233	3321150	23	8	3619535	12592284	1708019	10884265	2006583741	482170
15362317902	3321299	21	8	3619707	12592918	1708075	10884843	2006626134	482170
15363047912	3321450	23	8	3619866	12593546	1708140	10885406	2006667832	482170
15363884801	3321597	15	8	3620021	12594141	1708183	10885958	2006707196	482170
15364556353	3321747	23	8	3620176	12594778	1708250	10886528	2006749278	482170
15365478110	3321892	24	8	3620330	12595400	1708314	10887086	2006801335	482170
15366272747	3322043	22	8	3620494	12596041	1708368	10887673	2006881722	482170
15367124311	3322190	22	8	3620654	12596682	1708435	10888247	2006923951	482170
15367983987	3322340	22	8	3620812	12597326	1708503	10888823	2006966450	482170
15368962760	3322487	26	8	3620971	12597951	1708572	10889379	2007008072	482170
15369880025	3322646	21	8	3621152	12598606	1708636	10889970	2007075454	482173
15370853522	3322796	19	8	3621318	12599252	1708711	10890541	2007118344	482173
15371560071	3322948	21	8	3621490	12599910	1708785	10891125	2007162168	482173
15372696934	3323093	23	8	3621652	12600545	1708853	10891692	2007204477	482173
15373923277	3323244	22	8	3621817	12601206	1708918	10892288	2007257513	482173
15374860321	3323390	25	8	3621984	12601844	1708987	10892857	2007300167	482173
15375838585	3323550	22	8	3622164	12602518	1709056	10893462	2007350253	482173
15376624705	3323695	23	8	3622328	12603150	1709123	10894027	2007392398	482173
15377598099	3323846	19	8	3622488	12603795	1709185	10894610	2007435010	482173
15378489770	3323995	23	8	3622644	12604422	1709245	10895177	2007476716	482173
15379251029	3324147	20	8	3622802	12605039	1709301	10895738	2007517618	482173
15380227627	3324294	22	8	3622960	12605679	1709366	10896313	2007559873	482173
15381197323	3324444	17	8	3623122	12606324	1709431	10896893	2007602392	482173
15381932750	3324591	19	8	3623290	12606950	1709490	10897460	2007644307	482173
15382746671	3324739	21	8	3623446	12607583	1709547	10898036	2007686067	482173
15383632566	3324890	21	8	3623608	12608206	1709602	10898604	2007727673	482173
15384484254	3325039	21	8	3623769	12608834	1709668	10899166	2007769525	482173
15385395750	3325191	22	8	3623944	12609494	1709733	10899761	2007813497	482173
15386174590	3325337	23	8	3624109	12610122	1709797	10900325	2007855553	482173
15387056667	3325486	24	8	3624282	12610765	1709850	10900915	2007898575	482173
15387842393	3325633	25	8	3624448	12611391	1709926	10901465	2007940794	482173
15388546688	3325787	28	8	3624622	12612040	1709992	10902048	2007984179	482173
15389622438	3325928	20	8	3624776	12612642	1710043	10902599	2008024197	482173
15390431478	3326079	24	8	3624940	12613300	1710109	10903191	2008067572	482173
15391217906	3326226	20	8	3625115	12613929	1710176	10903753	2008110250	482173
15392024545	3326377	20	8	3625289	12614592	1710249	10904343	2008154431	482173
15392802303	3326523	22	8	3625451	12615215	1710315	10904900	2008196086	482173
15393483108	3326673	25	8	3625618	12615856	1710373	10905483	2008238746	482173
15394528148	3326828	20	8	3625782	12616495	1710437	10906058	2008281028	482173
15395364501	3326975	23	8	3625939	12617129	1710493	10906636	2008322939	482173
15396251137	3327122	22	8	3626101	12617762	1710556	10907206	2008365040	482173
15397049459	3327270	26	8	3626266	12618410	1710620	10907790	2008407979	482173
15397790527	3327428	18	8	3626440	12619062	1710694	10908368	2008451476	482173
15398814391	3327574	20	8	3626606	12619694	1710751	10908943	2008493667	482173
15399669594	3327720	19	8	3626772	12620316	1710814	10909502	2008535540	482173
15400454516	3327869	25	8	3626933	12620975	1710874	10910101	2008578736	482173
15401288070	3328017	21	8	3627085	12621585	1710924	10910661	2008618957	482173
15402131784	3328165	24	8	3627240	12622207	1710985	10911222	2008660172	482173
15403078151	3328320	16	8	3627410	12622865	1711063	10911802	2008703798	482173
15403997710	3328466	23	8	3627564	12623506	1711134	10912372	2008745959	482173
15404783192	3328615	22	8	3627723	12624127	1711195	10912932	2008787236	482173
15405438855	3328761	24	8	3627884	12624744	1711264	10913480	2008828761	482173
15406240915	3328909	21	8	3628041	12625353	1711321	10914032	2008869447	482173
15407332641	3329059	19	8	3628212	12625997	1711383	10914614	2008912323	482173
15408364626	3329206	22	8	3628371	12626630	1711443	10915187	2008954315	482173
15409099461	3329357	22	8	3628533	12627282	1711511	10915771	2008997117	482173
15410037013	3329508	20	8	3628700	12627935	1711579	10916356	2009040315	482173
15411039325	3329656	26	8	3628865	12628568	1711641	10916927	2009082751	482173
15412025726	3329800	23	8	3629026	12629194	1711693	10917501	2009124076	482173
15413005880	3329955	24	8	3629194	12629857	1711761	10918096	2009167758	482173
15413984113	3330101	23	8	3629357	12630482	1711816	10918666	2009209455	482173
15414749688	3330250	25	8	3629520	12631142	1711894	10919248	2009253225	482173
15415568811	3330403	21	8	3629686	12631785	1711961	10919824	2009295759	482173
15416751223	3330555	22	8	3629848	12632441	1712023	10920418	2009338781	482173
15417881033	3330703	23	8	3630018	12633085	1712077	10921008	2009381471	482173
15418612106	3330851	22	8	3630189	12633744	1712138	10921606	2009425147	482173
15419540541	3330999	25	8	3630368	12634392	1712203	10922189	2009468966	482173
15420477672	3331148	24	8	3630533	12635042	1712266	10922776	2009512150	482173
15421506703	3331293	23	8	3630697	12635686	1712335	10923351	2009554550	482173
15422140198	3331442	24	8	3630855	12636322	1712401	10923921	2009596651	482173
15422930237	3331588	20	8	3631015	12636949	1712471	10924478	2009638265	482173
15423710046	3331745	18	8	3631179	12637615	1712543	10925072	2009681896	482173
15424492016	3331890	22	8	3631338	12638250	1712609	10925641	2009724043	482173
15425280235	3332043	24	8	3631505	12638920	1712680	10926240	2009768171	482173
15426098895	3332191	19	8	3631673	12639556	1712746	10926810	2009810570	482173
15426832297	3332333	23	8	3631857	12640208	1712804	10927404	2009854589	482173
15427745200	3332485	16	8	3632037	12640856	1712864	10927992	2009898176	482173
15428738788	3332631	20	8	3632199	12641498	1712924	10928574	2009940689	482173
15429617965	3332782	23	8	3632367	12642157	1712996	10929161	2009984312	482173
15430499931	3332933	19	8	3632534	12642796	1713058	10929738	2010027167	482173
15431538690	3333080	21	8	3632701	12643443	1713128	10930315	2010070017	482173
15432265295	3333230	19	8	3632870	12644070	1713192	10930878	2010112176	482173
15433064436	3333375	17	8	3633031	12644702	1713261	10931441	2010154067	482173
15433983299	3333525	22	8	3633194	12645364	1713327	10932037	2010197425	482173
15434824371	3333673	20	8	3633357	12646003	1713387	10932616	2010239724	482173
15435743082	3333821	17	8	3633532	12646654	1713451	10933203	2010283282	482173
15436536279	3333967	24	8	3633699	12647309	1713529	10933780	2010326748	482173
15437495958	3334116	22	8	3633875	12647965	1713585	10934380	2010370572	482173
15438196927	3334262	23	8	3634041	12648609	1713656	10934953	2010413367	482173
15439049815	3334413	22	8	3634215	12649274	1713729	10935545	2010489243	482173
15439783467	3334558	24	8	3634383	12649904	1713802	10936102	2010531421	482173
15440728611	3334706	21	8	3634538	12650538	1713868	10936670	2010573212	482173
15441644264	3334859	23	8	3634710	12651188	1713942	10937246	2010616646	482173
15442650063	3335009	20	8	3634874	12651835	1714004	10937831	2010659517	482173
15443506610	3335156	24	8	3635030	12652463	1714064	10938399	2010701091	482173
15444394179	3335310	21	8	3635193	12653095	1714131	10938964	2010743499	482173
15445433529	3335454	24	8	3635351	12653728	1714203	10939525	2010785551	482173
15446240760	3335604	22	8	3635518	12654385	1714280	10940105	2010829187	482173
15446837060	3335748	26	8	3635678	12655003	1714343	10940660	2010870473	482173
15447583351	3335898	23	8	3635845	12655634	1714394	10941240	2010912564	482173
15448534209	3336044	27	8	3636000	12656264	1714466	10941798	2010954082	482173
15449245353	3336197	23	8	3636176	12656927	1714529	10942398	2010998044	482173
15450157709	3336341	20	8	3636333	12657539	1714591	10942948	2011038657	482173
15451019274	3336491	18	8	3636498	12658192	1714649	10943543	2011081649	482173
15451896206	3336637	21	8	3636665	12658814	1714711	10944103	2011123591	482173
15452898227	3336786	20	8	3636840	12659484	1714778	10944706	2011168074	482173
15453948704	3336934	22	8	3637015	12660141	1714851	10945290	2011212047	482173
15454821566	3337089	20	8	3637181	12660784	1714916	10945868	2011254988	482173
15455562929	3337232	22	8	3637335	12661385	1714982	10946403	2011295326	482173
15456395598	3337386	18	8	3637498	12662026	1715048	10946978	2011337874	482173
15457148235	3337532	22	8	3637650	12662650	1715118	10947532	2011379132	482173
15458014191	3337686	22	8	3637822	12663313	1715188	10948125	2011423069	482173
15458778867	3337833	22	8	3637986	12663948	1715256	10948692	2011465321	482173
15459737487	3337984	21	8	3638156	12664624	1715329	10949295	2011510041	482173
15460493432	3338128	24	8	3638318	12665235	1715385	10949850	2011551130	482173
15461647648	3338284	22	8	3638486	12665909	1715462	10950447	2011595480	482173
15462407737	3338432	20	8	3638646	12666551	1715537	10951014	2011637858	482173
15463268201	3338576	21	8	3638810	12667179	1715609	10951570	2011680002	482173
15463971900	3338720	21	8	3638965	12667802	1715684	10952118	2011721349	482173
15464867955	3338869	26	8	3639124	12668442	1715746	10952696	2011763604	482173
15465772155	3339022	24	8	3639296	12669092	1715809	10953283	2011806750	482173
15466517171	3339172	20	8	3639464	12669742	1715877	10953865	2011849966	482173
15467442576	3339318	22	8	3639620	12670368	1715936	10954432	2011891434	482173
15468347622	3339466	24	8	3639783	12671009	1716012	10954997	2011934286	482173
15469206076	3339615	22	8	3639958	12671665	1716080	10955585	2011977989	482173
15469962867	3339768	19	8	3640132	12672327	1716162	10956165	2012022255	482173
15470650883	3339913	19	8	3640292	12672947	1716226	10956721	2012063399	482173
15471464490	3340064	20	8	3640459	12673610	1716304	10957306	2012107268	482173
15472093728	3340208	22	8	3640621	12674210	1716353	10957857	2012147779	482173
15472984820	3340359	20	8	3640786	12674862	1716414	10958448	2012190793	482173
15473857518	3340509	18	8	3640952	12675522	1716488	10959034	2012234282	482173
15474964070	3340660	16	8	3641119	12676170	1716541	10959629	2012277192	482173
15476128194	3340807	23	8	3641285	12676822	1716608	10960214	2012320370	482173
15477000854	3340958	18	8	3641458	12677470	1716679	10960791	2012363856	482173
15477770093	3341106	20	8	3641621	12678102	1716742	10961360	2012405842	482173
15478489287	3341255	21	8	3641785	12678739	1716801	10961938	2012448242	482173
15479421449	3341403	25	8	3641960	12679376	1716862	10962514	2012491219	482173
15480297406	3341550	22	8	3642131	12680009	1716921	10963088	2012533777	482173
15481042179	3341694	27	8	3642299	12680650	1716991	10963659	2012576636	482173
15481993226	3341848	19	8	3642461	12681280	1717055	10964225	2012618428	482173
15482661960	3341996	26	8	3642625	12681925	1717128	10964797	2012661179	482173
15483287055	3342148	20	8	3642786	12682550	1717184	10965366	2012702615	482173
15483839308	3342294	24	8	3642942	12683177	1717253	10965924	2012744285	482173
15484676315	3342446	21	8	3643112	12683844	1717329	10966515	2012788492	482173
15485770709	3342595	24	8	3643275	12684492	1717383	10967109	2012831157	482173
15486873144	3342744	21	8	3643439	12685132	1717448	10967684	2012873538	482173
15487818036	3342890	25	8	3643596	12685751	1717510	10968241	2012914861	482173
15488522524	3343046	23	8	3643778	12686401	1717572	10968829	2012958670	482173
15489376804	3343194	22	8	3643941	12687041	1717633	10969408	2013001118	482173
15490229834	3343344	18	8	3644115	12687688	1717702	10969986	2013044641	482173
15491279544	3343492	24	8	3644283	12688349	1717777	10970572	2013088467	482173
15491952892	3343643	20	8	3644449	12688967	1717834	10971133	2013130048	482173
15492778514	3343794	25	8	3644618	12689624	1717908	10971716	2013173657	482173
15493906723	3343941	19	8	3644778	12690247	1717966	10972281	2013214952	482173
15494709509	3344091	20	8	3644950	12690876	1718020	10972856	2013257292	482173
15495524408	3344232	22	8	3645114	12691515	1718088	10973427	2013299809	482173
15496575260	3344382	24	8	3645285	12692156	1718150	10974006	2013342709	482173
15497533502	3344528	21	8	3645440	12692780	1718209	10974571	2013383791	482173
15498467209	3344675	22	8	3645598	12693407	1718277	10975130	2013425408	482173
15499422963	3344827	19	8	3645771	12694065	1718341	10975724	2013469255	482173
15500188310	3344972	18	8	3645938	12694690	1718399	10976291	2013511028	482173
15501215693	3345122	20	8	3646104	12695367	1718483	10976884	2013555830	482173
15502093766	3345268	25	8	3646263	12696018	1718548	10977470	2013598676	482173
15502721304	3345422	19	8	3646427	12696643	1718606	10978037	2013640358	482173
15503676991	3345568	19	8	3646588	12697281	1718671	10978610	2013682495	482173
15504667106	3345718	20	8	3646753	12697918	1718729	10979189	2013724970	482173
15505708863	3345865	23	8	3646913	12698543	1718781	10979762	2013766373	482173
15506728095	3346020	16	8	3647094	12699214	1718841	10980373	2013811057	482173
15507735084	3346168	22	8	3647256	12699860	1718907	10980953	2013853920	482173
15508635406	3346318	21	8	3647416	12700494	1718975	10981519	2013896116	482173
15509648085	3346466	22	8	3647576	12701131	1719041	10982090	2013938317	482173
15510332538	3346616	20	8	3647735	12701757	1719105	10982652	2013979803	482173
15511357636	3346764	23	8	3647898	12702430	1719178	10983252	2014024019	482173
15511972667	3346912	22	8	3648080	12703082	1719241	10983841	2014067816	482173
15512682181	3347058	24	8	3648238	12703704	1719299	10984405	2014109069	482173
15513472315	3347211	19	8	3648408	12704348	1719359	10984989	2014151784	482173
15514394501	3347360	23	8	3648565	12704993	1719430	10985563	2014194118	482173
15515222698	3347510	16	8	3648740	12705640	1719498	10986142	2014237371	482173
15515950744	3347659	20	8	3648906	12706293	1719559	10986734	2014280614	482173
15516614994	3347807	18	8	3649061	12706906	1719628	10987278	2014321618	482173
15517359128	3347958	21	8	3649229	12707575	1719706	10987869	2014365698	482173
15518276197	3348105	18	8	3649395	12708193	1719769	10988424	2014407307	482173
15519273009	3348253	19	8	3649575	12708872	1719845	10989027	2014452512	482173
15520059849	3348400	21	8	3649736	12709516	1719920	10989596	2014495011	482173
15521101118	3348547	25	8	3649900	12710189	1719994	10990195	2014539220	482173
15522123482	3348693	19	8	3650058	12710801	1720064	10990737	2014580182	482173
15522827056	3348841	25	8	3650216	12711439	1720135	10991304	2014622359	482173
15523598427	3348991	21	8	3650379	12712071	1720196	10991875	2014664375	482173
15524742582	3349139	21	8	3650545	12712721	1720249	10992472	2014707219	482173
15525719471	3349289	20	8	3650707	12713345	1720304	10993041	2014748466	482173
15526577424	3349439	21	8	3650870	12713998	1720366	10993632	2014791391	482173
15527858770	3349585	22	8	3651026	12714631	1720435	10994196	2014833279	482173
15528440658	3349737	21	8	3651188	12715250	1720502	10994748	2014874793	482173
15529252957	3349886	18	8	3651346	12715874	1720566	10995308	2014916247	482173
15530037825	3350033	21	8	3651501	12716511	1720627	10995884	2014958068	482173
15530772624	3350183	21	8	3651664	12717132	1720696	10996436	2014999739	482173
15531567306	3350330	22	8	3651824	12717751	1720756	10996995	2015040992	482173
15532432570	3350482	19	8	3651988	12718382	1720816	10997566	2015083064	482173
15533214064	3350632	17	8	3652160	12719017	1720868	10998149	2015125577	482173
15534170029	3350779	20	8	3652326	12719644	1720929	10998715	2015167470	482173
15535018507	3350923	19	8	3652492	12720267	1720980	10999287	2015208919	482173
15535912153	3351068	19	8	3652645	12720882	1721036	10999846	2015249467	482173
15536832234	3351216	25	8	3652807	12721523	1721109	11000414	2015292049	482173
15537523247	3351367	22	8	3652967	12722183	1721176	11001007	2015335289	482173
15538323502	3351514	23	8	3653122	12722811	1721244	11001567	2015376808	482173
15538883520	3351662	23	8	3653290	12723432	1721307	11002125	2015418642	482173
15539674283	3351815	21	8	3653458	12724070	1721371	11002699	2015461227	482173
15540488093	3351962	22	8	3653627	12724687	1721423	11003264	2015502662	482173
15541389234	3352110	23	8	3653784	12725325	1721485	11003840	2015544964	482173
15542503067	3352260	23	8	3653946	12725968	1721551	11004417	2015600792	482172
15543227161	3352412	25	8	3654109	12726618	1721619	11004999	2015643622	482172
15544218837	3352560	22	8	3654272	12727248	1721678	11005570	2015685465	482172
15545234089	3352711	18	8	3654435	12727911	1721750	11006161	2015728999	482172
15546013782	3352854	23	8	3654590	12728537	1721818	11006719	2015770361	482172
15546748888	3353004	23	8	3654757	12729186	1721886	11007300	2015813562	482172
15547481706	3353147	29	8	3654922	12729824	1721955	11007869	2015856044	482172
15548427977	3353300	24	8	3655090	12730479	1722031	11008448	2015899590	482172
15549100582	3353445	24	8	3655255	12731095	1722094	11009001	2015940912	482172
15550001925	3353591	23	8	3655409	12731726	1722157	11009569	2015982320	482172
15550667503	3353741	18	8	3655573	12732351	1722222	11010129	2016023986	482172
15551568790	3353890	25	8	3655733	12732997	1722285	11010712	2016066697	482172
15552560382	3354040	20	8	3655896	12733626	1722347	11011279	2016108559	482172
15553641968	3354190	23	8	3656052	12734292	1722423	11011869	2016152099	482172
15554438418	3354340	19	8	3656212	12734925	1722486	11012439	2016193886	482172
15555228584	3354494	16	8	3656371	12735569	1722550	11013019	2016236219	482172
15555722921	3354638	18	8	3656535	12736172	1722609	11013563	2016284698	482173
15556605190	3354790	20	8	3656699	12736830	1722674	11014156	2016328102	482173
15557331699	3354936	20	8	3656856	12737444	1722732	11014712	2016368752	482173
15558036068	3355088	19	8	3657021	12738098	1722802	11015296	2016412100	482173
15558936343	3355234	18	8	3657185	12738740	1722873	11015867	2016454730	482173
15559868556	3355387	17	8	3657356	12739396	1722938	11016458	2016498279	482173
15560727520	3355532	22	8	3657510	12740033	1723010	11017023	2016540084	482173
15561763462	3355683	20	8	3657678	12740688	1723061	11017627	2016583357	482173
15562627031	3355829	25	8	3657847	12741325	1723130	11018195	2016625969	482173
15563403135	3355978	22	8	3658011	12741952	1723177	11018775	2016667657	482173
15564347400	3356126	29	8	3658178	12742606	1723254	11019352	2016711034	482173
15565278187	3356277	19	8	3658339	12743246	1723321	11019925	2016753198	482173
15565999981	3356426	23	8	3658498	12743892	1723406	11020486	2016796026	482173
15566945237	3356573	19	8	3658660	12744533	1723478	11021055	2016838578	482173
15567567579	3356720	25	8	3658821	12745157	1723542	11021615	2016880242	482173
15568509070	3356872	22	8	3658991	12745781	1723599	11022182	2016922195	482173
15569267825	3357023	20	8	3659157	12746437	1723679	11022758	2016965657	482173
15570459111	3357173	20	8	3659316	12747082	1723739	11023343	2017023200	482173
15571319101	3357321	24	8	3659480	12747715	1723797	11023918	2017074838	482174
15572333346	3357473	19	8	3659645	12748361	1723870	11024491	2017117877	482174
15573254251	3357620	23	8	3659804	12749004	1723934	11025070	2017160270	482174
15574059226	3357773	19	8	3659972	12749637	1723997	11025640	2017202581	482174
15574956681	3357921	24	8	3660130	12750270	1724059	11026211	2017244328	482174
15576066292	3358074	19	8	3660303	12750926	1724130	11026796	2017296388	482175
15576801709	3358220	25	8	3660472	12751560	1724191	11027369	2017338898	482175
15577793780	3358367	19	8	3660631	12752181	1724252	11027929	2017380020	482175
15578524191	3358514	23	8	3660792	12752814	1724319	11028495	2017422130	482175
15579472133	3358663	19	8	3660951	12753435	1724376	11029059	2017463346	482175
15580130428	3358809	27	8	3661103	12754058	1724454	11029604	2017504740	482175
15581135963	3358959	19	8	3661261	12754687	1724513	11030174	2017546317	482175
15582092684	3359110	26	8	3661425	12755331	1724575	11030756	2017588849	482175
15583114418	3359257	20	8	3661583	12755956	1724634	11031322	2017630249	482175
15583832993	3359405	23	8	3661744	12756583	1724702	11031881	2017672102	482175
15584705976	3359554	16	8	3661902	12757196	1724768	11032428	2017713122	482175
15585400450	3359699	23	8	3662067	12757851	1724845	11033006	2017756430	482175
15586257678	3359852	17	8	3662235	12758500	1724914	11033586	2017799560	482175
15587105429	3359999	26	8	3662399	12759141	1724987	11034154	2017842393	482175
15587816415	3360147	22	8	3662556	12759757	1725048	11034709	2017883480	482175
15588567178	3360297	25	8	3662721	12760386	1725106	11035280	2017925319	482175
15589220335	3360445	23	8	3662885	12761000	1725163	11035837	2017966411	482175
15590036721	3360596	21	8	3663046	12761648	1725242	11036406	2018016165	482175
15590743389	3360746	16	8	3663210	12762281	1725296	11036985	2018057971	482175
15591668836	3360890	25	8	3663370	12762910	1725345	11037565	2018099700	482175
15592444166	3361039	24	8	3663528	12763543	1725402	11038141	2018141511	482175
15593073045	3361188	25	8	3663688	12764167	1725468	11038699	2018183150	482175
15594154112	3361341	17	8	3663847	12764818	1725534	11039284	2018225650	482175
15594854811	3361490	23	8	3664009	12765448	1725597	11039851	2018267373	482175
15595682219	3361638	24	8	3664168	12766107	1725665	11040442	2018310622	482175
15596646109	3361786	24	8	3664341	12766756	1725731	11041025	2018354007	482175
15597187263	3361935	24	8	3664496	12767367	1725794	11041573	2018394755	482175
15598065173	3362081	23	8	3664655	12767991	1725854	11042137	2018436146	482175
15598717241	3362235	20	8	3664818	12768617	1725907	11042710	2018477611	482175
15599336903	3362384	18	8	3664979	12769252	1725970	11043282	2018519572	482175
15600378640	3362530	21	8	3665134	12769888	1726036	11043852	2018561466	482175
15601165111	3362680	22	8	3665303	12770540	1726098	11044442	2018604634	482175
15602050055	3362828	22	8	3665463	12771171	1726162	11045009	2018646465	482175
15603065380	3362973	24	8	3665621	12771806	1726228	11045578	2018688435	482175
15603787821	3363121	23	8	3665781	12772445	1726299	11046146	2018730627	482175
15604749046	3363268	24	8	3665942	12773074	1726347	11046727	2018772179	482175
15605615842	3363421	21	8	3666109	12773721	1726419	11047302	2018815177	482175
15606407639	3363573	22	8	3666276	12774359	1726483	11047876	2018857653	482175
15607184740	3363721	23	8	3666444	12775005	1726547	11048458	2018900633	482175
15608152277	3363866	25	8	3666601	12775648	1726617	11049031	2018942878	482175
15609012467	3364018	23	8	3666769	12776295	1726673	11049622	2018985669	482175
15610040896	3364169	23	8	3666933	12776969	1726754	11050215	2019030051	482175
15610850496	3364316	24	8	3667091	12777586	1726811	11050775	2019071119	482175
15611708276	3364463	24	8	3667262	12778234	1726876	11051358	2019114278	482175
15612636190	3364612	23	8	3667424	12778876	1726946	11051930	2019156738	482175
15613295186	3364764	19	8	3667590	12779527	1727022	11052505	2019199896	482175
15614139292	3364914	16	8	3667755	12780153	1727086	11053067	2019241750	482175
15615174610	3365065	22	8	3667918	12780825	1727154	11053671	2019285797	482175
15615981486	3365213	24	8	3668082	12781449	1727215	11054234	2019327466	482175
15616693275	3365359	22	8	3668244	12782075	1727278	11054797	2019369211	482175
15617614637	3365506	20	8	3668407	12782692	1727333	11055359	2019410325	482175
15618632272	3365655	23	8	3668569	12783346	1727402	11055944	2019453399	482175
15619370678	3365802	22	8	3668732	12783970	1727471	11056499	2019495228	482175
15620245581	3365952	21	8	3668898	12784618	1727529	11057089	2019538081	482175
15621304156	3366102	26	8	3669061	12785283	1727597	11057686	2019581584	482175
15622074222	3366254	22	8	3669222	12785907	1727651	11058256	2019623119	482175
15622926156	3366401	21	8	3669395	12786564	1727717	11058847	2019666750	482175
15623951071	3366550	21	8	3669559	12787210	1727780	11059430	2019709524	482175
15624755899	3366696	26	8	3669714	12787822	1727843	11059979	2019750154	482175
15625554352	3366850	20	8	3669882	12788473	1727910	11060563	2019793365	482175
15626323962	3367000	16	8	3670055	12789119	1727982	11061137	2019836579	482175
15627089800	3367149	19	8	3670223	12789769	1728053	11061716	2019880042	482175
15627948251	3367295	25	8	3670386	12790402	1728113	11062289	2019921959	482175
15628858535	3367446	24	8	3670548	12791043	1728183	11062860	2019964782	482175
15629904119	3367595	25	8	3670715	12791684	1728249	11063435	2020019058	482176
15630793598	3367750	18	8	3670890	12792352	1728318	11064034	2020063498	482176
15631395936	3367894	20	8	3671061	12792980	1728376	11064604	2020105568	482176
15632139212	3368044	21	8	3671228	12793622	1728440	11065182	2020148297	482176
15633153115	3368187	18	8	3671392	12794232	1728494	11065738	2020189179	482176
15633978158	3368339	23	8	3671557	12794900	1728573	11066327	2020233343	482176
15634885551	3368486	24	8	3671718	12795532	1728639	11066893	2020275467	482176
15635991637	3368640	20	8	3671884	12796192	1728703	11067489	2020318843	482176
15637033540	3368788	22	8	3672043	12796823	1728769	11068054	2020360575	482176
15638138607	3368940	25	8	3672212	12797504	1728840	11068664	2020405515	482176
15639035775	3369084	23	8	3672373	12798146	1728906	11069240	2020447846	482176
15639927188	3369234	24	8	3672534	12798794	1728971	11069823	2020490592	482176
15640644954	3369381	22	8	3672695	12799399	1729022	11070377	2020530918	482176
15641615204	3369535	18	8	3672867	12800070	1729095	11070975	2020575297	482176
15642614931	3369681	24	8	3673028	12800731	1729176	11071555	2020618696	482176
15643572451	3369832	25	8	3673191	12801377	1729242	11072135	2020661750	482176
15644465676	3369979	29	8	3673349	12802005	1729312	11072693	2020703337	482176
15645078550	3370134	20	8	3673519	12802650	1729373	11073277	2020746306	482176
15646127084	3370282	16	8	3673692	12803290	1729437	11073853	2020789103	482176
15647191376	3370429	23	8	3673873	12803952	1729501	11074451	2020833744	482176
15648136949	3370574	23	8	3674038	12804563	1729566	11074997	2020874666	482176
15648898042	3370719	20	8	3674194	12805190	1729637	11075553	2020916262	482176
15649815372	3370862	23	8	3674349	12805827	1729708	11076119	2020958241	482176
15650603667	3371013	22	8	3674507	12806472	1729779	11076693	2021000761	482176
15651566235	3371164	21	8	3674668	12807101	1729843	11077258	2021042611	482176
15652645658	3371315	19	8	3674831	12807759	1729913	11077846	2021085999	482176
15653475980	3371460	22	8	3674987	12808389	1729982	11078407	2021127706	482175
15654161142	3371609	23	8	3675155	12809046	1730050	11078996	2021171145	482175
15654943039	3371752	17	8	3675308	12809616	1730107	11079509	2021209438	482175
15655592093	3371903	19	8	3675474	12810243	1730163	11080080	2021251471	482175
15656501994	3372050	21	8	3675633	12810876	1730227	11080649	2021293455	482175
15657460661	3372196	22	8	3675793	12811510	1730286	11081224	2021335165	482175
15658356246	3372342	24	8	3675953	12812134	1730345	11081789	2021376564	482175
15659426083	3372493	20	8	3676119	12812812	1730422	11082390	2021421043	482175
15660276280	3372639	21	8	3676281	12813446	1730485	11082961	2021463095	482175
15661412543	3372789	22	8	3676445	12814103	1730552	11083551	2021506545	482175
15662134531	3372939	25	8	3676604	12814721	1730610	11084111	2021547778	482175
15663109974	3373090	24	8	3676769	12815353	1730664	11084689	2021589721	482175
15663910712	3373241	21	8	3676937	12816015	1730730	11085285	2021633269	482175
15664564863	3373390	19	8	3677101	12816645	1730801	11085844	2021675370	482175
15665614281	3373535	26	8	3677257	12817283	1730867	11086416	2021717431	482175
15666590123	3373685	23	8	3677422	12817943	1730935	11087008	2021761038	482175
15667378429	3373832	25	8	3677590	12818566	1730992	11087574	2021802782	482175
15668507237	3373983	17	8	3677760	12819222	1731056	11088166	2021846354	482175
15669409603	3374131	18	8	3677925	12819857	1731120	11088737	2021888609	482175
15670351016	3374280	20	8	3678089	12820492	1731178	11089314	2021930718	482175
15671120063	3374422	18	8	3678244	12821096	1731240	11089856	2021970918	482175
15672022990	3374572	21	8	3678407	12821739	1731303	11090436	2022013660	482175
15672716593	3374718	26	8	3678572	12822367	1731369	11090998	2022055752	482175
15673483071	3374873	21	8	3678741	12823003	1731434	11091569	2022098594	482175
15674492341	3375024	27	8	3678898	12823656	1731503	11092153	2022141325	482175
15675447390	3375173	19	8	3679063	12824306	1731560	11092746	2022184154	482175
15676547793	3375318	25	8	3679228	12824952	1731620	11093332	2022226866	482175
15677265430	3375467	19	8	3679397	12825577	1731679	11093898	2022268885	482175
15677931936	3375616	25	8	3679563	12826233	1731745	11094488	2022312558	482175
15678711720	3375766	21	8	3679723	12826845	1731793	11095052	2022353243	482175
15679654759	3375914	23	8	3679890	12827498	1731870	11095628	2022396683	482175
15680419785	3376064	18	8	3680049	12828118	1731937	11096181	2022438131	482175
15681372829	3376211	24	8	3680209	12828747	1731986	11096761	2022479751	482175
15682112296	3376362	19	8	3680371	12829374	1732047	11097327	2022521639	482175
15682737865	3376511	22	8	3680534	12830013	1732115	11097898	2022564038	482175
15683501951	3376661	18	8	3680698	12830638	1732176	11098462	2022605661	482175
15684509604	3376811	23	8	3680859	12831292	1732231	11099061	2022648454	482175
15685266792	3376961	20	8	3681025	12831914	1732288	11099626	2022690068	482175
15686003495	3377110	21	8	3681185	12832546	1732354	11100192	2022732083	482175
15687068820	3377262	15	8	3681352	12833200	1732428	11100772	2022775427	482175
15687694169	3377407	23	8	3681517	12833833	1732482	11101351	2022817661	482175
15688657446	3377554	20	8	3681680	12834468	1732539	11101929	2022859701	482175
15689430282	3377699	23	8	3681850	12835086	1732602	11102484	2022901412	482175
15690234936	3377851	19	8	3682019	12835724	1732663	11103061	2022944141	482175
15691054857	3377998	24	8	3682182	12836368	1732729	11103639	2022986751	482175
15691849435	3378149	18	8	3682358	12837026	1732794	11104232	2023030630	482175
15692999518	3378297	23	8	3682525	12837670	1732870	11104800	2023073772	482175
15693888291	3378447	19	8	3682691	12838303	1732931	11105372	2023115974	482175
15694639606	3378595	27	8	3682860	12838946	1732997	11105949	2023160258	482175
15695670070	3378747	24	8	3683018	12839584	1733067	11106517	2023202498	482175
15696441164	3378895	23	8	3683178	12840212	1733132	11107080	2023244189	482175
15697227599	3379044	22	8	3683342	12840842	1733195	11107647	2023286379	482175
15697987137	3379191	22	8	3683501	12841481	1733271	11108210	2023328611	482175
15698687020	3379343	18	8	3683663	12842112	1733348	11108764	2023370774	482175
15699536926	3379491	21	8	3683829	12842745	1733406	11109339	2023413007	482175
15700460181	3379641	17	8	3683993	12843387	1733473	11109914	2023455793	482175
15701095934	3379788	24	8	3684154	12844027	1733547	11110480	2023498296	482175
15701707594	3379942	14	8	3684327	12844672	1733615	11111057	2023541322	482175
15702527634	3380089	21	8	3684505	12845323	1733677	11111646	2023585084	482175
15703367229	3380236	21	8	3684667	12845958	1733743	11112215	2023627245	482175
