bytes_written	total_items	curr_connections	threads	cmd_set	cmd_get	get_misses	get_hits	bytes_read
12951593744	685216	20	8	687350	8215067	1665228	6549839	1954889589	366427
12952558223	685217	23	8	687351	8215525	1665302	6550223	1954933280	366426
12953474752	685217	23	8	687351	8215965	1665366	6550599	1954976732	366426
12954405515	685217	23	8	687351	8216397	1665437	6550960	1955020043	366426
12955061825	685218	22	8	687352	8216839	1665516	6551323	1955063827	366425
12955515631	685218	24	8	687352	8217271	1665575	6551696	1955106783	366425
12956251874	685218	19	8	687352	8217706	1665636	6552070	1955151345	366425
12956957409	685218	24	8	687352	8218132	1665692	6552440	1955194180	366425
12957800596	685218	21	8	687352	8218575	1665758	6552817	1955237937	366425
12958530967	685218	22	8	687352	8219024	1665814	6553210	1955282130	366425
12959071923	685218	18	8	687352	8219464	1665890	6553574	1955325673	366425
12959796181	685218	22	8	687352	8219888	1665946	6553942	1955367629	366425
12960622731	685218	20	8	687352	8220319	1666009	6554310	1955411323	366425
12961489565	685218	25	8	687352	8220768	1666073	6554695	1955455754	366425
12962247195	685218	22	8	687352	8221220	1666146	6555074	1955500388	366425
12963060222	685218	21	8	687352	8221647	1666201	6555446	1955542908	366425
12963899179	685218	20	8	687352	8222075	1666265	6555810	1955586178	366425
12964602776	685218	21	8	687352	8222508	1666339	6556169	1955629355	366425
12965587695	685218	20	8	687352	8222959	1666405	6556554	1955673655	366425
12966337147	685218	23	8	687352	8223401	1666464	6556937	1955717207	366425
12967136879	685218	23	8	687352	8223849	1666538	6557311	1955761266	366425
12967812012	685218	24	8	687352	8224271	1666600	6557671	1955804179	366425
12968459842	685218	20	8	687352	8224700	1666662	6558038	1955847565	366425
12969085956	685220	22	8	687354	8225139	1666739	6558400	1955900032	366426
12970034182	685220	21	8	687354	8225586	1666807	6558779	1955943790	366426
12970967203	685221	23	8	687355	8226047	1666877	6559170	1955988223	366427
12971570813	685222	22	8	687356	8226483	1666950	6559533	1956031969	366427
12972579340	685222	22	8	687356	8226930	1667015	6559915	1956075651	366427
12973233789	685222	20	8	687356	8227344	1667068	6560276	1956118136	366427
12974032535	685222	25	8	687356	8227792	1667137	6560655	1956162164	366427
12974678365	685222	24	8	687356	8228226	1667205	6561021	1956205925	366427
12975588050	685222	23	8	687356	8228661	1667268	6561393	1956249603	366427
12976374620	685222	17	8	687356	8229084	1667328	6561756	1956292132	366427
12976990685	685222	20	8	687356	8229528	1667388	6562140	1956336006	366427
12977841128	685222	20	8	687356	8229987	1667453	6562534	1956380726	366427
12978661187	685222	20	8	687356	8230429	1667511	6562918	1956424660	366427
12979504167	685222	18	8	687356	8230863	1667582	6563281	1956468220	366427
12980333205	685222	22	8	687356	8231321	1667652	6563669	1956512921	366427
12981153618	685222	20	8	687356	8231752	1667720	6564032	1956556077	366427
12982104392	685222	25	8	687356	8232208	1667791	6564417	1956600177	366427
12982885125	685225	23	8	687359	8232662	1667874	6564788	1956663573	366428
12983656677	685225	23	8	687359	8233096	1667940	6565156	1956706917	366428
12984171817	685225	20	8	687359	8233511	1668001	6565510	1956749575	366428
12985205349	685225	26	8	687359	8233964	1668063	6565901	1956793835	366428
12986090075	685225	22	8	687359	8234396	1668123	6566273	1956837201	366428
12986708390	685225	25	8	687359	8234824	1668186	6566638	1956880308	366428
12987486329	685225	21	8	687359	8235271	1668248	6567023	1956924354	366428
12988234015	685225	22	8	687359	8235696	1668305	6567391	1956966327	366428
12988911065	685225	17	8	687359	8236138	1668375	6567763	1957010190	366428
12989628671	685225	25	8	687359	8236605	1668448	6568157	1957055324	366428
12990288956	685225	20	8	687359	8237028	1668508	6568520	1957098793	366428
12990975715	685225	21	8	687359	8237469	1668564	6568905	1957142845	366428
12991687525	685225	22	8	687359	8237904	1668632	6569272	1957186070	366428
12992475447	685225	21	8	687359	8238370	1668710	6569660	1957231412	366428
12993405006	685225	21	8	687359	8238823	1668772	6570051	1957275150	366428
12994098049	685226	20	8	687360	8239276	1668850	6570426	1957339167	366429
12994788346	685226	20	8	687360	8239700	1668903	6570797	1957381515	366429
12995711023	685227	22	8	687361	8240135	1668968	6571167	1957424504	366428
12996361058	685227	19	8	687361	8240561	1669035	6571526	1957466627	366428
12997068030	685227	21	8	687361	8240998	1669098	6571900	1957509219	366428
12997833250	685227	17	8	687361	8241429	1669158	6572271	1957551896	366428
12998901047	685227	21	8	687361	8241875	1669220	6572655	1957595016	366428
12999452538	685227	18	8	687361	8242305	1669287	6573018	1957637844	366428
13000234386	685228	23	8	687362	8242754	1669358	6573396	1957680746	366428
13001012161	685228	20	8	687362	8243202	1669433	6573769	1957724656	366428
13001805135	685228	23	8	687362	8243635	1669493	6574142	1957767135	366428
13002623160	685228	18	8	687362	8244052	1669549	6574503	1957808421	366428
13003420631	685228	22	8	687362	8244496	1669611	6574885	1957851835	366428
13003937970	685228	21	8	687362	8244930	1669683	6575247	1957894283	366428
13004600306	685228	18	8	687362	8245378	1669755	6575623	1957938592	366428
13005301918	685229	18	8	687363	8245818	1669824	6575994	1957981358	366428
13005945554	685229	21	8	687363	8246266	1669904	6576362	1958025131	366428
13006734891	685229	24	8	687363	8246672	1669953	6576719	1958065765	366428
13007553760	685229	21	8	687363	8247099	1670017	6577082	1958109075	366428
13008376784	685229	21	8	687363	8247537	1670074	6577463	1958151564	366428
13009155618	685230	20	8	687364	8247975	1670150	6577825	1958194574	366428
13009885177	685230	20	8	687364	8248402	1670207	6578195	1958236866	366428
13010435554	685230	24	8	687364	8248819	1670256	6578563	1958278195	366428
13011145972	685230	22	8	687364	8249240	1670317	6578923	1958319856	366428
13012002407	685230	23	8	687364	8249691	1670380	6579311	1958363443	366428
13012799111	685230	24	8	687364	8250119	1670445	6579674	1958405653	366428
13013527429	685230	22	8	687364	8250580	1670514	6580066	1958450252	366428
13014137511	685230	23	8	687364	8251030	1670581	6580449	1958492838	366428
13015102474	685230	23	8	687364	8251463	1670638	6580825	1958535204	366428
13015907358	685230	23	8	687364	8251896	1670704	6581192	1958577442	366428
13016712939	685230	22	8	687364	8252328	1670766	6581562	1958620589	366428
13017448397	685230	22	8	687364	8252768	1670841	6581927	1958663623	366428
13018402097	685230	16	8	687364	8253195	1670897	6582298	1958706131	366428
13019022269	685230	21	8	687364	8253609	1670955	6582654	1958747224	366428
13019631841	685230	22	8	687364	8254040	1671010	6583030	1958789753	366428
13020295126	685230	19	8	687364	8254466	1671062	6583404	1958831620	366428
13020960226	685231	21	8	687365	8254897	1671116	6583781	1958877147	366429
13021820143	685231	24	8	687365	8255340	1671185	6584155	1958919949	366429
13022609162	685231	23	8	687365	8255773	1671254	6584519	1958963234	366429
13023233862	685231	22	8	687365	8256212	1671326	6584886	1959005695	366429
13024033486	685231	22	8	687365	8256656	1671390	6585266	1959049128	366429
13024570355	685231	20	8	687365	8257079	1671458	6585621	1959090710	366429
13025326093	685231	21	8	687365	8257536	1671530	6586006	1959134978	366429
13026017773	685231	18	8	687365	8257952	1671597	6586355	1959176846	366429
13026643332	685231	22	8	687365	8258389	1671659	6586730	1959220004	366429
13027519666	685231	22	8	687365	8258827	1671730	6587097	1959262426	366429
13028330679	685231	20	8	687365	8259271	1671792	6587479	1959305931	366429
13029348210	685231	24	8	687365	8259716	1671863	6587853	1959348553	366429
13030185087	685231	19	8	687365	8260129	1671922	6588207	1959391190	366429
13030971375	685231	22	8	687365	8260560	1671989	6588571	1959433735	366429
13031463962	685231	19	8	687365	8260991	1672062	6588929	1959475562	366429
13032214810	685231	25	8	687365	8261426	1672126	6589300	1959518579	366429
13032965825	685231	20	8	687365	8261869	1672187	6589682	1959561725	366429
13033906791	685231	23	8	687365	8262318	1672253	6590065	1959604931	366429
13034823839	685231	18	8	687365	8262746	1672313	6590433	1959647705	366429
13035654369	685231	22	8	687365	8263175	1672378	6590797	1959689508	366429
13036439977	685231	22	8	687365	8263628	1672449	6591179	1959733284	366429
13037236635	685231	26	8	687365	8264068	1672502	6591566	1959776088	366429
13037845144	685231	17	8	687365	8264490	1672566	6591924	1959818632	366429
13038744885	685231	23	8	687365	8264921	1672626	6592295	1959860772	366429
13039357491	685231	21	8	687365	8265370	1672698	6592672	1959904622	366429
13040317149	685231	23	8	687365	8265816	1672756	6593060	1959947259	366429
13041222473	685231	22	8	687365	8266237	1672815	6593422	1959989163	366429
13041938980	685231	26	8	687365	8266690	1672883	6593807	1960032333	366429
13042813480	685231	23	8	687365	8267129	1672940	6594189	1960075481	366429
13043463130	685231	21	8	687365	8267557	1673003	6594554	1960118285	366429
13044325766	685231	18	8	687365	8268016	1673078	6594938	1960162588	366429
13044974998	685231	27	8	687365	8268455	1673135	6595320	1960204887	366429
13045678756	685231	20	8	687365	8268877	1673197	6595680	1960246948	366429
13046393509	685231	26	8	687365	8269313	1673261	6596052	1960289791	366429
13047028828	685231	19	8	687365	8269760	1673327	6596433	1960333757	366429
13047788658	685233	24	8	687367	8270189	1673399	6596790	1960438449	366429
13048715038	685233	20	8	687367	8270646	1673471	6597175	1960482348	366429
13049361821	685233	22	8	687367	8271088	1673540	6597548	1960525170	366429
13050026213	685233	23	8	687367	8271536	1673610	6597926	1960568376	366429
13050693828	685233	26	8	687367	8271950	1673673	6598277	1960610453	366429
13051176095	685233	26	8	687367	8272369	1673744	6598625	1960652733	366429
13051737274	685233	24	8	687367	8272818	1673825	6598993	1960695656	366429
13052281870	685233	21	8	687367	8273244	1673878	6599366	1960738474	366429
13053067857	685233	25	8	687367	8273682	1673946	6599736	1960781074	366429
13053837538	685233	21	8	687367	8274106	1673991	6600115	1960823744	366429
13054618727	685233	22	8	687367	8274535	1674058	6600477	1960866129	366429
13055113610	685233	18	8	687367	8274960	1674123	6600837	1960908234	366429
13055963506	685233	22	8	687367	8275390	1674174	6601216	1960950595	366429
13056818623	685233	20	8	687367	8275845	1674242	6601603	1960993836	366429
13057438838	685233	28	8	687367	8276263	1674303	6601960	1961036313	366429
13058237969	685233	21	8	687367	8276692	1674369	6602323	1961079030	366429
13058999449	685233	23	8	687367	8277122	1674435	6602687	1961121780	366429
13059755214	685233	16	8	687367	8277573	1674506	6603067	1961165022	366429
13060305354	685233	24	8	687367	8278016	1674575	6603441	1961207650	366429
13060936787	685233	22	8	687367	8278445	1674642	6603803	1961250182	366429
13061657154	685233	25	8	687367	8278881	1674705	6604176	1961293517	366429
13062467690	685233	20	8	687367	8279313	1674771	6604542	1961336415	366429
13063251263	685233	24	8	687367	8279749	1674834	6604915	1961379039	366429
13063984022	685233	22	8	687367	8280174	1674902	6605272	1961421708	366429
13064939962	685263	21	8	687397	8280655	1675003	6605652	1961470160	366439
13065772511	685263	18	8	687397	8281109	1675076	6606033	1961513610	366439
13066523392	685263	23	8	687397	8281548	1675137	6606411	1961556575	366439
13067333491	685263	24	8	687397	8281992	1675215	6606777	1961600124	366439
13068406801	685263	25	8	687397	8282429	1675274	6607155	1961643095	366439
13069164165	685263	20	8	687397	8282862	1675331	6607531	1961685504	366439
13069999123	685263	21	8	687397	8283297	1675397	6607900	1961728481	366439
13070861153	685263	23	8	687397	8283752	1675462	6608290	1961771552	366439
13071830176	685263	25	8	687397	8284174	1675520	6608654	1961813689	366439
13072767337	685263	21	8	687397	8284592	1675571	6609021	1961855545	366439
13073361375	685263	23	8	687397	8285018	1675638	6609380	1961898160	366439
13073895089	685263	23	8	687397	8285449	1675703	6609746	1961940937	366439
13074329605	685263	24	8	687397	8285893	1675779	6610114	1961984040	366439
13074867474	685263	20	8	687397	8286311	1675857	6610454	1962025624	366439
13075608767	685263	21	8	687397	8286744	1675915	6610829	1962068300	366439
13076603335	685263	20	8	687397	8287180	1675971	6611209	1962110901	366439
13077356419	685263	24	8	687397	8287612	1676041	6611571	1962154603	366439
13078129771	685263	18	8	687397	8288032	1676104	6611928	1962195955	366439
13078982189	685263	22	8	687397	8288471	1676169	6612302	1962238590	366439
13079870283	685263	20	8	687397	8288898	1676228	6612670	1962280913	366439
13080678168	685263	24	8	687397	8289321	1676286	6613035	1962322767	366439
13081577381	685263	22	8	687397	8289749	1676342	6613407	1962364619	366439
13082303404	685263	24	8	687397	8290193	1676423	6613770	1962408406	366439
13083190102	685263	22	8	687397	8290628	1676483	6614145	1962450766	366439
13084146467	685263	23	8	687397	8291070	1676559	6614511	1962494044	366439
13084876819	685263	20	8	687397	8291515	1676627	6614888	1962536730	366439
13085570214	685263	23	8	687397	8291943	1676689	6615254	1962579252	366439
13086191950	685263	21	8	687397	8292373	1676756	6615617	1962621966	366439
13086974126	685263	22	8	687397	8292817	1676828	6615989	1962665448	366439
13087626896	685263	21	8	687397	8293251	1676903	6616348	1962708135	366439
13088095275	685263	24	8	687397	8293688	1676977	6616711	1962751402	366439
13088830034	685263	25	8	687397	8294121	1677041	6617080	1962794442	366439
13089554286	685263	22	8	687397	8294556	1677108	6617448	1962837437	366439
13090261472	685263	16	8	687397	8294985	1677165	6617820	1962879542	366439
13091068800	685264	19	8	687398	8295439	1677240	6618199	1962923664	366438
13091784148	685264	24	8	687398	8295881	1677316	6618565	1962966313	366438
13092737608	685264	21	8	687398	8296329	1677380	6618949	1963009671	366438
13093517421	685264	25	8	687398	8296757	1677450	6619307	1963051537	366438
13094306390	685264	21	8	687398	8297204	1677515	6619689	1963095366	366438
13094916914	685264	23	8	687398	8297642	1677585	6620057	1963138590	366438
13095684470	685264	16	8	687398	8298064	1677644	6620420	1963180918	366438
13096512399	685264	21	8	687398	8298489	1677698	6620791	1963222962	366438
13097143819	685264	20	8	687398	8298915	1677759	6621156	1963265344	366438
13097684323	685264	22	8	687398	8299341	1677826	6621515	1963307727	366438
13098710107	685264	24	8	687398	8299778	1677885	6621893	1963350874	366438
13099405863	685264	21	8	687398	8300212	1677950	6622262	1963393431	366438
13100095248	685264	19	8	687398	8300639	1678012	6622627	1963435840	366438
13100789381	685264	24	8	687398	8301097	1678090	6623007	1963479344	366438
13101523920	685264	22	8	687398	8301542	1678160	6623382	1963523244	366438
13102424986	685267	25	8	687401	8301991	1678234	6623757	1963583608	366439
13103138532	685267	18	8	687401	8302421	1678303	6624118	1963626057	366439
13103801522	685267	22	8	687401	8302861	1678374	6624487	1963668736	366439
13104500334	685267	20	8	687401	8303280	1678438	6624842	1963711074	366439
13105154048	685267	20	8	687401	8303712	1678508	6625204	1963753863	366439
13105865686	685269	20	8	687403	8304149	1678573	6625576	1963796810	366439
13106540563	685270	24	8	687404	8304584	1678647	6625937	1963839539	366439
13107169810	685270	21	8	687404	8305007	1678717	6626290	1963882278	366439
13107899461	685270	22	8	687404	8305416	1678776	6626640	1963923159	366439
13108667334	685270	23	8	687404	8305867	1678858	6627009	1963967283	366439
13109558446	685270	24	8	687404	8306316	1678923	6627393	1964010884	366439
13110149529	685270	16	8	687404	8306762	1678996	6627766	1964054436	366439
13110687842	685272	21	8	687406	8307174	1679057	6628117	1964095457	366440
13111162244	685272	18	8	687406	8307612	1679130	6628482	1964138879	366440
13111918894	685272	25	8	687406	8308059	1679200	6628859	1964181747	366440
13112534148	685272	23	8	687406	8308489	1679266	6629223	1964225066	366440
13113292415	685272	23	8	687406	8308909	1679320	6629589	1964267712	366440
13114250122	685272	17	8	687406	8309343	1679383	6629960	1964310649	366440
13115060737	685272	22	8	687406	8309784	1679449	6630335	1964353240	366440
13115739467	685272	19	8	687406	8310230	1679530	6630700	1964396980	366440
13116726002	685272	23	8	687406	8310662	1679592	6631070	1964439529	366440
13117383646	685272	19	8	687406	8311094	1679658	6631436	1964482555	366440
13118228685	685272	22	8	687406	8311520	1679719	6631801	1964525049	366440
13118753341	685272	22	8	687406	8311935	1679771	6632164	1964566502	366440
13119441645	685272	22	8	687406	8312369	1679831	6632538	1964609308	366440
13120090448	685272	20	8	687406	8312794	1679892	6632902	1964651395	366440
13120839888	685272	22	8	687406	8313217	1679951	6633266	1964693129	366439
13121620098	685274	22	8	687408	8313655	1680023	6633632	1964770102	366440
13122255769	685274	23	8	687408	8314083	1680092	6633991	1964812627	366440
13122929397	685274	20	8	687408	8314504	1680154	6634350	1964855255	366440
13123539496	685274	21	8	687408	8314920	1680205	6634715	1964896151	366440
13124378544	685274	22	8	687408	8315339	1680263	6635076	1964937814	366440
13125264589	685274	23	8	687408	8315771	1680331	6635440	1964980501	366440
13125828293	685274	18	8	687408	8316181	1680380	6635801	1965022238	366440
13126645382	685274	21	8	687408	8316610	1680442	6636168	1965064362	366440
13127357438	685274	22	8	687408	8317047	1680508	6636539	1965107651	366440
13128024372	685274	17	8	687408	8317491	1680584	6636907	1965150905	366440
13128637471	685274	18	8	687408	8317919	1680643	6637276	1965193018	366440
13129198340	685274	16	8	687408	8318335	1680699	6637636	1965234885	366440
13129933885	685274	18	8	687408	8318745	1680753	6637992	1965276057	366440
13130570305	685274	25	8	687408	8319166	1680798	6638368	1965317444	366440
13131258243	685274	23	8	687408	8319597	1680865	6638732	1965359885	366440
13131977490	685274	20	8	687408	8320023	1680918	6639105	1965402073	366440
13133007432	685274	20	8	687408	8320471	1680997	6639474	1965445408	366440
13133692403	685274	21	8	687408	8320914	1681068	6639846	1965488388	366440
13134458903	685274	20	8	687408	8321346	1681130	6640216	1965530515	366440
13135090930	685274	24	8	687408	8321785	1681192	6640593	1965573820	366440
13135596591	685274	21	8	687408	8322200	1681252	6640948	1965615048	366440
13136194333	685274	20	8	687408	8322616	1681314	6641302	1965657244	366440
13136766728	685274	19	8	687408	8323052	1681376	6641676	1965699850	366440
13137503470	685274	24	8	687408	8323481	1681434	6642047	1965742309	366440
13138171109	685275	22	8	687409	8323913	1681506	6642407	1965784993	366440
13138912622	685275	24	8	687409	8324346	1681569	6642777	1965827569	366440
13139482739	685275	23	8	687409	8324783	1681646	6643137	1965870823	366440
13140143017	685277	19	8	687411	8325225	1681708	6643517	1965957973	366439
13140900779	685277	21	8	687411	8325675	1681776	6643899	1966001421	366439
13141527289	685277	22	8	687411	8326105	1681841	6644264	1966043638	366439
13141973399	685277	18	8	687411	8326522	1681902	6644620	1966085489	366439
13142716545	685277	27	8	687411	8326961	1681965	6644996	1966127981	366439
13143276663	685277	23	8	687411	8327385	1682028	6645357	1966170548	366439
13143894319	685277	24	8	687411	8327804	1682090	6645714	1966212507	366439
13144516543	685278	22	8	687412	8328217	1682144	6646073	1966254025	366438
13145482424	685278	25	8	687412	8328682	1682215	6646467	1966298211	366438
13146326534	685278	25	8	687412	8329111	1682288	6646823	1966340351	366438
13147019551	685278	21	8	687412	8329547	1682358	6647189	1966383586	366438
13147601575	685278	23	8	687412	8329968	1682414	6647554	1966425688	366438
13148193345	685278	24	8	687412	8330386	1682470	6647916	1966467421	366438
13148883759	685278	19	8	687412	8330807	1682541	6648266	1966509497	366438
13149501864	685278	24	8	687412	8331264	1682620	6648644	1966553150	366438
13150207780	685278	21	8	687412	8331684	1682673	6649011	1966595340	366438
13150866658	685278	24	8	687412	8332117	1682736	6649381	1966638132	366438
13151533494	685278	19	8	687412	8332561	1682803	6649758	1966681041	366438
13152164785	685278	23	8	687412	8333011	1682871	6650140	1966724558	366438
13152953302	685278	19	8	687412	8333453	1682944	6650509	1966767781	366438
13153870866	685278	25	8	687412	8333893	1683011	6650882	1966810849	366438
13154557518	685278	25	8	687412	8334340	1683093	6651247	1966853809	366438
13155219565	685278	26	8	687412	8334778	1683164	6651614	1966897239	366438
13155924861	685278	22	8	687412	8335198	1683225	6651973	1966939092	366438
13156704474	685278	22	8	687412	8335646	1683299	6652347	1966982644	366438
13157249379	685278	21	8	687412	8336067	1683377	6652690	1967024957	366438
13158067986	685279	22	8	687413	8336483	1683435	6653048	1967078273	366438
13158740133	685280	18	8	687414	8336920	1683506	6653414	1967121136	366439
13159627698	685280	23	8	687414	8337381	1683576	6653805	1967165795	366439
13160424538	685280	22	8	687414	8337812	1683642	6654170	1967208774	366439
13161050589	685280	21	8	687414	8338255	1683710	6654545	1967252881	366439
13161853203	685280	20	8	687414	8338705	1683791	6654914	1967296118	366439
13162491074	685280	21	8	687414	8339137	1683853	6655284	1967339165	366439
13163457784	685282	18	8	687416	8339579	1683921	6655658	1967386778	366439
13164208024	685282	24	8	687416	8340006	1683981	6656025	1967429364	366439
13164973010	685282	25	8	687416	8340453	1684053	6656400	1967472105	366439
13165851545	685282	24	8	687416	8340886	1684121	6656765	1967515401	366439
13166696998	685284	20	8	687418	8341329	1684184	6657145	1967583769	366440
13167448551	685284	21	8	687418	8341773	1684249	6657524	1967627122	366440
13168171388	685284	23	8	687418	8342212	1684308	6657904	1967669369	366440
13169057118	685284	21	8	687418	8342660	1684368	6658292	1967713019	366440
13169939064	685284	22	8	687418	8343084	1684429	6658655	1967755427	366440
13170651602	685284	20	8	687418	8343503	1684483	6659020	1967797330	366440
13171457199	685284	19	8	687418	8343917	1684536	6659381	1967838701	366440
13172072319	685284	23	8	687418	8344342	1684589	6659753	1967880105	366440
13172554384	685284	17	8	687418	8344764	1684654	6660110	1967922092	366440
13173278707	685284	19	8	687418	8345190	1684721	6660469	1967964789	366440
13174031865	685284	20	8	687418	8345636	1684781	6660855	1968007637	366440
13174752448	685284	21	8	687418	8346054	1684837	6661217	1968049636	366440
13175767610	685284	20	8	687418	8346490	1684891	6661599	1968092210	366440
13176623745	685284	23	8	687418	8346929	1684959	6661970	1968135433	366440
13177440661	685284	22	8	687418	8347360	1685017	6662343	1968177584	366440
13178034569	685284	20	8	687418	8347757	1685066	6662691	1968218789	366440
13178688126	685284	18	8	687418	8348186	1685132	6663054	1968260618	366440
13179468770	685285	20	8	687419	8348629	1685202	6663427	1968304158	366439
13180071388	685285	24	8	687419	8349069	1685271	6663798	1968346810	366439
13180536714	685285	21	8	687419	8349490	1685327	6664163	1968389019	366439
13181031925	685285	23	8	687419	8349912	1685383	6664529	1968430285	366439
13181820714	685285	19	8	687419	8350337	1685438	6664899	1968473040	366439
13182496699	685285	20	8	687419	8350776	1685512	6665264	1968515870	366439
13183513983	685285	15	8	687419	8351217	1685583	6665634	1968558960	366439
13184249349	685285	24	8	687419	8351663	1685637	6666026	1968601715	366439
13184994892	685285	22	8	687419	8352109	1685706	6666403	1968645162	366439
13185758566	685288	24	8	687422	8352536	1685766	6666770	1968700880	366440
13186678584	685288	20	8	687422	8352957	1685831	6667126	1968743538	366440
13187432449	685288	19	8	687422	8353376	1685890	6667486	1968785462	366440
13187989201	685288	20	8	687422	8353806	1685951	6667855	1968827531	366440
13188779092	685288	23	8	687422	8354255	1686007	6668248	1968870438	366440
13189675427	685288	23	8	687422	8354696	1686068	6668628	1968913488	366440
13190350389	685288	25	8	687422	8355115	1686126	6668989	1968955339	366440
13191197261	685288	23	8	687422	8355554	1686193	6669361	1968998142	366440
13191960984	685288	24	8	687422	8355974	1686247	6669727	1969040416	366440
13192664452	685288	22	8	687422	8356394	1686305	6670089	1969082893	366440
13193747886	685288	17	8	687422	8356815	1686374	6670441	1969123846	366440
13194505983	685288	19	8	687422	8357252	1686430	6670822	1969167109	366440
13195165374	685288	22	8	687422	8357679	1686496	6671183	1969209079	366440
13195959023	685289	20	8	687423	8358129	1686569	6671560	1969283114	366441
13196565237	685289	23	8	687423	8358560	1686630	6671930	1969324997	366441
13197446431	685289	23	8	687423	8358992	1686685	6672307	1969367210	366441
13197904271	685289	24	8	687423	8359404	1686745	6672659	1969409033	366441
13198703157	685291	23	8	687425	8359847	1686814	6673033	1969452869	366442
13199635651	685292	17	8	687426	8360278	1686871	6673407	1969494583	366442
13200530041	685292	21	8	687426	8360717	1686930	6673787	1969537531	366442
13201508267	685292	23	8	687426	8361145	1686991	6674154	1969579467	366442
13202125157	685295	23	8	687429	8361578	1687057	6674521	1969637418	366443
13202919097	685295	22	8	687429	8362002	1687111	6674891	1969679379	366443
13203676109	685295	18	8	687429	8362423	1687167	6675256	1969722162	366443
13204324894	685295	20	8	687429	8362855	1687237	6675618	1969764474	366443
13204920960	685295	20	8	687429	8363301	1687309	6675992	1969807945	366443
13205647989	685295	23	8	687429	8363746	1687378	6676368	1969851933	366443
13206605211	685295	18	8	687429	8364181	1687444	6676737	1969894548	366443
13207253656	685295	24	8	687429	8364623	1687505	6677118	1969937538	366443
13207992179	685295	19	8	687429	8365056	1687572	6677484	1969979839	366443
13208648891	685295	18	8	687429	8365479	1687635	6677844	1970021773	366443
13209387194	685295	23	8	687429	8365943	1687717	6678226	1970065811	366443
13210186181	685295	22	8	687429	8366376	1687785	6678591	1970108762	366443
13210940609	685295	22	8	687429	8366814	1687857	6678957	1970152003	366443
13211637006	685295	21	8	687429	8367249	1687924	6679325	1970195067	366443
13212557987	685295	24	8	687429	8367695	1687997	6679698	1970237906	366443
13213330268	685295	24	8	687429	8368150	1688077	6680073	1970282425	366443
13214152272	685295	23	8	687429	8368572	1688130	6680442	1970324538	366443
13215011188	685295	22	8	687429	8368999	1688195	6680804	1970366662	366443
13215667681	685295	20	8	687429	8369427	1688260	6681167	1970408274	366443
13216542902	685295	21	8	687429	8369859	1688323	6681536	1970451337	366443
13217325502	685295	19	8	687429	8370281	1688372	6681909	1970492678	366443
13217979957	685295	21	8	687429	8370707	1688431	6682276	1970534682	366443
13218753066	685295	23	8	687429	8371148	1688497	6682651	1970577835	366443
13219668673	685295	25	8	687429	8371570	1688553	6683017	1970620313	366443
13220547560	685295	19	8	687429	8372001	1688613	6683388	1970662867	366443
13221150565	685295	23	8	687429	8372457	1688693	6683764	1970706901	366443
13221794759	685295	22	8	687429	8372888	1688765	6684123	1970749733	366443
13222423942	685295	24	8	687429	8373305	1688820	6684485	1970792077	366443
13222983626	685295	15	8	687429	8373721	1688884	6684837	1970833601	366443
13223810869	685295	21	8	687429	8374172	1688953	6685219	1970876854	366443
13224618244	685295	21	8	687429	8374619	1689009	6685610	1970919826	366443
13225376813	685296	24	8	687430	8375055	1689064	6685991	1970962806	366443
13226178305	685296	20	8	687430	8375473	1689114	6686359	1971004730	366443
13227002564	685296	24	8	687430	8375933	1689192	6686741	1971048434	366443
13227669363	685296	17	8	687430	8376350	1689251	6687099	1971089970	366443
13228288514	685296	22	8	687430	8376791	1689316	6687475	1971132822	366443
13229045784	685296	21	8	687430	8377215	1689382	6687833	1971174362	366443
13229853370	685296	26	8	687430	8377660	1689444	6688216	1971217175	366443
13230513117	685296	21	8	687430	8378072	1689507	6688565	1971258580	366443
13231203292	685296	19	8	687430	8378500	1689574	6688926	1971301090	366443
13231869575	685296	21	8	687430	8378917	1689632	6689285	1971342888	366443
13232810326	685296	23	8	687430	8379368	1689703	6689665	1971386988	366443
13233795479	685296	19	8	687430	8379838	1689774	6690064	1971431450	366443
13234570206	685296	27	8	687430	8380272	1689845	6690427	1971474196	366443
13235201026	685296	22	8	687430	8380699	1689916	6690783	1971516540	366443
13236001811	685296	20	8	687430	8381135	1689986	6691149	1971559663	366443
13236765447	685296	23	8	687430	8381570	1690046	6691524	1971601922	366443
13237497518	685296	24	8	687430	8382011	1690109	6691902	1971645239	366443
13238325966	685296	22	8	687430	8382436	1690171	6692265	1971687855	366443
13239066355	685296	19	8	687430	8382860	1690240	6692620	1971730539	366443
13239619113	685296	21	8	687430	8383276	1690301	6692975	1971771933	366443
13240564909	685296	22	8	687430	8383736	1690369	6693367	1971815927	366443
13241229766	685296	25	8	687430	8384189	1690443	6693746	1971859358	366443
13241991707	685296	24	8	687430	8384646	1690508	6694138	1971903215	366443
13242867058	685296	24	8	687430	8385079	1690578	6694501	1971945385	366443
13243818279	685296	24	8	687430	8385510	1690637	6694873	1971988446	366443
13244378945	685296	20	8	687430	8385916	1690697	6695219	1972029117	366443
13245043968	685296	19	8	687430	8386362	1690765	6695597	1972073267	366443
13245737469	685296	20	8	687430	8386788	1690833	6695955	1972115074	366443
13246497231	685296	23	8	687430	8387228	1690901	6696327	1972159089	366443
13247312691	685296	18	8	687430	8387651	1690968	6696683	1972200850	366443
13248024717	685296	23	8	687430	8388088	1691027	6697061	1972243554	366443
13248806598	685296	15	8	687430	8388511	1691092	6697419	1972284558	366443
13249526110	685296	22	8	687430	8388954	1691157	6697797	1972327736	366443
13250282857	685296	16	8	687430	8389373	1691208	6698165	1972369450	366443
13250883912	685296	19	8	687430	8389814	1691282	6698532	1972413358	366443
13251804899	685296	18	8	687430	8390240	1691336	6698904	1972454813	366443
13252401204	685296	18	8	687430	8390658	1691388	6699270	1972496447	366443
13253157568	685296	18	8	687430	8391103	1691456	6699647	1972538924	366443
13253818115	685296	24	8	687430	8391554	1691527	6700027	1972582640	366443
13254712078	685296	23	8	687430	8391994	1691590	6700404	1972625329	366443
13255510195	685296	21	8	687430	8392421	1691656	6700765	1972667597	366443
13256057885	685296	23	8	687430	8392834	1691709	6701125	1972708815	366443
13256611407	685296	23	8	687430	8393257	1691778	6701479	1972750979	366443
13257410918	685296	24	8	687430	8393682	1691830	6701852	1972793097	366443
13258051777	685296	22	8	687430	8394101	1691896	6702205	1972834710	366443
13258900638	685296	22	8	687430	8394510	1691941	6702569	1972875908	366443
13259744723	685296	22	8	687430	8394940	1692004	6702936	1972918870	366443
13260600403	685296	20	8	687430	8395373	1692061	6703312	1972961085	366443
13261359199	685296	21	8	687430	8395821	1692135	6703686	1973004584	366443
13262118792	685296	21	8	687430	8396255	1692195	6704060	1973047074	366443
13262949762	685296	20	8	687430	8396687	1692256	6704431	1973089998	366443
13263669220	685296	23	8	687430	8397107	1692313	6704794	1973131584	366443
13264462678	685296	22	8	687430	8397544	1692378	6705166	1973174575	366443
13265419328	685296	25	8	687430	8397990	1692448	6705542	1973217299	366443
13266332073	685296	24	8	687430	8398446	1692524	6705922	1973261073	366443
13267066480	685296	26	8	687430	8398873	1692589	6706284	1973303121	366443
13268018009	685296	22	8	687430	8399317	1692661	6706656	1973346836	366443
13268613921	685296	22	8	687430	8399736	1692721	6707015	1973387848	366443
13269154550	685296	18	8	687430	8400140	1692782	6707358	1973429677	366443
13269805274	685296	19	8	687430	8400571	1692839	6707732	1973471515	366443
13270528912	685296	20	8	687430	8401005	1692907	6708098	1973514851	366443
13271107672	685296	22	8	687430	8401429	1692973	6708456	1973556815	366443
13271715332	685296	21	8	687430	8401887	1693047	6708840	1973600847	366443
13272426650	685296	23	8	687430	8402336	1693110	6709226	1973643722	366443
13273063295	685296	19	8	687430	8402769	1693175	6709594	1973686721	366443
13273678136	685296	21	8	687430	8403207	1693239	6709968	1973729006	366443
13274318425	685296	21	8	687430	8403628	1693305	6710323	1973772107	366443
13275163795	685296	20	8	687430	8404064	1693373	6710691	1973814624	366443
13275744966	685296	21	8	687430	8404488	1693435	6711053	1973856830	366443
13276332859	685296	25	8	687430	8404912	1693490	6711422	1973898960	366443
13277069626	685296	19	8	687430	8405321	1693542	6711779	1973940736	366443
13277893204	685296	23	8	687430	8405766	1693608	6712158	1973983219	366443
13278678533	685296	20	8	687430	8406183	1693667	6712516	1974025149	366443
13279591239	685296	24	8	687430	8406601	1693722	6712879	1974065690	366443
13280365006	685297	24	8	687431	8407037	1693786	6713251	1974109403	366443
13280859208	685297	21	8	687431	8407447	1693844	6713603	1974151057	366443
13281574866	685297	21	8	687431	8407880	1693909	6713971	1974193955	366443
13282187476	685297	24	8	687431	8408314	1693982	6714332	1974236116	366443
13282898049	685297	22	8	687431	8408740	1694046	6714694	1974279139	366443
13283733202	685297	22	8	687431	8409168	1694103	6715065	1974320906	366443
13284515751	685297	19	8	687431	8409597	1694162	6715435	1974363511	366443
13284953806	685297	17	8	687431	8410017	1694228	6715789	1974404363	366443
13285706502	685297	19	8	687431	8410443	1694281	6716162	1974446777	366443
13286394182	685297	21	8	687431	8410883	1694340	6716543	1974489264	366443
13287249538	685297	20	8	687431	8411310	1694400	6716910	1974532149	366443
13287888052	685297	22	8	687431	8411746	1694470	6717276	1974574920	366443
13288559021	685297	20	8	687431	8412194	1694544	6717650	1974618415	366443
13289159246	685297	21	8	687431	8412608	1694598	6718010	1974659769	366443
13289732775	685297	19	8	687431	8413016	1694665	6718351	1974701427	366443
13290415412	685297	21	8	687431	8413462	1694736	6718726	1974744670	366443
13291065339	685297	22	8	687431	8413909	1694795	6719114	1974787792	366443
13291692930	685297	23	8	687431	8414331	1694859	6719472	1974829783	366443
13292249723	685297	22	8	687431	8414751	1694922	6719829	1974872191	366443
13293046638	685297	27	8	687431	8415185	1694979	6720206	1974913965	366443
13293679503	685297	19	8	687431	8415608	1695047	6720561	1974956503	366443
13294335531	685297	23	8	687431	8416041	1695110	6720931	1974999164	366443
13295087201	685297	22	8	687431	8416481	1695172	6721309	1975041916	366443
13295988075	685297	27	8	687431	8416936	1695238	6721698	1975085349	366443
13296574325	685297	20	8	687431	8417341	1695289	6722052	1975127308	366443
13297334846	685297	23	8	687431	8417764	1695351	6722413	1975169258	366443
13298305947	685297	22	8	687431	8418191	1695416	6722775	1975212009	366443
13299170954	685297	25	8	687431	8418627	1695480	6723147	1975254777	366443
13299850786	685297	20	8	687431	8419045	1695536	6723509	1975296755	366443
13300518500	685299	23	8	687433	8419478	1695609	6723869	1975357894	366444
13301217037	685299	18	8	687433	8419903	1695673	6724230	1975399984	366444
13301950610	685299	22	8	687433	8420347	1695747	6724600	1975443371	366444
13302690996	685299	23	8	687433	8420793	1695817	6724976	1975486995	366444
13303407613	685299	22	8	687433	8421230	1695885	6725345	1975529484	366444
13304018866	685299	19	8	687433	8421665	1695954	6725711	1975572407	366444
13304747464	685299	22	8	687433	8422102	1696025	6726077	1975615437	366444
13305290608	685299	24	8	687433	8422524	1696090	6726434	1975657336	366444
13305870327	685299	23	8	687433	8422953	1696154	6726799	1975699114	366444
13306691871	685299	22	8	687433	8423392	1696224	6727168	1975742076	366444
13307287179	685299	20	8	687433	8423816	1696289	6727527	1975783757	366444
13307989625	685299	20	8	687433	8424252	1696351	6727901	1975826453	366444
13308662105	685299	21	8	687433	8424680	1696419	6728261	1975868470	366444
13309309349	685299	22	8	687433	8425114	1696473	6728641	1975911403	366444
13310057482	685299	24	8	687433	8425550	1696547	6729003	1975954764	366444
13310837592	685299	17	8	687433	8425972	1696601	6729371	1975996982	366444
13311590063	685299	20	8	687433	8426400	1696673	6729727	1976038553	366444
13312305393	685299	20	8	687433	8426847	1696740	6730107	1976082471	366444
13312902094	685299	22	8	687433	8427268	1696804	6730464	1976124874	366444
13313508102	685299	17	8	687433	8427709	1696873	6730836	1976167774	366444
13314293733	685299	22	8	687433	8428158	1696943	6731215	1976211354	366444
13315044779	685299	18	8	687433	8428588	1696999	6731589	1976253778	366444
13315694263	685299	22	8	687433	8429030	1697073	6731957	1976296757	366444
13316412942	685299	19	8	687433	8429447	1697130	6732317	1976338656	366444
13317030986	685299	24	8	687433	8429875	1697189	6732686	1976381005	366444
13317661013	685299	22	8	687433	8430302	1697258	6733044	1976423136	366444
13318349286	685299	24	8	687433	8430724	1697331	6733393	1976465706	366444
13318968312	685299	19	8	687433	8431146	1697394	6733752	1976508220	366444
13319550601	685299	20	8	687433	8431562	1697454	6734108	1976549829	366444
13320677951	685299	19	8	687433	8432004	1697520	6734484	1976592320	366444
13321350001	685299	22	8	687433	8432439	1697577	6734862	1976635304	366444
13322070098	685299	18	8	687433	8432884	1697641	6735243	1976678574	366444
13322743869	685299	18	8	687433	8433302	1697700	6735602	1976720488	366444
13323488627	685299	18	8	687433	8433721	1697754	6735967	1976761964	366444
13324249579	685299	18	8	687433	8434135	1697813	6736322	1976803673	366444
13324921994	685299	20	8	687433	8434553	1697866	6736687	1976845019	366444
13325824241	685299	25	8	687433	8435002	1697929	6737073	1976888599	366444
13326558515	685299	19	8	687433	8435406	1697989	6737417	1976929054	366444
13327509437	685299	26	8	687433	8435850	1698056	6737794	1976972455	366444
13328075266	685299	22	8	687433	8436279	1698126	6738153	1977015138	366444
13328677528	685299	21	8	687433	8436703	1698191	6738512	1977057447	366444
13329237306	685299	18	8	687433	8437121	1698261	6738860	1977099222	366444
13329929754	685299	22	8	687433	8437553	1698327	6739226	1977142134	366444
13330712622	685299	21	8	687433	8437988	1698393	6739595	1977184881	366444
13331495360	685299	23	8	687433	8438438	1698455	6739983	1977228255	366444
13332001151	685299	18	8	687433	8438858	1698529	6740329	1977270257	366444
13332790103	685299	21	8	687433	8439296	1698597	6740699	1977313241	366444
13333734078	685299	16	8	687433	8439725	1698646	6741079	1977355292	366444
13334535378	685299	20	8	687433	8440174	1698715	6741459	1977398862	366444
13335358005	685299	20	8	687433	8440611	1698776	6741835	1977441276	366444
13336061655	685299	18	8	687433	8441042	1698841	6742201	1977484190	366444
13336756292	685299	18	8	687433	8441485	1698902	6742583	1977526799	366444
13337600717	685299	20	8	687433	8441923	1698983	6742940	1977569035	366444
13338256799	685299	22	8	687433	8442357	1699047	6743310	1977611232	366444
13339035584	685299	24	8	687433	8442782	1699109	6743673	1977653548	366444
13339630515	685299	22	8	687433	8443215	1699176	6744039	1977696636	366444
13340321276	685299	24	8	687433	8443632	1699226	6744406	1977738067	366444
13341187969	685299	21	8	687433	8444067	1699292	6744775	1977781025	366444
13341837123	685299	21	8	687433	8444502	1699348	6745154	1977824354	366444
13342775175	685299	22	8	687433	8444957	1699421	6745536	1977867779	366444
13343429358	685300	23	8	687434	8445384	1699488	6745896	1977910361	366444
13344049635	685301	23	8	687435	8445817	1699548	6746269	1977952903	366444
13344574733	685301	23	8	687435	8446228	1699604	6746624	1977995312	366444
13345558260	685301	21	8	687435	8446666	1699668	6746998	1978037731	366444
13346403604	685301	21	8	687435	8447091	1699731	6747360	1978079705	366444
13347289964	685301	27	8	687435	8447510	1699788	6747722	1978120992	366444
13347993260	685301	23	8	687435	8447929	1699845	6748084	1978163265	366444
13348771429	685301	27	8	687435	8448352	1699897	6748455	1978204682	366444
13349667892	685301	24	8	687435	8448785	1699958	6748827	1978248285	366444
13350367672	685301	23	8	687435	8449196	1700025	6749171	1978289298	366444
13351122458	685301	22	8	687435	8449613	1700084	6749529	1978330256	366444
13351929022	685301	19	8	687435	8450046	1700148	6749898	1978372933	366444
13352602401	685301	24	8	687435	8450489	1700207	6750282	1978416482	366444
13353437445	685301	22	8	687435	8450919	1700277	6750642	1978458471	366444
13354131439	685301	22	8	687435	8451351	1700346	6751005	1978501250	366444
13354791813	685301	19	8	687435	8451779	1700414	6751365	1978544117	366444
13355575026	685301	18	8	687435	8452223	1700476	6751747	1978587408	366444
13356232563	685301	19	8	687435	8452660	1700538	6752122	1978629583	366444
13356957956	685301	18	8	687435	8453097	1700601	6752496	1978672653	366444
13357743775	685301	21	8	687435	8453545	1700680	6752865	1978715879	366444
13358619138	685301	20	8	687435	8454006	1700753	6753253	1978760361	366444
13359182970	685301	22	8	687435	8454443	1700822	6753621	1978802990	366444
13359875124	685301	21	8	687435	8454885	1700892	6753993	1978846345	366444
13360810397	685301	25	8	687435	8455333	1700959	6754374	1978889266	366444
13361368074	685301	23	8	687435	8455781	1701038	6754743	1978932742	366444
13361978427	685302	25	8	687436	8456209	1701110	6755099	1978975169	366444
13362731607	685302	21	8	687436	8456655	1701189	6755466	1979019814	366444
13363690190	685302	25	8	687436	8457091	1701255	6755836	1979062177	366444
13364145221	685302	17	8	687436	8457506	1701317	6756189	1979103874	366444
13365152032	685302	22	8	687436	8457967	1701386	6756581	1979147171	366444
13365788769	685302	21	8	687436	8458395	1701443	6756952	1979189215	366444
13366512419	685302	24	8	687436	8458823	1701506	6757317	1979231788	366444
13367288216	685302	19	8	687436	8459279	1701573	6757706	1979275715	366444
13368025368	685305	20	8	687439	8459709	1701631	6758078	1979318227	366441
13368649442	685305	19	8	687439	8460144	1701704	6758440	1979360941	366441
13369310341	685306	22	8	687440	8460580	1701770	6758810	1979409949	366442
13369958466	685306	20	8	687440	8461028	1701839	6759189	1979453280	366442
13370898383	685306	22	8	687440	8461468	1701902	6759566	1979496634	366442
13371616485	685306	21	8	687440	8461895	1701966	6759929	1979538961	366442
13372269288	685306	24	8	687440	8462343	1702042	6760301	1979582365	366442
13372766548	685307	20	8	687441	8462772	1702104	6760668	1979629607	366443
13373748796	685307	25	8	687441	8463217	1702172	6761045	1979672726	366443
13374411710	685307	20	8	687441	8463623	1702232	6761391	1979714229	366443
13375187841	685307	25	8	687441	8464059	1702294	6761765	1979756414	366443
13375879245	685307	22	8	687441	8464494	1702369	6762125	1979799395	366443
13376617275	685307	27	8	687441	8464923	1702433	6762490	1979841561	366443
13377274983	685307	20	8	687441	8465354	1702502	6762852	1979884578	366443
13378085123	685307	21	8	687441	8465785	1702559	6763226	1979927056	366443
13378776184	685307	20	8	687441	8466236	1702628	6763608	1979970293	366443
13379368973	685307	21	8	687441	8466673	1702701	6763972	1980013337	366443
13380364123	685307	18	8	687441	8467109	1702762	6764347	1980055716	366443
13381160558	685307	23	8	687441	8467530	1702818	6764712	1980097259	366443
13381937488	685307	20	8	687441	8467966	1702888	6765078	1980140188	366443
13382685208	685307	24	8	687441	8468412	1702955	6765457	1980183157	366443
13383250350	685307	24	8	687441	8468850	1703019	6765831	1980225802	366443
13383833119	685307	23	8	687441	8469262	1703088	6766174	1980267782	366443
13384404287	685307	19	8	687441	8469675	1703156	6766519	1980309377	366443
13384919646	685308	22	8	687442	8470104	1703220	6766884	1980355692	366444
13385811031	685308	23	8	687442	8470563	1703302	6767261	1980399632	366444
13386561607	685308	26	8	687442	8471007	1703369	6767638	1980442637	366444
13387275054	685308	26	8	687442	8471454	1703445	6768009	1980486196	366444
13388057378	685308	25	8	687442	8471890	1703522	6768368	1980529704	366444
13388923091	685308	21	8	687442	8472303	1703583	6768720	1980571303	366444
13389522766	685308	21	8	687442	8472714	1703646	6769068	1980612485	366444
13390177131	685308	23	8	687442	8473149	1703703	6769446	1980655438	366444
13390866595	685308	25	8	687442	8473577	1703768	6769809	1980697441	366444
13391491257	685308	22	8	687442	8474020	1703849	6770171	1980740684	366444
13392064976	685308	23	8	687442	8474447	1703916	6770531	1980783013	366444
13392883183	685308	18	8	687442	8474896	1703990	6770906	1980826363	366444
13394033446	685308	22	8	687442	8475351	1704059	6771292	1980870178	366444
13394792693	685309	22	8	687443	8475789	1704121	6771668	1980912374	366443
13395779716	685309	23	8	687443	8476237	1704197	6772040	1980955961	366443
13396347896	685309	22	8	687443	8476660	1704261	6772399	1980998112	366443
13396915180	685309	25	8	687443	8477082	1704324	6772758	1981039887	366443
13397785282	685309	23	8	687443	8477511	1704390	6773121	1981082815	366443
13398632879	685309	25	8	687443	8477947	1704464	6773483	1981125507	366443
13399451679	685309	23	8	687443	8478386	1704529	6773857	1981168369	366443
13400302423	685309	25	8	687443	8478845	1704601	6774244	1981212216	366443
13401178777	685309	22	8	687443	8479296	1704672	6774624	1981255778	366443
13401854665	685309	28	8	687443	8479710	1704739	6774971	1981297589	366443
13402629467	685309	22	8	687443	8480140	1704801	6775339	1981340134	366443
13403304885	685309	25	8	687443	8480578	1704861	6775717	1981383336	366443
13404186447	685309	24	8	687443	8481024	1704926	6776098	1981425893	366443
13404791314	685309	26	8	687443	8481458	1704994	6776464	1981468431	366443
13405784947	685309	22	8	687443	8481885	1705052	6776833	1981511116	366443
13406545755	685309	19	8	687443	8482300	1705108	6777192	1981553040	366443
13407689998	685309	19	8	687443	8482742	1705174	6777568	1981595676	366443
13408421803	685309	21	8	687443	8483174	1705242	6777932	1981639009	366443
13409253789	685309	21	8	687443	8483598	1705300	6778298	1981681222	366443
13410016594	685309	20	8	687443	8484020	1705363	6778657	1981722805	366443
13410775800	685309	24	8	687443	8484456	1705434	6779022	1981765292	366443
13411408600	685309	24	8	687443	8484892	1705494	6779398	1981807429	366443
13412175620	685309	23	8	687443	8485310	1705551	6779759	1981849473	366443
13412724060	685309	24	8	687443	8485731	1705614	6780117	1981891765	366443
13413773395	685309	26	8	687443	8486179	1705686	6780493	1981935134	366443
13414439103	685309	21	8	687443	8486620	1705754	6780866	1981978668	366443
13415258722	685309	24	8	687443	8487064	1705825	6781239	1982021644	366443
13416285742	685309	22	8	687443	8487507	1705887	6781620	1982065009	366443
13416920353	685310	25	8	687444	8487936	1705959	6781977	1982107594	366443
13417626707	685310	21	8	687444	8488362	1706021	6782341	1982149931	366443
13418392688	685310	19	8	687444	8488788	1706078	6782710	1982191614	366443
13419011487	685310	21	8	687444	8489227	1706137	6783090	1982234635	366443
13419735567	685310	23	8	687444	8489656	1706200	6783456	1982276708	366443
13420360409	685310	22	8	687444	8490092	1706260	6783832	1982320096	366443
13421036309	685310	21	8	687444	8490517	1706331	6784186	1982362200	366443
13421611004	685310	16	8	687444	8490939	1706393	6784546	1982404596	366443
13422524353	685310	21	8	687444	8491383	1706461	6784922	1982447000	366443
13423278253	685310	23	8	687444	8491826	1706528	6785298	1982490348	366443
13423762778	685310	22	8	687444	8492224	1706588	6785636	1982530295	366443
13424561617	685310	24	8	687444	8492653	1706647	6786006	1982573346	366443
13425150615	685310	24	8	687444	8493085	1706712	6786373	1982615913	366443
13425781369	685310	20	8	687444	8493502	1706780	6786722	1982658593	366443
13426431520	685310	21	8	687444	8493934	1706840	6787094	1982700410	366443
13426934005	685310	24	8	687444	8494386	1706906	6787480	1982744703	366443
13427726430	685310	23	8	687444	8494808	1706960	6787848	1982785902	366443
13428609694	685310	22	8	687444	8495227	1707019	6788208	1982828665	366443
13429243969	685310	20	8	687444	8495642	1707076	6788566	1982870041	366443
13429932814	685310	19	8	687444	8496072	1707146	6788926	1982912843	366443
13430494270	685310	21	8	687444	8496494	1707205	6789289	1982954629	366443
13431089848	685310	24	8	687444	8496939	1707269	6789670	1982998450	366443
13431823425	685310	24	8	687444	8497353	1707328	6790025	1983039913	366443
13432694701	685310	19	8	687444	8497803	1707405	6790398	1983084366	366443
13433214697	685310	17	8	687444	8498219	1707473	6790746	1983125309	366443
13433981691	685310	24	8	687444	8498668	1707534	6791134	1983168435	366443
13434509026	685310	21	8	687444	8499069	1707592	6791477	1983208674	366443
13435057550	685310	21	8	687444	8499497	1707646	6791851	1983250460	366443
13435710558	685310	22	8	687444	8499888	1707694	6792194	1983290577	366443
13436448134	685310	22	8	687444	8500326	1707758	6792568	1983333906	366443
13437156470	685310	21	8	687444	8500771	1707823	6792948	1983376878	366443
13438119683	685310	19	8	687444	8501192	1707882	6793310	1983419058	366443
13438961291	685310	22	8	687444	8501619	1707935	6793684	1983460901	366443
13439730944	685310	24	8	687444	8502056	1707999	6794057	1983503618	366443
13440556605	685310	15	8	687444	8502475	1708071	6794404	1983544728	366443
13441345888	685310	18	8	687444	8502938	1708138	6794800	1983588940	366443
13441897883	685310	20	8	687444	8503364	1708200	6795164	1983630687	366443
13442853921	685310	22	8	687444	8503809	1708271	6795538	1983673948	366443
13443638643	685310	23	8	687444	8504229	1708331	6795898	1983715787	366443
13444271658	685310	21	8	687444	8504659	1708383	6796276	1983758077	366443
13444901531	685310	24	8	687444	8505088	1708454	6796634	1983800790	366443
13445526581	685310	24	8	687444	8505531	1708521	6797010	1983843698	366443
13446076032	685310	23	8	687444	8505944	1708578	6797366	1983885331	366443
13446738983	685310	22	8	687444	8506372	1708641	6797731	1983928431	366443
13447673213	685310	20	8	687444	8506800	1708698	6798102	1983970571	366443
13448305583	685310	22	8	687444	8507235	1708765	6798470	1984013088	366443
13448890392	685310	25	8	687444	8507655	1708829	6798826	1984054748	366443
13449481391	685312	22	8	687446	8508098	1708904	6799194	1984098149	366442
13450158730	685312	23	8	687446	8508519	1708970	6799549	1984140683	366442
13450656133	685312	17	8	687446	8508935	1709029	6799906	1984182386	366442
13451310772	685312	21	8	687446	8509370	1709092	6800278	1984224476	366442
13452092461	685312	21	8	687446	8509794	1709152	6800642	1984266531	366442
13452801507	685312	21	8	687446	8510218	1709219	6800999	1984307999	366442
13453505711	685312	20	8	687446	8510644	1709272	6801372	1984350494	366442
13454214017	685312	25	8	687446	8511085	1709333	6801752	1984393352	366442
13454876947	685314	20	8	687448	8511512	1709390	6802122	1984439951	366441
13455733847	685314	24	8	687448	8511942	1709455	6802487	1984482638	366441
13456527373	685314	20	8	687448	8512371	1709518	6802853	1984525150	366441
13457183779	685314	24	8	687448	8512809	1709586	6803223	1984567715	366441
13457867614	685314	20	8	687448	8513231	1709642	6803589	1984609363	366441
13458897093	685314	25	8	687448	8513706	1709705	6804001	1984654109	366441
13459694220	685314	19	8	687448	8514151	1709784	6804367	1984697385	366441
13460484064	685314	22	8	687448	8514565	1709835	6804730	1984738874	366441
13461422947	685314	19	8	687448	8515024	1709907	6805117	1984782421	366441
13462310775	685314	24	8	687448	8515471	1709976	6805495	1984826025	366441
13463029681	685314	19	8	687448	8515902	1710035	6805867	1984868768	366441
13463647480	685314	21	8	687448	8516328	1710098	6806230	1984910784	366441
13464526960	685314	17	8	687448	8516772	1710156	6806616	1984954082	366441
13465264069	685314	20	8	687448	8517225	1710234	6806991	1984997800	366441
13466001013	685314	19	8	687448	8517660	1710302	6807358	1985040847	366441
13466606375	685314	21	8	687448	8518098	1710367	6807731	1985083219	366441
13467353082	685314	19	8	687448	8518516	1710426	6808090	1985125374	366441
13468286313	685314	23	8	687448	8518968	1710497	6808471	1985168946	366441
13468799674	685314	20	8	687448	8519403	1710572	6808831	1985211410	366441
13469425691	685314	24	8	687448	8519849	1710647	6809202	1985253961	366441
13470059726	685314	20	8	687448	8520275	1710712	6809563	1985296989	366441
13470767707	685314	23	8	687448	8520706	1710785	6809921	1985339602	366441
13471419714	685314	19	8	687448	8521143	1710866	6810277	1985382334	366441
13471879698	685314	22	8	687448	8521571	1710930	6810641	1985424554	366441
13472797749	685314	21	8	687448	8522015	1710994	6811021	1985467597	366441
13473499299	685315	26	8	687449	8522470	1711064	6811406	1985511530	366440
13474416124	685315	21	8	687449	8522902	1711124	6811778	1985554167	366440
13475092884	685315	23	8	687449	8523347	1711193	6812154	1985597098	366440
13475735891	685315	21	8	687449	8523787	1711254	6812533	1985640322	366440
13476491225	685315	21	8	687449	8524207	1711310	6812897	1985681838	366440
13477154989	685315	19	8	687449	8524618	1711359	6813259	1985723231	366440
13477994224	685315	21	8	687449	8525055	1711419	6813636	1985765759	366440
13478631079	685315	20	8	687449	8525497	1711483	6814014	1985808779	366440
13479504661	685315	23	8	687449	8525938	1711540	6814398	1985851891	366440
13480153428	685315	15	8	687449	8526375	1711610	6814765	1985894951	366440
13480911060	685315	22	8	687449	8526809	1711668	6815141	1985937189	366440
13481579116	685315	20	8	687449	8527223	1711724	6815499	1985978487	366440
